Sample	1	2	3	4	5	6	7	8	9	10	11	12	13	14	15	16	17	18	19	20	21	22	23	24	25	26	27	28	29	30	31	32	33	34	35	36	37	38	39	40	41	42	43	44	45	46	47	48	49	50	51	52	53	54	55	56	57	58	59	60	61	62	63	64	65	66	67	68	69	70	71	72	73	74	75	76	77	78	79	80	81	82	83	84	85	86	87	88	89	90	91	92	93	94	95	96	97	98	99	100	101	102	103	104	105	106	107	108	109	110	111	112	113	114	115	116	117	118	119	120	121	122	123	124	125	126	127	128	129	130	131	132	133	134	135	136	137	138	139	140	141	142	143	144	145	146	147	148	149	150
Sin-APnd_001-Ex1-6G-lcwgs-1-2.clmp.r1r2_fastp	39.225	38.9671	39.2654	39.2731	39.3184	39.3046	39.2076	39.2867	39.2772	39.2606	39.3145	39.1031	39.2452	39.2081	39.2573	39.4309	39.4723	39.4199	39.3894	39.3989	39.4475	39.41	39.3748	39.3605	39.2996	39.2082	39.145	39.2327	39.266	39.1939	39.1691	39.1937	39.1657	39.1437	39.1518	39.1646	39.089	39.0726	39.1814	39.1603	39.1424	39.1231	38.9959	39.0593	38.9441	38.7627	39.1121	38.9556	38.9877	38.8702	38.9876	38.7982	38.6432	38.886	38.7806	38.6573	38.598	38.6454	38.6056	38.6008	38.5556	38.5795	38.5846	38.6353	38.4986	38.7159	38.6338	38.554	38.4875	38.5167	38.6064	38.7153	38.7631	38.7879	38.7827	38.7688	38.7614	38.7646	38.7478	38.7503	38.7195	38.7309	38.7175	38.7127	38.7011	38.692	38.6909	38.6702	38.652	38.6304	38.6221	38.596	38.5864	38.5587	38.5323	38.5061	38.4894	38.4387	38.4085	38.3704	38.307	38.2234	38.1214	38.0066	37.8991	37.7294	37.6021	37.4976	37.377	37.2313	37.0768	36.9104	36.7241	36.5519	36.3558	36.1337	35.8816	35.6932	35.4637	35.2256	35.0467	34.7771	34.5132	34.2895	33.9689	33.6716	33.5433	33.2122	33.0808	32.9103	32.5878	32.3122	32.1033	31.9494	31.708	31.5351	31.2513	31.0465	30.8357	30.4656	30.3338	30.3363	30.2655	30.141	30.114	30.0356	30.0298	30.2669	30.8411	33.4583
Sin-APnd_002-Ex1-3G-lcwgs-1-2.clmp.r1r2_fastp	39.3343	39.0374	39.3372	39.3412	39.3825	39.3688	39.2806	39.3601	39.3481	39.3329	39.3867	39.1765	39.3237	39.2804	39.3335	39.5026	39.544	39.4928	39.4738	39.479	39.5247	39.4926	39.4582	39.4459	39.3918	39.3322	39.2832	39.3607	39.3904	39.3266	39.3085	39.3355	39.3033	39.2896	39.2993	39.3125	39.2507	39.2414	39.3313	39.3142	39.2999	39.2887	39.1777	39.2147	39.1357	38.9693	39.2886	39.1544	39.1824	39.0808	39.1872	39.0256	38.8902	39.1087	39.0144	38.9079	38.8582	38.906	38.8793	38.8741	38.8278	38.8563	38.8645	38.9098	38.7935	38.9852	38.9157	38.8446	38.7805	38.8067	38.8875	38.9807	39.0239	39.0489	39.043	39.0332	39.0298	39.0305	39.0095	39.0162	38.9892	38.9995	38.9816	38.9816	38.9744	38.9676	38.965	38.9481	38.9316	38.9211	38.9084	38.8865	38.8779	38.8561	38.8335	38.8117	38.8043	38.7601	38.732	38.7017	38.6457	38.5803	38.4921	38.3937	38.3015	38.1494	38.0298	37.9392	37.8276	37.7004	37.5546	37.397	37.2223	37.0498	36.8636	36.6501	36.395	36.2083	35.9753	35.7371	35.5541	35.2864	35.01	34.7852	34.4664	34.1684	34.0136	33.6782	33.5167	33.3359	33.0151	32.7387	32.4986	32.3299	32.0606	31.8905	31.5962	31.3793	31.1469	30.7533	30.6096	30.592	30.4953	30.3597	30.3242	30.2496	30.2328	30.421	30.9273	33.4842
Sin-APnd_003-Ex1-3H-lcwgs-1-2.clmp.r1r2_fastp	39.295	39.0504	39.3418	39.3294	39.3794	39.3355	39.2707	39.3281	39.3327	39.3238	39.3724	39.1765	39.314	39.2778	39.3226	39.486	39.5257	39.478	39.4587	39.462	39.5038	39.471	39.4386	39.4292	39.3697	39.3013	39.2449	39.3254	39.3496	39.2897	39.2675	39.2925	39.2577	39.2458	39.2567	39.2676	39.1949	39.1814	39.2813	39.2608	39.2433	39.2317	39.11	39.1618	39.069	38.8998	39.2284	39.0891	39.122	39.0137	39.1177	38.9544	38.8243	39.0351	38.9327	38.8354	38.774	38.8155	38.7857	38.7752	38.7274	38.7532	38.756	38.8003	38.6776	38.8812	38.8106	38.7324	38.6677	38.6897	38.7704	38.8654	38.9096	38.9324	38.9276	38.9172	38.9123	38.9161	38.8969	38.9016	38.8705	38.8807	38.8613	38.859	38.8501	38.8414	38.8385	38.8205	38.8045	38.7913	38.7765	38.7544	38.746	38.7185	38.6969	38.6712	38.6564	38.6131	38.5823	38.5507	38.4938	38.4211	38.3294	38.2246	38.1268	37.9683	37.8475	37.7521	37.6389	37.5039	37.3561	37.196	37.0241	36.8521	36.661	36.4512	36.1961	36.0126	35.773	35.5352	35.363	35.0901	34.8173	34.5953	34.2844	33.9914	33.8488	33.5079	33.3611	33.1872	32.8653	32.5974	32.37	32.2022	31.9475	31.7747	31.4774	31.2798	31.0472	30.662	30.5245	30.5334	30.4548	30.3042	30.2876	30.2192	30.199	30.4242	30.9252	33.4544
Sin-APnd_004-Ex1-4A-lcwgs-1-2.clmp.r1r2_fastp	39.1858	38.9643	39.2365	39.2599	39.2772	39.2591	39.1955	39.2475	39.262	39.2518	39.3003	39.0908	39.2341	39.1967	39.2452	39.424	39.4618	39.4091	39.3749	39.3831	39.4292	39.3926	39.3596	39.3468	39.2859	39.1884	39.1237	39.2087	39.2417	39.1661	39.1401	39.1627	39.1358	39.1155	39.1248	39.1396	39.0582	39.0388	39.1462	39.1236	39.0986	39.0797	38.952	39.0141	38.8903	38.7041	39.0688	38.9044	38.9345	38.8088	38.9287	38.725	38.5623	38.8197	38.712	38.5822	38.518	38.5558	38.5142	38.5084	38.4609	38.4802	38.4824	38.5328	38.3878	38.6291	38.5381	38.4524	38.3805	38.4085	38.5001	38.6183	38.6658	38.6832	38.6802	38.6641	38.656	38.6603	38.6482	38.6442	38.6101	38.6168	38.6006	38.5955	38.5827	38.5779	38.5774	38.5542	38.534	38.5017	38.4935	38.4651	38.4593	38.4296	38.4025	38.3715	38.3548	38.3002	38.2727	38.2305	38.1683	38.075	37.9665	37.8433	37.7334	37.5546	37.4313	37.3246	37.2058	37.0608	36.9095	36.7403	36.5494	36.3777	36.1766	35.9631	35.7154	35.535	35.3085	35.0725	34.8865	34.6204	34.3502	34.1315	33.7952	33.5098	33.3932	33.0883	32.9561	32.7791	32.4556	32.1641	31.9547	31.8056	31.5839	31.4283	31.1502	30.9454	30.7194	30.3371	30.2102	30.2362	30.1813	30.0897	30.0356	29.9651	29.9718	30.2284	30.8659	33.5347
Sin-APnd_005-Ex1-4B-lcwgs-1-2.clmp.r1r2_fastp	39.2608	39.0495	39.3186	39.3263	39.345	39.3348	39.2854	39.3229	39.3268	39.3082	39.3601	39.1485	39.2989	39.2491	39.3027	39.4667	39.511	39.458	39.4245	39.441	39.4879	39.45	39.4174	39.3947	39.3423	39.2527	39.2007	39.2874	39.312	39.2447	39.2215	39.2512	39.2161	39.2067	39.2145	39.2246	39.1541	39.1405	39.2419	39.2261	39.1993	39.1862	39.0682	39.1165	39.0212	38.8594	39.1853	39.0338	39.0689	38.9531	39.0669	38.8854	38.7333	38.9742	38.875	38.7541	38.7048	38.7548	38.7202	38.7147	38.6705	38.6964	38.7024	38.7505	38.6276	38.8314	38.7607	38.691	38.6269	38.6556	38.7374	38.8306	38.8761	38.8988	38.8956	38.8846	38.88	38.8825	38.8659	38.8689	38.8401	38.8493	38.8338	38.8304	38.8244	38.816	38.8152	38.791	38.7773	38.7625	38.7511	38.7281	38.7206	38.696	38.6711	38.6488	38.6367	38.591	38.5622	38.5291	38.4734	38.3975	38.3042	38.2062	38.1121	37.9575	37.8471	37.7505	37.6472	37.5206	37.3792	37.2267	37.0601	36.8981	36.7186	36.5137	36.2741	36.0964	35.872	35.6472	35.4773	35.2149	34.9467	34.7285	34.4231	34.1249	33.9874	33.6685	33.5127	33.3342	33.0085	32.738	32.5046	32.35	32.0852	31.9053	31.6066	31.3918	31.1648	30.7942	30.6417	30.6453	30.5674	30.4156	30.3785	30.2961	30.2842	30.4667	30.9836	33.518
Sin-APnd_006-Ex1-4C-lcwgs-1-2.clmp.r1r2_fastp	39.2438	39.0413	39.3007	39.3156	39.377	39.3659	39.2792	39.3273	39.3259	39.3203	39.3655	39.1653	39.3045	39.263	39.3114	39.4697	39.5073	39.4604	39.4312	39.4403	39.4844	39.4505	39.4176	39.4021	39.3424	39.2599	39.2013	39.2829	39.3088	39.2416	39.2198	39.2433	39.2162	39.1985	39.2075	39.2193	39.1419	39.1237	39.2326	39.2138	39.1915	39.1754	39.0491	39.1095	39.0123	38.8455	39.1715	39.0243	39.0498	38.9365	39.0472	38.8576	38.7057	38.942	38.8523	38.7252	38.6804	38.7271	38.6858	38.6813	38.6339	38.6498	38.6562	38.7057	38.5771	38.778	38.7059	38.6351	38.5728	38.5969	38.6761	38.7685	38.8117	38.8317	38.8261	38.8154	38.8092	38.8097	38.7907	38.7918	38.7579	38.7644	38.7448	38.7402	38.7285	38.7183	38.7105	38.6875	38.668	38.6514	38.6328	38.6067	38.5949	38.5619	38.532	38.5052	38.485	38.4357	38.3992	38.3611	38.2941	38.2133	38.1107	37.9964	37.8935	37.7283	37.6025	37.5006	37.3877	37.252	37.1037	36.9491	36.7781	36.6161	36.4313	36.2257	35.9833	35.8119	35.5881	35.3636	35.2022	34.9521	34.6946	34.4939	34.1906	33.9165	33.7787	33.4566	33.3057	33.143	32.818	32.5565	32.3415	32.1855	31.9472	31.7598	31.48	31.2731	31.0485	30.6781	30.5419	30.5447	30.4546	30.3096	30.271	30.2156	30.2168	30.4143	30.954	33.532
Sin-APnd_007-Ex1-4D-lcwgs-1-2.clmp.r1r2_fastp	39.2475	39.0419	39.3087	39.3031	39.3509	39.3349	39.2405	39.2981	39.3124	39.299	39.3492	39.1411	39.2825	39.2421	39.2911	39.4668	39.5078	39.4549	39.4248	39.4361	39.4814	39.4427	39.4086	39.3961	39.3433	39.2608	39.2056	39.2868	39.3142	39.2458	39.22	39.2484	39.2221	39.2035	39.2147	39.2311	39.1659	39.1507	39.2454	39.2265	39.2045	39.1882	39.0731	39.131	39.0251	38.8395	39.1885	39.0399	39.0681	38.9542	39.0692	38.8806	38.7284	38.9703	38.8764	38.7586	38.71	38.7581	38.7169	38.7125	38.6676	38.6844	38.6928	38.7456	38.6168	38.8277	38.752	38.6753	38.6113	38.6394	38.7222	38.8261	38.8717	38.8961	38.8938	38.8852	38.8835	38.8846	38.8691	38.8734	38.8445	38.8533	38.8368	38.8325	38.8226	38.8185	38.8158	38.7949	38.7797	38.7645	38.7515	38.728	38.7171	38.6909	38.6649	38.6392	38.6219	38.5761	38.5433	38.5082	38.4439	38.3613	38.2553	38.1373	38.0256	37.8489	37.712	37.5953	37.4698	37.3204	37.157	36.9824	36.7943	36.6152	36.4157	36.1937	35.934	35.7448	35.5187	35.2825	35.1073	34.8412	34.5776	34.3622	34.0468	33.7592	33.6251	33.2944	33.1577	32.9839	32.6564	32.399	32.1817	32.0297	31.7832	31.6115	31.3227	31.1234	30.9034	30.5349	30.3928	30.3935	30.3274	30.1899	30.1764	30.0937	30.1251	30.3935	30.9696	33.5896
Sin-APnd_008-Ex1-4E-lcwgs-1-2.clmp.r1r2_fastp	39.1983	39.0063	39.2761	39.2802	39.303	39.2887	39.2347	39.2799	39.2832	39.2693	39.3166	39.1059	39.2494	39.2083	39.2564	39.4316	39.4715	39.4201	39.3863	39.3974	39.4432	39.4045	39.37	39.3545	39.2913	39.1955	39.1373	39.2223	39.2521	39.1823	39.1555	39.1774	39.1479	39.1301	39.138	39.1521	39.071	39.0521	39.1612	39.1409	39.1173	39.0973	38.9683	39.0311	38.911	38.7339	39.0843	38.9207	38.9516	38.8254	38.9444	38.7443	38.5814	38.8349	38.7252	38.5963	38.5364	38.581	38.5382	38.5336	38.485	38.5001	38.5051	38.5584	38.4174	38.6425	38.561	38.4836	38.4172	38.4455	38.5319	38.6395	38.6843	38.7065	38.7024	38.6885	38.6816	38.6811	38.6658	38.6664	38.6328	38.6444	38.6251	38.6239	38.6106	38.6049	38.6013	38.5776	38.5594	38.5385	38.5233	38.4987	38.4872	38.459	38.432	38.4007	38.3841	38.3333	38.2998	38.259	38.1936	38.1074	37.9973	37.8801	37.7711	37.589	37.4629	37.3529	37.2351	37.0934	36.9437	36.7778	36.5983	36.4326	36.2453	36.0321	35.7874	35.616	35.3928	35.1737	35.0126	34.7585	34.5063	34.3055	33.9939	33.7272	33.5973	33.2899	33.1627	32.9988	32.6928	32.4267	32.2253	32.0846	31.8349	31.6838	31.4059	31.207	31.0022	30.636	30.494	30.5048	30.4419	30.3008	30.2884	30.2364	30.2252	30.4658	31.0417	33.6342
Sin-APnd_009-Ex1-4F-lcwgs-1-2.clmp.r1r2_fastp	39.248	39.0208	39.3218	39.3192	39.3822	39.3519	39.2866	39.3275	39.3237	39.309	39.3607	39.1521	39.2971	39.2513	39.3021	39.4737	39.5126	39.4608	39.4284	39.442	39.4861	39.4497	39.4172	39.399	39.3449	39.2634	39.2095	39.2918	39.3174	39.2512	39.2258	39.2523	39.2244	39.206	39.2173	39.2321	39.1597	39.1474	39.2453	39.2286	39.2059	39.1866	39.0692	39.1226	39.0255	38.8546	39.188	39.0375	39.0652	38.9489	39.065	38.8695	38.712	38.9609	38.8707	38.7422	38.7005	38.7534	38.7156	38.7126	38.6662	38.6878	38.6954	38.7448	38.6197	38.8234	38.7501	38.6823	38.6221	38.6506	38.7313	38.8297	38.8737	38.894	38.8888	38.8805	38.8751	38.8777	38.8608	38.8667	38.8354	38.8438	38.8285	38.8262	38.8153	38.8094	38.8058	38.7853	38.7717	38.7574	38.7421	38.7194	38.7088	38.6822	38.6578	38.6324	38.6167	38.5711	38.5402	38.5091	38.4462	38.3697	38.2711	38.1628	38.0588	37.8976	37.7761	37.6824	37.5709	37.4298	37.2872	37.1256	36.9522	36.784	36.5954	36.3903	36.1462	35.9594	35.7396	35.5048	35.3305	35.0708	34.8141	34.59	34.2846	33.9956	33.8579	33.5241	33.3791	33.1992	32.8698	32.6042	32.389	32.2328	31.9787	31.7961	31.4994	31.2928	31.0577	30.6779	30.5328	30.5328	30.4597	30.3134	30.29	30.2094	30.1974	30.4058	30.9902	33.5738
Sin-APnd_010-Ex1-4G-lcwgs-1-2.clmp.r1r2_fastp	39.2391	38.9735	39.2805	39.2884	39.333	39.316	39.2181	39.2979	39.289	39.2711	39.3246	39.1089	39.2548	39.2163	39.2668	39.4473	39.4886	39.4348	39.4036	39.4148	39.4618	39.4249	39.3888	39.374	39.3183	39.2322	39.1748	39.2589	39.2927	39.2197	39.1961	39.2219	39.1942	39.1739	39.183	39.1981	39.128	39.1108	39.2143	39.1954	39.1743	39.1555	39.0358	39.0929	38.9842	38.7997	39.1476	38.9908	39.0233	38.9058	39.0266	38.8332	38.6752	38.9247	38.8244	38.6965	38.6424	38.6915	38.6538	38.651	38.6058	38.6286	38.6361	38.6869	38.5519	38.7673	38.6843	38.6056	38.5378	38.5694	38.6594	38.769	38.8162	38.8391	38.8353	38.823	38.814	38.818	38.8007	38.8034	38.7749	38.7861	38.7707	38.7673	38.7569	38.7515	38.7505	38.7271	38.7108	38.6912	38.6786	38.6581	38.6488	38.6221	38.596	38.5716	38.5549	38.5103	38.4765	38.4404	38.3827	38.2984	38.1962	38.0832	37.9746	37.8061	37.6771	37.5743	37.4545	37.3111	37.1623	36.9944	36.8083	36.6317	36.44	36.2219	35.9618	35.7778	35.5442	35.3054	35.1284	34.8556	34.5887	34.3718	34.036	33.74	33.6153	33.2933	33.1468	32.963	32.6365	32.3445	32.1264	31.9847	31.7398	31.5629	31.261	31.0476	30.8356	30.4456	30.3012	30.3223	30.2585	30.1156	30.0967	30.009	30.01	30.249	30.8378	33.4918
Sin-APnd_011-Ex1-4H-lcwgs-1-2.clmp.r1r2_fastp	39.2256	39.001	39.3035	39.289	39.3448	39.297	39.2259	39.2814	39.2885	39.2761	39.3239	39.1141	39.2608	39.217	39.2679	39.4432	39.4839	39.4309	39.398	39.4088	39.4555	39.4172	39.3855	39.3686	39.3106	39.2208	39.1629	39.2485	39.2772	39.2065	39.1815	39.2067	39.1769	39.1596	39.1701	39.1849	39.1085	39.0932	39.1965	39.1766	39.1515	39.1347	39.0111	39.0694	38.9584	38.7843	39.131	38.9699	39.0034	38.8796	38.9994	38.8016	38.6439	38.8949	38.7923	38.6655	38.6118	38.6615	38.6247	38.6182	38.5697	38.5931	38.5978	38.6481	38.516	38.7341	38.6585	38.5823	38.5204	38.5465	38.6346	38.7361	38.7818	38.8058	38.7998	38.788	38.7842	38.787	38.7701	38.775	38.7435	38.7519	38.7355	38.7345	38.7221	38.7148	38.7138	38.6955	38.6783	38.6593	38.6487	38.6243	38.6157	38.5884	38.5627	38.5376	38.5226	38.4724	38.4436	38.4066	38.347	38.267	38.1687	38.0564	37.9543	37.7886	37.6666	37.5701	37.4615	37.3273	37.1826	37.0264	36.8562	36.6874	36.5081	36.2963	36.0593	35.8808	35.6642	35.4439	35.2707	35.0105	34.7545	34.5493	34.2342	33.9533	33.8217	33.5031	33.3664	33.194	32.8768	32.6152	32.3948	32.2452	31.9909	31.8226	31.5425	31.3359	31.117	30.7417	30.6	30.6061	30.5306	30.3906	30.3673	30.3013	30.2802	30.4817	31.0208	33.5822
Sin-APnd_012-Ex1-5A-lcwgs-1-2.clmp.r1r2_fastp	39.2188	39.0012	39.2577	39.2808	39.2973	39.2796	39.2269	39.2765	39.2893	39.2804	39.3281	39.1303	39.2656	39.2323	39.2753	39.4392	39.4753	39.427	39.3982	39.4034	39.4474	39.4122	39.3803	39.3704	39.3067	39.2162	39.151	39.2319	39.2601	39.1906	39.1672	39.1862	39.1596	39.1415	39.1485	39.1618	39.0776	39.0624	39.168	39.1465	39.1255	39.1092	38.9781	39.0404	38.9257	38.7463	39.098	38.9398	38.9671	38.8466	38.9592	38.7698	38.6177	38.8585	38.751	38.6317	38.5653	38.6055	38.5673	38.5571	38.5076	38.5251	38.5265	38.5744	38.4347	38.6625	38.5818	38.4973	38.426	38.4536	38.5394	38.6439	38.6891	38.7086	38.7034	38.6869	38.6779	38.682	38.6634	38.6591	38.6237	38.6319	38.6111	38.6047	38.5899	38.5773	38.5762	38.5542	38.531	38.5028	38.4894	38.4616	38.4472	38.4145	38.3862	38.351	38.3331	38.2784	38.2484	38.2042	38.1365	38.0472	37.9374	37.8131	37.7066	37.5315	37.402	37.2935	37.1811	37.0331	36.8837	36.7168	36.5341	36.3593	36.1617	35.9462	35.7022	35.523	35.2967	35.067	34.8996	34.6359	34.3772	34.161	33.8388	33.5474	33.4273	33.1181	32.9931	32.826	32.5039	32.234	32.0165	31.8819	31.6449	31.4819	31.1945	30.9961	30.7846	30.4099	30.2693	30.3051	30.2217	30.112	30.102	30.0309	30.0351	30.2952	30.8977	33.5169
Sin-APnd_013-Ex1-5B-lcwgs-1-2.clmp.r1r2_fastp	39.2083	39.0188	39.2869	39.304	39.323	39.3131	39.2552	39.2945	39.3015	39.2845	39.336	39.1282	39.272	39.2281	39.279	39.4444	39.4884	39.4342	39.4019	39.4155	39.4629	39.4234	39.3906	39.372	39.316	39.2194	39.1621	39.2487	39.2758	39.2077	39.1854	39.2076	39.1758	39.1643	39.171	39.1856	39.1048	39.097	39.194	39.1767	39.1542	39.1396	39.0174	39.0742	38.9601	38.7949	39.135	38.9753	39.0119	38.8902	39.0069	38.8196	38.6654	38.9117	38.8045	38.6853	38.6246	38.6676	38.6317	38.6252	38.5781	38.6032	38.6079	38.6551	38.5229	38.7468	38.671	38.5942	38.5309	38.5592	38.6459	38.7462	38.7914	38.8126	38.8066	38.7953	38.7896	38.7895	38.7733	38.7745	38.7424	38.7487	38.7335	38.7328	38.7187	38.7119	38.7098	38.6871	38.6668	38.6446	38.6317	38.6072	38.5961	38.5708	38.5396	38.5146	38.4966	38.4436	38.4098	38.3684	38.3025	38.214	38.1047	37.9886	37.8724	37.6953	37.5651	37.4505	37.3327	37.1767	37.0222	36.8547	36.6666	36.4842	36.2859	36.0706	35.8152	35.6331	35.4009	35.1713	34.9898	34.7278	34.4636	34.2568	33.9293	33.6457	33.5159	33.2051	33.0694	32.9035	32.5748	32.3104	32.0973	31.9578	31.7134	31.5429	31.2765	31.0697	30.8526	30.4804	30.3484	30.3448	30.3002	30.1723	30.1548	30.0759	30.0787	30.3308	30.9485	33.6089
Sin-APnd_014-Ex1-5C-lcwgs-1-2.clmp.r1r2_fastp	39.2321	39.034	39.2937	39.3139	39.3729	39.3604	39.2715	39.3219	39.3222	39.3142	39.3616	39.1577	39.2987	39.2597	39.305	39.4638	39.5018	39.4518	39.4223	39.4312	39.4761	39.4413	39.4109	39.3967	39.3348	39.2518	39.1914	39.2725	39.3018	39.2346	39.2135	39.2333	39.2067	39.1915	39.1998	39.2108	39.1317	39.121	39.2193	39.2003	39.18	39.1656	39.0401	39.0959	38.9914	38.8242	39.1579	39.0068	39.039	38.9212	39.0324	38.852	38.7051	38.9395	38.8347	38.7203	38.6616	38.7	38.6632	38.657	38.6079	38.6341	38.6351	38.6799	38.551	38.77	38.6908	38.6106	38.5448	38.5737	38.6549	38.7562	38.7977	38.8197	38.8142	38.8004	38.792	38.7938	38.778	38.7759	38.743	38.748	38.7325	38.7252	38.7119	38.7045	38.7018	38.6784	38.6585	38.632	38.6198	38.5935	38.5786	38.5498	38.5215	38.4933	38.4743	38.4246	38.3912	38.3493	38.2843	38.1924	38.0868	37.9746	37.8633	37.7002	37.5801	37.4672	37.3515	37.207	37.0599	36.8937	36.7107	36.5239	36.334	36.1247	35.8758	35.6899	35.4597	35.2323	35.043	34.7743	34.5056	34.2982	33.9771	33.6818	33.5492	33.2375	33.0923	32.926	32.5961	32.3236	32.1055	31.9602	31.7345	31.5746	31.2859	31.0849	30.8561	30.5037	30.3672	30.3743	30.3253	30.1814	30.1457	30.0812	30.0746	30.3109	30.9331	33.5659
Sin-APnd_015-Ex1-5D-lcwgs-1-2.clmp.r1r2_fastp	39.2323	39.0442	39.2921	39.2925	39.338	39.3239	39.2331	39.2934	39.304	39.2945	39.3443	39.145	39.2811	39.2453	39.2902	39.4536	39.4917	39.4424	39.4129	39.4229	39.4662	39.4308	39.4007	39.3876	39.3264	39.238	39.1776	39.2606	39.2885	39.2182	39.1959	39.2166	39.1884	39.1725	39.1822	39.1948	39.1154	39.1045	39.204	39.1834	39.1609	39.1462	39.023	39.0783	38.9724	38.8018	39.1419	38.9835	39.0181	38.8966	39.0099	38.8232	38.6757	38.9125	38.8065	38.6911	38.6312	38.6738	38.6398	38.6291	38.5824	38.6057	38.6049	38.6517	38.5177	38.7381	38.6643	38.5833	38.5182	38.5433	38.629	38.7282	38.7706	38.7896	38.7849	38.7728	38.766	38.7668	38.7512	38.7491	38.7166	38.721	38.7049	38.6991	38.6856	38.6754	38.6746	38.6494	38.6325	38.6048	38.5937	38.565	38.5537	38.5239	38.4967	38.465	38.4442	38.3975	38.3635	38.322	38.2581	38.1706	38.0632	37.9457	37.8395	37.6685	37.5422	37.4361	37.3194	37.1776	37.0325	36.8665	36.682	36.5131	36.321	36.1136	35.8611	35.6822	35.4562	35.2172	35.0492	34.7815	34.5142	34.3079	33.9799	33.6956	33.5724	33.2491	33.1093	32.9503	32.6135	32.351	32.1379	31.976	31.738	31.5749	31.2952	31.0844	30.8758	30.502	30.3507	30.3775	30.3071	30.1787	30.148	30.0797	30.0582	30.3137	30.8879	33.5088
Sin-APnd_016-Ex1-5E-lcwgs-1-2.clmp.r1r2_fastp	39.2144	39.0276	39.288	39.296	39.3176	39.3079	39.2555	39.301	39.3036	39.2907	39.3381	39.1332	39.2719	39.2328	39.278	39.4443	39.4837	39.4327	39.403	39.4114	39.4583	39.42	39.3877	39.3722	39.3106	39.2188	39.1581	39.2442	39.2721	39.203	39.182	39.2019	39.1729	39.1563	39.1629	39.1772	39.0961	39.0869	39.1855	39.1655	39.1437	39.1284	39.004	39.0615	38.9444	38.7753	39.1164	38.9565	38.9944	38.8707	38.9858	38.7991	38.6539	38.8892	38.7787	38.6657	38.597	38.6353	38.601	38.5923	38.5452	38.5683	38.5704	38.6206	38.4823	38.7109	38.6302	38.5508	38.4847	38.5098	38.5995	38.7024	38.7477	38.7684	38.7631	38.7488	38.741	38.7433	38.7301	38.7269	38.6949	38.7022	38.6834	38.6817	38.6692	38.6608	38.6578	38.6348	38.6163	38.5894	38.5794	38.5515	38.5378	38.5109	38.4855	38.4518	38.4298	38.3811	38.3459	38.3025	38.2379	38.1431	38.0336	37.9082	37.7938	37.6164	37.4851	37.3749	37.246	37.0938	36.9378	36.7702	36.5721	36.3926	36.1958	35.9698	35.7226	35.5365	35.3091	35.0742	34.9019	34.6312	34.3771	34.1556	33.8298	33.5525	33.4206	33.1085	32.9692	32.8021	32.4826	32.2196	32.012	31.8689	31.631	31.4679	31.192	31.0002	30.7899	30.423	30.2688	30.3018	30.2391	30.1231	30.0933	30.0438	30.0358	30.3057	30.9372	33.5896
Sin-APnd_017-Ex1-5F-lcwgs-1-2.clmp.r1r2_fastp	39.2315	39.0201	39.3077	39.3156	39.3752	39.3457	39.2833	39.3256	39.3213	39.3083	39.3581	39.1578	39.2963	39.2566	39.3025	39.4645	39.5016	39.4519	39.4211	39.4317	39.4741	39.4407	39.4085	39.3941	39.3335	39.2484	39.1888	39.2727	39.2983	39.2317	39.2079	39.2288	39.202	39.1879	39.1951	39.2088	39.1283	39.1189	39.2159	39.1994	39.177	39.1602	39.0371	39.0918	38.9869	38.8214	39.155	39.0013	39.0351	38.9168	39.0289	38.8427	38.6944	38.9319	38.829	38.7138	38.6573	38.6985	38.6638	38.6574	38.6098	38.6327	38.635	38.6825	38.5539	38.7697	38.697	38.6207	38.5581	38.5844	38.6663	38.7631	38.8069	38.827	38.822	38.8083	38.8034	38.8067	38.7901	38.7897	38.7584	38.7628	38.7475	38.742	38.7334	38.7228	38.723	38.7004	38.6853	38.6596	38.6463	38.623	38.6091	38.5844	38.5574	38.529	38.5113	38.462	38.4308	38.3922	38.3302	38.2434	38.1451	38.0285	37.9232	37.7582	37.6392	37.5354	37.4238	37.281	37.1403	36.9752	36.8028	36.6407	36.4526	36.2439	35.9971	35.817	35.5982	35.3699	35.2023	34.9508	34.6864	34.4763	34.1773	33.9	33.7728	33.4602	33.3188	33.1517	32.8284	32.5794	32.3568	32.2244	31.9712	31.8107	31.5397	31.3325	31.1278	30.7569	30.6286	30.6216	30.5649	30.4296	30.3959	30.3539	30.3088	30.5396	31.088	33.6638
Sin-APnd_018-Ex1-5G-lcwgs-1-2.clmp.r1r2_fastp	39.2566	39.009	39.3081	39.3186	39.3653	39.3532	39.2618	39.3365	39.3274	39.3101	39.3638	39.1563	39.2958	39.2561	39.3051	39.4746	39.5141	39.463	39.4355	39.4482	39.4925	39.4561	39.4222	39.4078	39.3531	39.2727	39.2179	39.3001	39.3327	39.2623	39.2402	39.2647	39.2384	39.2203	39.228	39.2456	39.1762	39.166	39.2594	39.2421	39.2251	39.2086	39.0945	39.1464	39.0466	38.8724	39.2044	39.0571	39.0888	38.9793	39.0908	38.9135	38.7702	39.0006	38.9012	38.7871	38.7361	38.7827	38.747	38.7424	38.6996	38.7201	38.7273	38.7782	38.6498	38.8554	38.7837	38.7074	38.6444	38.6701	38.7564	38.8528	38.8988	38.9231	38.9167	38.9068	38.9001	38.9015	38.8845	38.8902	38.8568	38.867	38.8534	38.8501	38.84	38.8303	38.8292	38.8054	38.7904	38.7716	38.759	38.7342	38.7253	38.6966	38.6705	38.6445	38.6252	38.5776	38.5433	38.5074	38.4424	38.3551	38.2548	38.1357	38.0225	37.8464	37.7106	37.6002	37.4696	37.3189	37.1595	36.9841	36.794	36.6123	36.4155	36.1922	35.9302	35.7409	35.4978	35.2675	35.0834	34.8119	34.5505	34.3319	34.015	33.7329	33.5846	33.2554	33.1161	32.9362	32.6102	32.356	32.1328	31.9744	31.7313	31.5558	31.2913	31.0819	30.8464	30.4802	30.3457	30.3495	30.2672	30.1314	30.1175	30.0329	30.0432	30.3074	30.8928	33.574
Sin-APnd_019-Ex1-5H-lcwgs-1-2.clmp.r1r2_fastp	39.2036	39.005	39.2939	39.2848	39.3412	39.2969	39.2259	39.2827	39.2896	39.278	39.3264	39.1244	39.2635	39.2243	39.2694	39.4374	39.4768	39.4253	39.3935	39.4039	39.4493	39.4125	39.3796	39.3652	39.3038	39.21	39.1474	39.2332	39.2586	39.1895	39.1664	39.1868	39.1573	39.1413	39.1475	39.1629	39.0799	39.0673	39.1688	39.1509	39.1254	39.1076	38.9798	39.0437	38.9246	38.7533	39.0997	38.9393	38.9718	38.8459	38.9619	38.7683	38.6147	38.8583	38.7476	38.629	38.5632	38.606	38.5674	38.5582	38.5099	38.5282	38.5304	38.5775	38.4403	38.6671	38.59	38.5092	38.4432	38.4728	38.5564	38.6567	38.7017	38.7233	38.7177	38.7029	38.697	38.6964	38.6817	38.6806	38.6468	38.6493	38.6324	38.6272	38.6139	38.6042	38.6004	38.5759	38.5589	38.532	38.5159	38.4889	38.4747	38.4463	38.4131	38.383	38.3603	38.3011	38.2696	38.2248	38.1602	38.0611	37.9483	37.823	37.7109	37.5239	37.3896	37.2714	37.1499	36.9972	36.8356	36.6633	36.4744	36.2902	36.0944	35.8709	35.6151	35.4309	35.2003	34.9678	34.7899	34.5187	34.2566	34.0507	33.7263	33.4408	33.3149	33.0003	32.8604	32.6868	32.3738	32.1033	31.8934	31.7516	31.5164	31.3471	31.0763	30.8733	30.6705	30.3007	30.1646	30.1666	30.1017	29.9872	29.9583	29.8883	29.9083	30.1785	30.8319	33.5208
Sin-APnd_020-Ex1-6A-lcwgs-1-2.clmp.r1r2_fastp	39.1682	38.944	39.2027	39.2305	39.248	39.2296	39.1657	39.2203	39.2338	39.2269	39.2771	39.068	39.2095	39.1771	39.2235	39.3939	39.4328	39.3792	39.3478	39.3498	39.4007	39.3648	39.3333	39.3199	39.2484	39.1432	39.0706	39.1585	39.1936	39.1192	39.0906	39.1073	39.0754	39.0588	39.0662	39.0789	38.9854	38.9688	39.0838	39.0542	39.0351	39.018	38.879	38.9428	38.8097	38.6221	38.9995	38.8262	38.8647	38.7305	38.8528	38.6485	38.4898	38.7437	38.6251	38.5022	38.4243	38.4613	38.423	38.4125	38.3653	38.3924	38.3875	38.4365	38.284	38.5413	38.4474	38.3508	38.2774	38.3074	38.4024	38.5217	38.5743	38.5908	38.5869	38.5679	38.557	38.5597	38.5456	38.5418	38.5081	38.5127	38.4981	38.4941	38.4765	38.4684	38.4712	38.4504	38.4257	38.3835	38.3773	38.3479	38.3414	38.3129	38.2888	38.2481	38.232	38.1766	38.1522	38.1027	38.0467	37.9495	37.839	37.7188	37.614	37.4404	37.3269	37.2186	37.1125	36.971	36.823	36.6557	36.4652	36.2749	36.0703	35.861	35.6101	35.4254	35.1869	34.9395	34.7405	34.4427	34.1605	33.9415	33.5656	33.2485	33.1365	32.8091	32.6758	32.5092	32.1714	31.8401	31.6274	31.4962	31.2654	31.0957	30.8116	30.6083	30.3786	29.9782	29.846	29.9007	29.847	29.7581	29.7115	29.6214	29.591	29.8596	30.5234	33.2935
Sin-APnd_021-Ex1-6B-lcwgs-1-2.clmp.r1r2_fastp	39.1686	38.9812	39.2544	39.2688	39.2897	39.2781	39.2136	39.2573	39.267	39.2483	39.3006	39.0868	39.2344	39.193	39.2458	39.4171	39.4631	39.4091	39.3699	39.3848	39.4335	39.3955	39.3657	39.3425	39.2862	39.1744	39.1148	39.2048	39.2359	39.1651	39.1359	39.1614	39.1267	39.1149	39.1213	39.1307	39.0467	39.0338	39.1408	39.1194	39.098	39.0775	38.9491	39.0078	38.8866	38.7185	39.0678	38.9012	38.9368	38.8068	38.9293	38.7265	38.5666	38.8237	38.7145	38.5829	38.5151	38.5571	38.5199	38.5134	38.4656	38.4885	38.4905	38.5391	38.3983	38.6347	38.5447	38.4618	38.3922	38.4229	38.5144	38.6239	38.6716	38.6903	38.6845	38.6669	38.6588	38.6595	38.6438	38.6413	38.6106	38.6182	38.6004	38.5974	38.5863	38.5738	38.5732	38.554	38.5316	38.5048	38.491	38.4673	38.4567	38.4263	38.4008	38.3669	38.3508	38.2976	38.2703	38.2313	38.1655	38.0785	37.9695	37.8504	37.7463	37.5687	37.444	37.3455	37.2355	37.0876	36.947	36.7791	36.5925	36.4167	36.2232	36.0124	35.7643	35.587	35.3552	35.1185	34.9419	34.6645	34.4039	34.1947	33.8374	33.5443	33.4441	33.1219	32.9974	32.8147	32.4829	32.186	31.9844	31.8401	31.6179	31.4496	31.1619	30.9553	30.7438	30.3578	30.1943	30.2541	30.1995	30.0783	30.0539	29.9428	29.9276	30.189	30.8087	33.4958
Sin-APnd_022-Ex1-6C-lcwgs-1-2.clmp.r1r2_fastp	39.1916	38.9919	39.2779	39.2988	39.3614	39.3477	39.2449	39.2992	39.3061	39.2946	39.3434	39.1337	39.2767	39.2358	39.2861	39.4589	39.5001	39.4475	39.4162	39.4268	39.4737	39.4387	39.4061	39.3909	39.3365	39.2484	39.1901	39.2728	39.3025	39.2335	39.2086	39.2315	39.2042	39.1885	39.1962	39.2115	39.1344	39.1221	39.222	39.1987	39.1823	39.1623	39.0421	39.0971	38.9884	38.8102	39.1576	39.005	39.0371	38.9195	39.0341	38.8409	38.6844	38.933	38.8348	38.7084	38.6537	38.6968	38.6585	38.6535	38.6095	38.6284	38.6308	38.6837	38.5454	38.7691	38.6832	38.598	38.5304	38.5552	38.6427	38.7516	38.7981	38.8159	38.8135	38.8003	38.7912	38.7948	38.7804	38.7803	38.746	38.753	38.7418	38.7369	38.7223	38.7211	38.7132	38.6936	38.677	38.6504	38.6425	38.6126	38.6043	38.5777	38.5513	38.5194	38.5029	38.4515	38.4259	38.3886	38.3286	38.2421	38.1368	38.0212	37.9111	37.7432	37.6191	37.5222	37.3994	37.2584	37.1122	36.9557	36.7633	36.5975	36.4056	36.1939	35.9514	35.776	35.5552	35.3266	35.1537	34.8872	34.6365	34.423	34.1156	33.8355	33.7256	33.3992	33.2729	33.1153	32.7935	32.5397	32.3285	32.1948	31.9616	31.81	31.5369	31.3584	31.1393	30.8148	30.6416	30.6734	30.6439	30.5083	30.4484	30.3996	30.388	30.6031	31.1548	33.7581
Sin-APnd_023-Ex1-6D-lcwgs-1-2.clmp.r1r2_fastp	39.1167	38.9478	39.2039	39.2073	39.2573	39.242	39.147	39.2084	39.2136	39.207	39.2598	39.0515	39.1943	39.1584	39.2056	39.3768	39.4186	39.3653	39.3282	39.3383	39.388	39.3513	39.3187	39.3023	39.232	39.114	39.0406	39.1322	39.1637	39.0851	39.0579	39.0768	39.0473	39.0291	39.0346	39.0462	38.9517	38.9311	39.0514	39.0231	38.9978	38.9796	38.8311	38.9042	38.7708	38.5958	38.9635	38.7859	38.8141	38.6764	38.7997	38.5781	38.4031	38.6704	38.5579	38.418	38.3491	38.3855	38.3407	38.3302	38.279	38.294	38.2946	38.3405	38.1895	38.4369	38.3485	38.2641	38.1969	38.219	38.3098	38.4177	38.4647	38.4872	38.476	38.4614	38.4509	38.456	38.4316	38.433	38.3919	38.3959	38.3761	38.3696	38.3489	38.3403	38.3341	38.3098	38.2841	38.2546	38.2376	38.2073	38.1877	38.1558	38.1268	38.09	38.063	38.0068	37.9644	37.9198	37.849	37.7526	37.6315	37.5091	37.3877	37.2009	37.063	36.9564	36.8434	36.6967	36.5406	36.3735	36.1932	36.021	35.826	35.6193	35.3628	35.1938	34.9695	34.7311	34.5666	34.3005	34.0612	33.8489	33.5487	33.2629	33.1502	32.8321	32.7035	32.5401	32.2185	31.9655	31.7488	31.6088	31.3754	31.2185	30.9487	30.7436	30.5563	30.1942	30.0641	30.0794	30.0382	29.8889	29.8677	29.8145	29.8044	30.0434	30.6745	33.3921
Sin-APnd_024-Ex1-6E-lcwgs-1-2.clmp.r1r2_fastp	39.2009	39.018	39.2993	39.3093	39.3331	39.324	39.2646	39.3107	39.3129	39.3001	39.3499	39.1433	39.2839	39.2404	39.2884	39.4635	39.5057	39.4533	39.4228	39.4314	39.4794	39.4425	39.4108	39.3937	39.3412	39.2528	39.1959	39.2786	39.3081	39.2409	39.2184	39.2409	39.2117	39.1971	39.2033	39.2202	39.1435	39.1339	39.23	39.2097	39.1897	39.1749	39.0589	39.1114	39.0031	38.83	39.1706	39.0171	39.0494	38.9294	39.0469	38.856	38.7005	38.9467	38.8491	38.7242	38.6718	38.7215	38.6798	38.6753	38.6306	38.6531	38.6576	38.7068	38.5777	38.7869	38.7087	38.6291	38.5701	38.5929	38.6762	38.7792	38.8258	38.8472	38.8393	38.8292	38.8226	38.8236	38.805	38.8092	38.7788	38.7875	38.7698	38.7653	38.7548	38.7478	38.7461	38.7262	38.7076	38.6871	38.6756	38.6512	38.6378	38.6103	38.5871	38.558	38.5338	38.4904	38.4582	38.4161	38.3586	38.2772	38.1715	38.0586	37.9519	37.7823	37.6574	37.5482	37.4358	37.2988	37.14	36.9764	36.7935	36.6256	36.4261	36.2164	35.9561	35.782	35.5506	35.3124	35.1366	34.8631	34.6037	34.3998	34.0826	33.7779	33.6582	33.3175	33.1672	33.0074	32.6811	32.4263	32.1916	32.0262	31.7882	31.6327	31.339	31.1404	30.9365	30.5517	30.4274	30.4391	30.3727	30.2234	30.2054	30.1148	30.1012	30.3274	30.887	33.4977
Sin-APnd_025-Ex1-6F-lcwgs-1-2.clmp.r1r2_fastp	39.2677	39.041	39.335	39.3422	39.3994	39.374	39.3067	39.3475	39.3466	39.3308	39.3844	39.1866	39.3213	39.2811	39.327	39.4925	39.5321	39.4832	39.4549	39.4643	39.5075	39.473	39.4397	39.4268	39.3748	39.3002	39.2459	39.3258	39.351	39.2877	39.2643	39.2912	39.2627	39.246	39.2553	39.2679	39.2013	39.1904	39.2843	39.2628	39.2471	39.2305	39.1185	39.1694	39.0772	38.8969	39.2309	39.0896	39.119	39.011	39.119	38.9451	38.7994	39.0302	38.9359	38.8258	38.7783	38.8256	38.7933	38.7867	38.7418	38.7634	38.7705	38.8183	38.6956	38.8933	38.8199	38.745	38.6794	38.7037	38.785	38.8834	38.9307	38.9509	38.9474	38.9416	38.9346	38.935	38.9201	38.9244	38.8931	38.9015	38.8845	38.8822	38.8746	38.8679	38.8611	38.8422	38.8259	38.8101	38.7962	38.7715	38.764	38.7384	38.7145	38.6897	38.6703	38.628	38.5983	38.5615	38.5041	38.4278	38.3346	38.2267	38.1249	37.9673	37.8442	37.7488	37.6375	37.4933	37.3468	37.1862	37.0037	36.8285	36.6362	36.4208	36.1658	35.9709	35.7288	35.5013	35.3142	35.0427	34.7781	34.5496	34.2271	33.9155	33.7645	33.4323	33.2808	33.0967	32.7619	32.4977	32.2586	32.1073	31.8475	31.6635	31.3965	31.1986	30.9649	30.5821	30.4409	30.4433	30.3688	30.2276	30.1817	30.0979	30.0773	30.3102	30.8377	33.4497
Sin-CPnd_013-Ex1-4E-lcwgs-1-2.clmp.r1r2_fastp	38.9838	38.7271	39.2698	39.3183	39.3147	39.3345	39.3561	39.3696	39.3912	39.3579	39.3453	39.049	39.4002	39.2014	39.384	39.5585	39.589	39.5189	39.3795	39.5243	39.5396	39.527	39.5081	39.4622	39.4236	39.3975	39.3521	39.4218	39.5701	39.4218	39.3597	39.4245	39.4002	39.441	39.44	39.3629	39.3895	39.3162	39.3877	39.4263	39.5097	39.4198	39.3218	39.2603	39.2417	39.1847	39.4095	39.1847	39.2711	39.0956	39.2112	39.0892	39.0079	39.1802	39.0803	38.9829	39.0615	38.9034	39.0201	38.8989	38.9183	39.0526	38.9844	38.9824	38.8792	39.2406	39.0404	39.0407	39.0281	38.9779	39.0359	39.2319	39.1131	39.2326	39.1261	39.1638	39.2049	39.0712	39.1676	39.2329	39.2101	38.9478	39.0398	38.9622	39.004	39.0841	39.1136	39.1387	39.0169	39.0484	39.0827	39.082	38.8956	39.0082	38.9683	38.9031	39.0112	38.9649	38.772	38.8464	38.8824	38.9677	38.6479	38.5863	38.665	38.4241	38.3655	38.4205	38.0316	38.1189	37.9982	37.9747	37.9156	37.8128	37.5996	37.4483	37.0577	37.2101	36.9328	36.4099	36.8824	36.2657	35.9785	35.9586	35.6562	35.4746	35.1714	34.9248	34.6954	34.4764	34.2174	34.0362	33.4655	33.8488	32.9601	33.2505	32.7471	32.0303	32.2076	32.0459	31.6828	31.5257	31.5063	30.8811	31.0944	31.0391	31.0606	30.9815	31.2601	33.26
Sin-CPnd_015-Ex1-4A-lcwgs-1-2.clmp.r1r2_fastp	39.3005	38.9409	39.3127	39.3418	39.3985	39.3591	39.2384	39.3441	39.3715	39.3349	39.4131	39.1346	39.3633	39.3506	39.3863	39.5399	39.6184	39.5445	39.5472	39.5679	39.5885	39.5832	39.5357	39.4863	39.519	39.4296	39.3786	39.5188	39.4598	39.4123	39.4433	39.4483	39.4388	39.4483	39.4842	39.458	39.382	39.4003	39.4258	39.4673	39.3834	39.4511	39.3738	39.4151	39.2418	39.1787	39.4812	39.353	39.4	39.1987	39.3554	39.1628	39.0804	39.2835	39.1609	39.0799	39.0057	39.0807	39.0389	39.0321	38.9753	39.1494	39.1065	39.1071	39.0277	39.1473	39.0981	39.0721	38.9124	39.0269	39.0765	39.1401	39.2337	39.2944	39.1625	39.1915	39.2839	39.2459	39.1734	39.2224	39.1357	39.1893	39.1608	39.1994	39.0935	39.1088	39.1792	39.1373	39.2095	39.1007	39.0981	39.1726	39.0655	39.1655	39.0575	39.0312	39.1105	39.0708	38.9285	38.9717	38.9312	38.8753	38.7776	38.7419	38.5907	38.6262	38.4519	38.3912	38.3477	38.1386	38.1339	37.725	37.7751	37.6472	37.4059	37.2404	36.9426	36.6618	36.5324	36.2063	35.9989	35.7881	35.5395	35.2022	35.0283	34.5399	34.6609	33.9019	33.7388	33.3361	33.2	32.9914	32.5381	32.2967	32.4346	31.8395	31.7869	31.5066	30.9883	30.5038	30.1858	30.5904	30.0401	30.3659	30.334	30.154	30.0463	29.5427	30.3186	32.937
Sin-CPnd_018-Ex1-11A-lcwgs-1-2.clmp.r1r2_fastp	39.2059	38.9628	39.3118	39.3353	39.363	39.3354	39.2828	39.3436	39.3498	39.3364	39.3968	39.1658	39.3292	39.2724	39.3307	39.5334	39.5909	39.5422	39.5104	39.5373	39.5699	39.5257	39.4945	39.485	39.4484	39.3997	39.366	39.4411	39.4725	39.4032	39.3924	39.4259	39.3908	39.3751	39.3731	39.4156	39.3485	39.3363	39.411	39.4063	39.3934	39.3824	39.283	39.3158	39.2613	39.0874	39.3942	39.2737	39.3067	39.1963	39.3132	39.1464	39.0094	39.2469	39.1562	39.0356	38.9939	39.0654	39.0288	39.0199	38.9981	39.018	39.0317	39.0613	38.9228	39.1432	39.067	38.9999	38.9014	38.9365	39.0332	39.113	39.1549	39.1924	39.189	39.1649	39.1686	39.1437	39.1524	39.1579	39.151	39.1538	39.12	39.1149	39.1316	39.1168	39.1256	39.0978	39.1133	39.0928	39.0901	39.073	39.0634	39.0402	39.0096	38.9792	39.002	38.9706	38.9441	38.9367	38.8739	38.816	38.7154	38.6229	38.5782	38.4086	38.3257	38.2427	38.1168	38.0061	37.8885	37.8039	37.5844	37.4172	37.2913	37.0473	36.7631	36.6237	36.3657	36.061	35.8577	35.6173	35.3598	35.0959	34.7463	34.3834	34.2142	33.8418	33.6524	33.4189	33.0848	32.8199	32.5222	32.3225	31.9617	31.7771	31.5772	31.2843	31.0458	30.6734	30.4648	30.425	30.3003	30.0946	30.1022	29.9655	29.8727	30.1008	30.538	33.1714
Sin-CPnd_019-Ex1-1H-lcwgs-1-2.clmp.r1r2_fastp	39.3578	39.0473	39.4037	39.3697	39.4354	39.3553	39.3077	39.3572	39.3558	39.3572	39.4226	39.2075	39.3517	39.2883	39.3513	39.529	39.5941	39.5604	39.5164	39.5556	39.5801	39.5288	39.51	39.5153	39.4619	39.4038	39.4075	39.4687	39.5071	39.4442	39.3983	39.4432	39.3944	39.3965	39.4016	39.4367	39.3653	39.3865	39.4546	39.4363	39.416	39.4251	39.3144	39.3732	39.3082	39.1632	39.4261	39.3043	39.3627	39.2744	39.3392	39.2077	39.0503	39.3031	39.2009	39.0864	39.0691	39.1254	39.1222	39.1172	39.0525	39.0833	39.0997	39.1376	39.0461	39.1956	39.1335	39.0686	39.0146	39.0754	39.1093	39.2108	39.2736	39.2652	39.2611	39.2733	39.2776	39.2552	39.2193	39.257	39.2004	39.1877	39.2396	39.1861	39.1961	39.1871	39.2045	39.1886	39.2084	39.1594	39.2009	39.0939	39.1653	39.1767	39.1503	39.1614	39.1104	39.0296	39.0513	39.0648	38.9743	38.9326	38.8737	38.797	38.6907	38.5974	38.5124	38.4012	38.3399	38.182	38.0821	37.9848	37.8338	37.7476	37.4848	37.2581	37.102	36.927	36.6003	36.4183	36.2373	36.0142	35.8012	35.5367	35.2945	34.8812	34.7886	34.2416	34.1476	33.9808	33.6125	33.3262	33.1666	32.8752	32.5935	32.5017	32.1309	31.9326	31.5614	31.2241	31.1964	30.9529	31.1271	30.7541	30.6986	30.7512	30.5591	30.6636	30.9332	33.3407
Sin-CPnd_020-Ex1-12E-lcwgs-1-2.clmp.r1r2_fastp	39.2571	39.0508	39.3919	39.3803	39.3949	39.4016	39.3297	39.3814	39.3922	39.3638	39.4216	39.2261	39.3769	39.3148	39.3588	39.5446	39.5932	39.5435	39.5245	39.5306	39.5806	39.5274	39.4993	39.4956	39.4486	39.3933	39.3532	39.4253	39.4496	39.4061	39.3794	39.4139	39.3737	39.3622	39.3902	39.3865	39.3441	39.3335	39.416	39.4048	39.3877	39.3679	39.283	39.3113	39.2372	39.0834	39.3896	39.2619	39.2864	39.1709	39.2914	39.1357	38.9739	39.2193	39.1413	39.0127	38.9762	39.0494	39.0012	38.9949	38.9566	38.9971	39.0228	39.057	38.9378	39.1103	39.0498	39.0059	38.9491	38.9815	39.024	39.1253	39.153	39.1775	39.1724	39.1721	39.1641	39.179	39.1703	39.1716	39.148	39.1607	39.144	39.1235	39.149	39.151	39.146	39.1144	39.0993	39.1249	39.0901	39.0607	39.0852	39.0523	39.0197	39.026	39.0271	38.9867	38.9624	38.9299	38.8679	38.8404	38.7557	38.6951	38.5882	38.4912	38.3782	38.3093	38.2309	38.1274	37.9959	37.8618	37.7195	37.545	37.4271	37.2313	36.9901	36.7974	36.6193	36.4061	36.2839	36.0154	35.769	35.5443	35.3204	34.98	34.8846	34.4888	34.3773	34.2027	33.839	33.6396	33.4365	33.239	32.953	32.6785	32.4285	32.2284	31.9856	31.5739	31.4788	31.4322	31.2458	31.128	31.0624	30.9876	30.9266	31.0626	31.38	33.7608
Sin-CPnd_021-Ex1-3D-lcwgs-1-2.clmp.r1r2_fastp	39.2976	39.041	39.4428	39.3758	39.3947	39.3402	39.3316	39.3829	39.3917	39.3425	39.3062	39.1399	39.3257	39.2794	39.3361	39.6088	39.6048	39.5485	39.5548	39.5794	39.5766	39.524	39.5562	39.48	39.4081	39.4228	39.438	39.47	39.5058	39.4754	39.4841	39.4174	39.4441	39.4017	39.5072	39.4764	39.4166	39.3894	39.4908	39.4185	39.4122	39.4423	39.4261	39.416	39.3307	39.1372	39.4387	39.3622	39.3821	39.303	39.4527	39.2138	39.0375	39.3262	39.1784	39.0519	39.1228	39.1991	39.162	39.1654	39.03	39.1149	39.1292	39.2323	39.145	39.2097	39.2348	39.096	39.057	39.0132	39.1878	39.2416	39.3828	39.3317	39.3477	39.3336	39.336	39.2937	39.2997	39.2649	39.2995	39.2802	39.2801	39.2013	39.2726	39.2399	39.3224	39.2052	39.2029	39.3212	39.2872	39.1667	39.3663	39.0343	39.1439	39.0446	39.2322	39.0888	39.1393	39.0495	39.1122	39.16	38.835	38.8012	38.7744	38.6509	38.5103	38.4954	38.2644	38.187	38.1891	38.0361	37.8861	37.5962	37.3653	37.3894	36.9821	36.8247	36.7879	36.4432	36.1891	36.1136	35.8564	35.681	35.4147	34.9887	34.7921	34.3282	34.0269	33.6239	33.3614	32.9052	32.8813	32.5751	31.9968	32.0859	31.452	31.4202	31.4471	30.6011	30.4418	30.1791	30.5024	29.8723	29.8085	29.6065	29.8186	29.8684	30.6674	32.8224
Sin-CPnd_022-Ex1-1D-lcwgs-1-2.clmp.r1r2_fastp	39.1856	38.8983	39.3387	39.3136	39.3638	39.3482	39.2773	39.335	39.3308	39.3274	39.3709	39.1284	39.302	39.2645	39.3189	39.556	39.6043	39.5223	39.5291	39.5213	39.5732	39.545	39.5137	39.5218	39.4388	39.4062	39.4053	39.4905	39.5098	39.4625	39.4183	39.4552	39.3987	39.39	39.4208	39.4442	39.3968	39.3591	39.438	39.4488	39.4647	39.4514	39.3117	39.3622	39.3157	39.1525	39.4702	39.3331	39.3756	39.2829	39.3542	39.206	39.0739	39.2862	39.2028	39.1197	39.056	39.1447	39.1326	39.0946	39.0679	39.1087	39.1109	39.162	39.0628	39.252	39.1601	39.0204	38.9811	39.042	39.0904	39.1893	39.2711	39.2568	39.2334	39.2321	39.2489	39.2578	39.228	39.2658	39.2286	39.2356	39.2244	39.2165	39.2243	39.1946	39.2365	39.2262	39.1917	39.196	39.18	39.1525	39.1581	39.1003	39.1477	39.0993	39.1097	39.0814	39.0419	39.0684	38.9963	38.925	38.8951	38.8081	38.7653	38.541	38.509	38.4613	38.3305	38.2459	38.1136	37.9784	37.8537	37.6989	37.5439	37.3106	37.0754	36.835	36.6157	36.3102	36.1416	35.8671	35.545	35.277	35.0649	34.6687	34.4883	34.1461	33.8737	33.7006	33.3009	33.0193	32.8036	32.5153	32.2481	32.0473	31.6705	31.58	31.1036	30.7261	30.4555	30.501	30.4156	30.2548	30.1669	30.1549	30.0188	30.0235	30.4328	33.1137
Sin-CPnd_023-Ex1-12B-lcwgs-1-2.clmp.r1r2_fastp	39.1946	39.003	39.3481	39.365	39.3762	39.3787	39.2988	39.3631	39.3765	39.3416	39.3977	39.1889	39.3359	39.286	39.3559	39.5331	39.576	39.5301	39.4964	39.5014	39.5466	39.5117	39.4911	39.4668	39.4398	39.3746	39.3055	39.4091	39.4319	39.3598	39.3397	39.3878	39.3436	39.3277	39.3608	39.3676	39.3044	39.2951	39.3929	39.3727	39.3517	39.3552	39.2389	39.2636	39.1961	39.0435	39.3472	39.2173	39.2559	39.1403	39.2453	39.101	38.9559	39.1761	39.104	38.9791	38.9561	38.9974	38.9547	38.966	38.9252	38.9735	38.9551	39.0144	38.8707	39.0635	38.9962	38.9561	38.8928	38.9153	38.9813	39.073	39.1086	39.1219	39.1342	39.0993	39.1174	39.1186	39.0897	39.1272	39.0766	39.078	39.1009	39.098	39.0881	39.0762	39.0756	39.0578	39.064	39.0372	39.0601	39.0253	39.0107	38.9944	38.9814	38.9254	38.976	38.9382	38.9352	38.9182	38.8523	38.771	38.6919	38.6176	38.5614	38.4226	38.3032	38.2056	38.1073	38.0336	37.9249	37.7916	37.6137	37.4694	37.3159	37.0887	36.839	36.6288	36.4183	36.2774	36.1035	35.7838	35.5411	35.2876	34.9415	34.6569	34.5648	34.1847	34.0646	33.8625	33.4885	33.2795	32.9546	33.007	32.639	32.3309	32.1296	31.9162	31.5866	31.1253	30.9802	30.9669	30.8445	30.6924	30.7116	30.5273	30.465	30.4957	30.8857	33.4102
Sin-CPnd_024-Ex1-12C-lcwgs-1-2.clmp.r1r2_fastp	39.2153	39.0202	39.3451	39.3529	39.4442	39.4015	39.3067	39.3698	39.3844	39.3611	39.4171	39.1984	39.3602	39.3237	39.3665	39.5448	39.591	39.5363	39.4884	39.5354	39.5903	39.5297	39.5061	39.4946	39.4389	39.3891	39.34	39.4084	39.4445	39.405	39.3434	39.3984	39.3597	39.3415	39.3594	39.3891	39.3268	39.3411	39.4013	39.3925	39.3763	39.3766	39.2428	39.2814	39.2317	39.0547	39.3695	39.235	39.2706	39.1809	39.2902	39.1249	38.9812	39.2053	39.1285	39.0125	38.9797	39.0188	39.002	38.9991	38.9602	38.9758	38.9749	39.0804	38.9401	39.1196	39.054	38.966	38.9184	38.9633	38.9964	39.0906	39.1602	39.1764	39.1623	39.1535	39.1537	39.1469	39.1174	39.1248	39.1201	39.1077	39.1168	39.1051	39.0969	39.1161	39.1494	39.0815	39.0925	39.0874	39.0803	39.0437	39.0438	38.9942	39.0036	38.9811	38.984	38.9461	38.9305	38.911	38.8629	38.8089	38.7321	38.6639	38.5904	38.3865	38.3259	38.2209	38.1906	38.0591	37.9318	37.7897	37.6706	37.5213	37.3651	37.2098	36.8797	36.7557	36.5291	36.3506	36.1257	35.9443	35.6683	35.5096	35.1482	34.8383	34.6124	34.3071	34.0973	34.0468	33.7458	33.403	33.0843	32.8782	32.6052	32.5061	32.1242	31.8889	31.7347	31.3222	31.1237	31.093	31.0058	30.7629	30.781	30.5486	30.5276	30.7063	30.9657	33.4337
Sin-CPnd_025-Ex1-3B-lcwgs-1-2.clmp.r1r2_fastp	39.3123	39.0316	39.3776	39.4046	39.4445	39.4035	39.3463	39.342	39.3759	39.4016	39.425	39.2489	39.3324	39.3165	39.3355	39.5591	39.6097	39.5664	39.5185	39.52	39.5891	39.5432	39.5268	39.515	39.4759	39.3892	39.3663	39.4527	39.4862	39.4646	39.4276	39.5122	39.4632	39.4275	39.4388	39.4543	39.4298	39.4026	39.4863	39.5212	39.4252	39.4575	39.3863	39.3917	39.323	39.1689	39.4551	39.3401	39.4048	39.2853	39.3772	39.2467	39.1413	39.2748	39.2133	39.1023	39.1002	39.1349	39.134	39.0874	39.0854	39.1318	39.081	39.0775	39.0614	39.2355	39.184	39.1012	39.0762	39.0037	39.1513	39.2081	39.261	39.3103	39.2416	39.2223	39.2828	39.2109	39.2657	39.2333	39.2355	39.2478	39.1943	39.2215	39.1926	39.2066	39.2569	39.2089	39.1834	39.1632	39.169	39.1411	39.1506	39.1071	39.1383	39.0996	39.1573	39.0825	39.0568	39.0325	38.9179	38.9151	38.8658	38.7353	38.7133	38.6685	38.6271	38.4586	38.3517	38.3262	38.0412	38.0466	37.8906	37.6902	37.5831	37.2884	36.9831	36.9344	36.6585	36.4425	36.4212	35.8746	35.6771	35.3687	35.0703	34.7322	34.541	34.0633	33.9321	33.783	33.1915	32.9371	32.7297	32.4701	32.2504	31.9607	31.6557	31.6151	31.1519	30.821	30.4851	30.7013	30.5814	30.0988	30.2598	29.87	30.0733	30.1928	30.4875	33.229
Sin-CPnd_028-Ex1-12H-lcwgs-1-2.clmp.r1r2_fastp	39.2676	38.9973	39.3869	39.3566	39.4315	39.3746	39.3068	39.3505	39.3916	39.3545	39.4143	39.1902	39.3541	39.3004	39.3588	39.5459	39.5918	39.5372	39.52	39.5341	39.5719	39.5386	39.5109	39.49	39.447	39.4048	39.355	39.4353	39.4645	39.4105	39.3929	39.4124	39.3868	39.3592	39.3849	39.4143	39.3524	39.3525	39.4338	39.4042	39.396	39.3732	39.2892	39.3188	39.2469	39.0642	39.3959	39.2805	39.3162	39.2089	39.2985	39.1371	38.9944	39.2242	39.1351	39.0343	39.0037	39.0563	39.034	39.0122	38.9818	39.0245	39.0178	39.0661	38.9574	39.1292	39.0648	38.9962	38.9402	38.9795	39.0281	39.1203	39.1689	39.2001	39.1808	39.1712	39.1739	39.168	39.1553	39.1503	39.1394	39.1652	39.1335	39.1297	39.1178	39.1272	39.1165	39.0965	39.0993	39.0894	39.0609	39.0706	39.0565	39.0353	39.0323	39.0044	39.016	38.9711	38.9333	38.9215	38.8751	38.8221	38.7706	38.6851	38.5833	38.4603	38.3865	38.3064	38.22	38.104	37.9799	37.8548	37.7086	37.567	37.401	37.1795	36.9693	36.7822	36.548	36.3357	36.1836	35.9301	35.6729	35.4447	35.1587	34.88	34.6871	34.3385	34.1477	33.9789	33.7002	33.4515	33.2195	33.0104	32.6448	32.4856	32.1848	32.0238	31.7149	31.3487	31.1851	31.1794	31.0599	30.9155	30.9214	30.8094	30.7245	30.8704	31.1272	33.6173
Sin-CPnd_029-Ex1-4D-lcwgs-1-2.clmp.r1r2_fastp	39.2567	38.9794	39.3685	39.3236	39.3924	39.3902	39.3234	39.3386	39.3407	39.3621	39.3962	39.1789	39.339	39.2699	39.3329	39.5157	39.5957	39.5756	39.5312	39.5309	39.5483	39.5146	39.4668	39.5111	39.4679	39.3727	39.3437	39.4736	39.474	39.4334	39.3784	39.4118	39.4163	39.3685	39.4074	39.4351	39.3704	39.3157	39.4255	39.455	39.3413	39.3671	39.296	39.3012	39.2969	39.1387	39.4819	39.2703	39.3329	39.2552	39.3249	39.2006	38.97	39.2748	39.184	39.0712	38.9937	39.0746	39.0488	39.0385	38.9667	38.9748	39.06	39.0979	38.962	39.1702	39.0766	39.0833	38.8922	39.0164	39.0494	39.1125	39.1651	39.2306	39.2731	39.2996	39.1594	39.2444	39.2409	39.1892	39.161	39.2246	39.149	39.1814	39.0996	39.1645	39.1001	39.0785	39.2054	39.1985	39.2111	39.0787	39.2594	39.158	39.1528	39.0941	38.9964	39.1084	39.0278	38.9895	38.9928	38.8956	38.9338	38.7969	38.8032	38.4826	38.5223	38.7343	38.6792	38.3061	38.2989	37.9699	37.8075	37.826	37.4549	37.4875	37.1577	37.1342	36.7701	36.8061	36.5421	36.1502	35.6298	35.8945	35.4728	34.9413	34.948	34.464	34.2183	33.8383	33.6832	33.1313	33.048	32.4672	32.5776	32.4101	32.1101	32.0181	31.5215	31.2235	30.6772	30.8119	30.2505	30.3534	30.2201	30.5	30.4242	30.2232	30.8874	33.2308
Sin-CPnd_031-Ex1-3G-lcwgs-1-2.clmp.r1r2_fastp	39.3444	39.0159	39.3646	39.3938	39.4943	39.403	39.3206	39.468	39.3662	39.3629	39.4371	39.2286	39.3306	39.3298	39.3668	39.599	39.6196	39.5944	39.5809	39.5639	39.6527	39.549	39.5181	39.5756	39.5362	39.4865	39.441	39.5248	39.5493	39.4303	39.463	39.5149	39.4886	39.4507	39.4548	39.4424	39.478	39.3844	39.5185	39.4931	39.4846	39.5031	39.3403	39.4116	39.3397	39.1476	39.4978	39.3687	39.36	39.3598	39.4323	39.2703	39.1625	39.2717	39.2862	39.1139	39.1172	39.203	39.1309	39.1537	39.1288	39.1345	39.1921	39.1628	39.0964	39.2106	39.152	39.1229	39.0788	39.0966	39.1443	39.2835	39.221	39.2539	39.2801	39.3535	39.253	39.2545	39.284	39.2576	39.1989	39.2971	39.2109	39.2921	39.2389	39.2866	39.2693	39.2423	39.2423	39.1627	39.2209	39.2154	39.1956	39.148	39.2191	39.1483	39.0932	39.1739	39.0331	39.0842	39.0668	39.0048	38.9313	38.8043	38.7684	38.6308	38.4501	38.4772	38.4823	38.2501	38.2948	38.0299	37.8901	37.8088	37.5206	37.4056	37.1365	36.954	36.6445	36.19	36.1508	35.878	35.5225	35.1701	35.0917	34.5803	34.4341	34.239	33.8947	33.9006	33.4028	33.1664	32.9962	32.8442	32.4737	32.1636	31.5408	31.4339	30.9827	30.7358	30.8075	30.6612	30.6718	30.4645	29.9828	30.4065	30.2273	30.4585	30.663	33.1157
Sin-CPnd_032-Ex1-3E-lcwgs-1-2.clmp.r1r2_fastp	39.3047	38.9946	39.3542	39.3584	39.3948	39.3356	39.3436	39.3759	39.3252	39.3537	39.3824	39.1505	39.3769	39.2741	39.3451	39.522	39.5906	39.5714	39.5005	39.5323	39.5741	39.5464	39.4989	39.4967	39.5099	39.4122	39.3985	39.4681	39.4723	39.417	39.4045	39.4743	39.3729	39.4258	39.4098	39.453	39.377	39.4243	39.4571	39.455	39.4261	39.4234	39.333	39.3266	39.2878	39.1313	39.4679	39.3016	39.3494	39.2543	39.323	39.2025	39.0442	39.2438	39.1739	39.0833	39.0326	39.1055	39.0378	39.0344	39.0293	38.9989	39.0717	39.1112	39.0095	39.2061	39.0649	39.0006	38.9873	39.0471	39.0669	39.18	39.1494	39.2227	39.2406	39.1823	39.189	39.1909	39.18	39.2574	39.1373	39.1434	39.1782	39.1667	39.1623	39.1146	39.1655	39.1474	39.1045	39.1103	39.0935	39.1287	39.1725	39.0962	39.0936	39.0546	38.9992	39.0482	38.9435	38.9944	38.9262	38.8705	38.7867	38.6676	38.6324	38.5775	38.4553	38.3826	38.2782	38.1156	38.0691	37.8492	37.7761	37.6094	37.5026	37.3292	37.0578	36.8037	36.5691	36.3237	36.1324	35.8945	35.7156	35.4543	34.9988	34.8356	34.7174	34.1823	33.9029	33.92	33.6814	33.2965	32.9743	32.8605	32.5265	32.4204	31.968	31.7392	31.4833	31.041	30.7653	30.7509	30.6636	30.5553	30.5073	30.3678	30.4335	30.3352	30.8595	33.3725
Sin-CPnd_033-Ex1-1B-lcwgs-1-2.clmp.r1r2_fastp	39.1925	38.9412	39.2339	39.3192	39.3611	39.2319	39.2036	39.242	39.3106	39.2117	39.455	39.1072	39.4237	39.2692	39.2652	39.5761	39.6144	39.5418	39.4762	39.5751	39.5912	39.5993	39.563	39.3692	39.571	39.4519	39.3762	39.3994	39.5296	39.4196	39.4065	39.4923	39.3823	39.4007	39.4712	39.404	39.4067	39.3741	39.4933	39.4275	39.4269	39.4124	39.2515	39.358	39.3187	39.1931	39.4892	39.302	39.3522	39.2801	39.3749	39.2125	39.0597	39.1883	39.1708	39.0246	38.9815	39.2348	39.1408	39.197	39.0184	39.0555	39.0996	39.2465	39.1973	39.1765	39.1928	39.022	39.1109	39.0669	39.2342	39.208	39.382	39.451	39.2602	39.167	39.1159	39.1338	39.2402	39.3309	39.2713	39.2942	39.243	39.2723	39.1297	39.3321	39.1753	39.1807	39.2317	39.2935	38.9468	39.2314	39.1508	39.0688	39.2735	38.8643	38.9976	39.0392	38.9158	38.9725	39.2456	39.1406	38.9414	38.7311	38.8632	38.5295	38.5436	38.3043	38.3469	38.1678	37.85	37.752	37.5579	37.4296	37.4732	37.5567	36.619	36.0218	36.1502	35.8508	36.1116	35.8665	35.2222	35.1696	34.6338	34.4714	33.6111	33.7589	33.7091	33.3659	32.8501	32.4479	31.7247	31.5094	31.4492	31.3232	30.8616	31.1461	30.8826	30.6699	29.4778	29.86	29.4213	29.2283	27.8391	28.2881	27.9551	29.076	29.3636	32.4364
Sin-CPnd_034-Ex1-3C-lcwgs-1-2.clmp.r1r2_fastp	39.3275	39.0268	39.3898	39.3553	39.4093	39.4188	39.3553	39.412	39.3745	39.3633	39.4108	39.2223	39.3474	39.3519	39.4193	39.5479	39.6241	39.552	39.5307	39.5591	39.5636	39.552	39.5243	39.5044	39.4767	39.4462	39.3978	39.4967	39.5187	39.4578	39.4621	39.4723	39.4677	39.4037	39.4302	39.432	39.3942	39.4198	39.465	39.4715	39.4612	39.4807	39.349	39.3746	39.3283	39.1532	39.4727	39.3649	39.3476	39.2413	39.3415	39.1887	39.12	39.3262	39.1783	39.0791	39.0414	39.1809	39.1133	39.0673	39.0811	39.1005	39.1344	39.15	38.9993	39.2166	39.1216	39.0708	39.0309	39.1134	39.1509	39.171	39.2797	39.2826	39.2307	39.2027	39.2653	39.2881	39.2203	39.2948	39.2966	39.2454	39.1712	39.1999	39.2181	39.2309	39.2359	39.2155	39.1905	39.1399	39.1567	39.1342	39.1323	39.1702	39.1686	39.1624	39.11	39.0984	39.0976	38.9904	38.9756	38.9268	38.8515	38.7762	38.777	38.6059	38.4936	38.4161	38.4563	38.3387	38.1436	38.0664	37.9514	37.7279	37.5539	37.3137	37.0066	36.9394	36.6124	36.3698	36.2269	35.9385	35.7602	35.4817	35.2608	34.9628	34.8039	34.5365	34.1092	34.1886	33.6422	33.6704	33.3753	33.2382	33.0123	32.6627	32.4085	32.191	31.8794	31.4799	31.142	31.4634	31.0065	30.829	31.0978	31.0472	30.7839	30.9156	31.4667	33.5546
Sin-CPnd_035-Ex1-12D-lcwgs-1-2.clmp.r1r2_fastp	39.2789	39.0551	39.3765	39.3699	39.4226	39.4037	39.3087	39.3757	39.3875	39.3706	39.4258	39.2125	39.3573	39.3162	39.3722	39.5594	39.5927	39.5512	39.5096	39.5342	39.569	39.5411	39.5165	39.4996	39.4657	39.4242	39.3779	39.4436	39.4695	39.4158	39.3791	39.4167	39.3934	39.3837	39.391	39.4091	39.372	39.3563	39.4499	39.4167	39.4024	39.3921	39.2878	39.328	39.2782	39.0968	39.3928	39.2837	39.3126	39.2202	39.3098	39.1452	39.0059	39.2362	39.1481	39.038	39.011	39.0719	39.0392	39.0344	38.99	39.0229	39.0312	39.0999	38.9788	39.1362	39.0813	39.0092	38.9572	38.9613	39.0494	39.1297	39.1655	39.2009	39.1933	39.1937	39.1853	39.1779	39.1705	39.1768	39.1507	39.1686	39.1502	39.1684	39.149	39.1394	39.1325	39.1098	39.1295	39.1256	39.1049	39.1021	39.0849	39.0718	39.0563	39.0606	39.0508	38.9972	38.9765	38.9615	38.916	38.8726	38.8061	38.7251	38.627	38.5274	38.4028	38.3468	38.2449	38.1569	38.0321	37.9021	37.7523	37.6383	37.4808	37.2926	37.0714	36.9008	36.6542	36.4625	36.2908	36.0576	35.8374	35.5887	35.3132	35.0784	34.8958	34.5451	34.3565	34.1785	33.8697	33.6504	33.4482	33.2336	32.9852	32.7659	32.4923	32.2578	32.0095	31.5949	31.4947	31.4623	31.3789	31.1279	31.1474	31.0482	31.0269	31.175	31.4723	33.6892
Sin-CPnd_038-Ex1-11C-lcwgs-1-2.clmp.r1r2_fastp	39.2178	38.971	39.3444	39.3487	39.4137	39.4036	39.2961	39.3619	39.3713	39.3488	39.4076	39.1956	39.3474	39.2852	39.356	39.5488	39.5933	39.5503	39.527	39.5426	39.5718	39.5416	39.5196	39.5111	39.4674	39.4273	39.3844	39.4693	39.5068	39.4305	39.4099	39.4392	39.4085	39.3999	39.4099	39.4399	39.38	39.3793	39.4716	39.43	39.4337	39.427	39.3176	39.3519	39.2817	39.1293	39.4385	39.3211	39.3424	39.2432	39.3516	39.2014	39.0607	39.282	39.2034	39.1059	39.0803	39.0975	39.0902	39.1017	39.04	39.0724	39.0662	39.1191	39.018	39.1653	39.1117	39.0445	39.0042	39.0203	39.0892	39.1793	39.2118	39.2368	39.2204	39.2215	39.2144	39.22	39.2131	39.221	39.1768	39.1949	39.1848	39.1789	39.1853	39.1813	39.1685	39.1675	39.1517	39.1687	39.1534	39.1183	39.0957	39.0943	39.0781	39.0779	39.0603	39.0299	39.0264	38.9835	38.9603	38.8902	38.8262	38.7375	38.6529	38.5602	38.42	38.3394	38.2306	38.1249	37.9939	37.8762	37.765	37.5788	37.3865	37.2042	36.8993	36.7132	36.5057	36.2563	36.0458	35.7739	35.4635	35.2391	34.8647	34.5378	34.4499	34.0507	33.8739	33.6468	33.2789	32.9752	32.832	32.6062	32.1989	32.0434	31.741	31.4995	31.2005	30.8651	30.6318	30.612	30.4878	30.2641	30.3489	30.1316	30.0311	30.2143	30.5597	33.1738
Sin-CPnd_039-Ex1-10F-lcwgs-1-2.clmp.r1r2_fastp	39.3058	39.0016	39.3902	39.3773	39.4329	39.4026	39.3319	39.3919	39.3808	39.3654	39.4141	39.1952	39.3633	39.3038	39.3697	39.5632	39.6085	39.5579	39.5351	39.556	39.5865	39.5563	39.5152	39.5171	39.4862	39.4238	39.3888	39.4714	39.5091	39.4356	39.4177	39.4702	39.4168	39.4069	39.4287	39.4481	39.3788	39.3754	39.4659	39.4506	39.4475	39.4401	39.3289	39.3561	39.3114	39.1321	39.4337	39.3271	39.3539	39.2448	39.3533	39.2079	39.0812	39.2841	39.1995	39.1031	39.0766	39.1262	39.1046	39.1	39.0483	39.0679	39.0764	39.1462	39.0415	39.2036	39.1318	39.0766	38.9891	39.036	39.1013	39.198	39.2343	39.2431	39.2645	39.2379	39.2416	39.2326	39.227	39.2241	39.1867	39.2162	39.21	39.2022	39.2029	39.1906	39.204	39.1994	39.1933	39.1602	39.1504	39.1424	39.1384	39.1143	39.1	39.0823	39.1107	39.0575	39.024	39.002	38.9706	38.9341	38.8663	38.7562	38.7006	38.5964	38.474	38.4039	38.3052	38.1984	38.0763	37.9293	37.8093	37.639	37.4878	37.2804	36.9929	36.856	36.636	36.3634	36.2336	35.9661	35.6993	35.4666	35.1573	34.8413	34.6422	34.3178	34.1367	33.9224	33.6541	33.375	33.0735	32.9596	32.597	32.3706	32.1045	31.8162	31.5617	31.1615	30.9945	30.9673	30.8948	30.6658	30.6433	30.5207	30.4566	30.5618	31.0065	33.444
Sin-CPnd_040-Ex1-11E-lcwgs-1-2.clmp.r1r2_fastp	39.1816	38.9638	39.3446	39.3568	39.3844	39.3569	39.3002	39.347	39.3523	39.3324	39.4102	39.1796	39.3408	39.2807	39.3455	39.5566	39.5926	39.539	39.5138	39.5248	39.5704	39.5423	39.5059	39.4946	39.46	39.4226	39.3818	39.445	39.4888	39.4328	39.3922	39.4489	39.412	39.4059	39.4157	39.4161	39.3827	39.3527	39.4622	39.4424	39.4236	39.4105	39.303	39.3526	39.2668	39.1304	39.4309	39.2858	39.3177	39.2319	39.3255	39.1829	39.0542	39.2751	39.1879	39.0789	39.0313	39.0836	39.0674	39.0551	39.022	39.0585	39.0556	39.1169	39.0014	39.1758	39.1001	39.0233	38.9771	38.9897	39.0813	39.1495	39.1981	39.2276	39.2163	39.1959	39.2143	39.2084	39.1948	39.1969	39.1778	39.1815	39.167	39.1341	39.152	39.1659	39.1569	39.1212	39.0884	39.129	39.0991	39.1103	39.0844	39.0729	39.0498	39.0568	39.0282	39.004	38.9552	38.9845	38.9258	38.8675	38.762	38.7142	38.6037	38.4727	38.3615	38.3038	38.2295	38.0582	37.9284	37.759	37.6826	37.5089	37.334	37.1653	36.7908	36.6332	36.3586	36.1438	35.9326	35.6384	35.3914	35.2053	34.7926	34.5093	34.2965	33.8637	33.7886	33.5851	33.1754	32.9677	32.6866	32.4335	32.1182	31.9005	31.6603	31.3755	31.0595	30.6368	30.4569	30.486	30.378	30.1404	30.1523	30.1165	29.9684	30.214	30.5514	33.1307
Sin-CPnd_042-Ex1-10D-lcwgs-1-2.clmp.r1r2_fastp	39.2366	39.0044	39.3433	39.3459	39.3888	39.3612	39.2674	39.3308	39.3531	39.3099	39.3856	39.1668	39.3304	39.2866	39.3253	39.5338	39.5781	39.537	39.5076	39.5396	39.5686	39.5181	39.4967	39.476	39.4558	39.3943	39.3608	39.431	39.4661	39.3998	39.3876	39.4259	39.3692	39.3786	39.3794	39.3917	39.3657	39.3567	39.418	39.4177	39.3881	39.3978	39.3025	39.3062	39.2746	39.0867	39.4084	39.2843	39.313	39.2064	39.3093	39.154	38.9977	39.2459	39.1365	39.0448	38.9991	39.0721	39.0205	39.0161	39.0001	39.012	39.0145	39.0566	38.9391	39.1361	39.0512	38.9914	38.9331	38.9447	39.0442	39.1259	39.1724	39.207	39.1734	39.1653	39.1732	39.1711	39.1626	39.1933	39.1625	39.1475	39.1356	39.1509	39.1426	39.1523	39.1387	39.1149	39.119	39.0952	39.066	39.0874	39.0537	39.044	39.0535	39.0071	38.9814	38.9573	38.9294	38.9358	38.853	38.8338	38.7189	38.6161	38.5243	38.356	38.3015	38.2249	38.0418	37.9942	37.8721	37.719	37.5159	37.3703	37.2235	36.9837	36.7419	36.5707	36.2402	36.1228	35.923	35.5275	35.3513	35.0584	34.7991	34.5142	34.375	33.8464	33.7039	33.569	33.1532	32.9623	32.6667	32.4368	32.0672	31.9603	31.593	31.4705	31.1333	30.6586	30.3856	30.5081	30.3779	30.2517	30.2266	30.1456	29.9233	30.2413	30.3557	33.1174
Sin-CPnd_043-Ex1-1C-lcwgs-1-2.clmp.r1r2_fastp	39.2901	38.94	39.3488	39.3645	39.4261	39.383	39.3287	39.3356	39.3695	39.3316	39.4053	39.1787	39.3554	39.2935	39.3602	39.5564	39.5956	39.565	39.5368	39.5711	39.5801	39.5567	39.5143	39.4858	39.4714	39.437	39.3938	39.4572	39.5065	39.4248	39.4163	39.451	39.4199	39.3809	39.4434	39.4454	39.3913	39.4113	39.4865	39.4654	39.4396	39.4172	39.3371	39.372	39.3165	39.1504	39.4751	39.3442	39.3843	39.275	39.3832	39.2282	39.1002	39.2928	39.2215	39.1232	39.0849	39.1554	39.1144	39.1201	39.0685	39.1079	39.1056	39.1543	39.0079	39.215	39.1449	39.0585	39.0051	39.04	39.1359	39.1809	39.2512	39.2723	39.2543	39.2495	39.2702	39.2496	39.229	39.2215	39.226	39.2205	39.1821	39.207	39.1893	39.1954	39.1697	39.1811	39.1733	39.1647	39.1562	39.1432	39.1005	39.0882	39.0913	39.0835	39.0658	39.0621	39.0371	38.9941	38.9434	38.9312	38.8608	38.7765	38.705	38.5609	38.486	38.4324	38.3691	38.2216	38.1314	38.0036	37.8217	37.6934	37.541	37.307	37.02	36.846	36.5847	36.3667	36.1727	35.9023	35.5653	35.3476	35.0196	34.7337	34.5742	34.1501	34.0027	33.7799	33.4197	33.0653	32.8774	32.6736	32.2495	32.1316	31.7984	31.4658	31.2192	30.8227	30.7286	30.6621	30.5918	30.2726	30.2097	30.2896	30.1196	30.3255	30.5687	33.0335
Sin-CPnd_044-Ex1-2C-lcwgs-1-2.clmp.r1r2_fastp	38.9353	38.8301	39.1664	39.1378	39.2781	39.3655	39.1482	39.2694	39.3092	39.2642	39.3534	39.0219	39.1768	39.1785	39.2071	39.4122	39.4876	39.4512	39.343	39.4278	39.433	39.4027	39.3482	39.3845	39.3499	39.3092	39.1807	39.362	39.3257	39.1889	39.2296	39.2512	39.105	39.1381	39.1851	39.134	39.1924	39.1111	39.2937	39.1742	39.3134	39.2039	39.1331	39.1611	39.027	38.9375	39.2782	39.0025	39.117	39.0542	39.2138	39.1115	38.8788	39.1306	38.9464	38.9631	38.9023	38.8418	38.9177	39.0621	38.845	38.9066	38.9944	38.9531	38.9279	38.8961	39.0646	38.9794	39.0276	38.8403	38.9614	39.1598	39.1508	39.2114	38.9696	39.0811	39.1223	39.146	39.1591	39.252	39.1437	39.0395	39.2591	39.1332	38.9714	39.1503	39.1384	38.9686	39.0909	39.057	39.1573	39.1171	39.0168	38.9843	38.9847	38.919	38.9628	38.9378	39.0476	38.8957	38.7678	38.94	38.585	38.6384	38.472	38.3873	38.4864	38.3043	38.2344	38.0779	38.2615	38.0149	38.066	37.5645	37.6743	37.621	36.8158	36.9766	37.1138	36.6871	36.075	36.0386	36.1042	35.6789	35.4676	34.8631	34.6855	34.1372	33.4391	33.8752	33.9612	33.1713	33.6992	33.3474	32.5875	32.1236	31.8063	31.8701	31.2986	30.8959	31.0754	30.9313	31.2292	31.0	31.6393	30.3978	31.2644	31.0448	31.7975	33.2263
Sin-CPnd_045-Ex1-11H-lcwgs-1-2.clmp.r1r2_fastp	39.316	38.9991	39.3824	39.3613	39.4242	39.365	39.3027	39.357	39.3754	39.3587	39.4141	39.2026	39.3532	39.3003	39.3623	39.5562	39.6002	39.55	39.5265	39.5443	39.5869	39.5508	39.5224	39.5059	39.4698	39.4284	39.3956	39.4742	39.4987	39.4418	39.4201	39.4545	39.4218	39.4178	39.4327	39.4425	39.3933	39.3879	39.4708	39.4544	39.4417	39.4292	39.3302	39.3658	39.3084	39.1465	39.4445	39.3277	39.3588	39.2688	39.3627	39.2185	39.0901	39.2946	39.2108	39.1156	39.0741	39.1336	39.1123	39.0988	39.0606	39.0917	39.0945	39.1419	39.0414	39.2024	39.1427	39.0747	39.0153	39.0346	39.104	39.1822	39.2311	39.2514	39.2508	39.2467	39.2414	39.2437	39.2266	39.2342	39.2092	39.2202	39.2012	39.2032	39.1992	39.1988	39.1919	39.1775	39.168	39.1684	39.1517	39.1394	39.1363	39.12	39.0977	39.0911	39.0796	39.0559	39.025	39.015	38.9636	38.9243	38.848	38.7703	38.6999	38.5804	38.4684	38.4015	38.3076	38.1964	38.0677	37.9322	37.7798	37.6245	37.4514	37.2446	36.9838	36.783	36.5487	36.3099	36.1389	35.8631	35.5813	35.3426	35.0213	34.7036	34.5322	34.1448	33.9797	33.7796	33.4396	33.1619	32.8941	32.7126	32.3837	32.1921	31.8715	31.6688	31.4101	31.0055	30.8381	30.8324	30.7208	30.5302	30.5029	30.4126	30.346	30.4821	30.8262	33.326
Sin-CPnd_049-Ex1-4C-lcwgs-1-2.clmp.r1r2_fastp	39.3419	39.0646	39.3664	39.39	39.4538	39.4161	39.315	39.3813	39.3672	39.3745	39.4616	39.17	39.3094	39.2633	39.37	39.5426	39.6173	39.4942	39.5235	39.5369	39.5409	39.5459	39.5465	39.4864	39.4406	39.4285	39.3386	39.3931	39.4678	39.4268	39.4442	39.3908	39.3987	39.4202	39.385	39.3828	39.3685	39.3786	39.4483	39.445	39.4429	39.4458	39.3428	39.306	39.2114	39.1492	39.4726	39.378	39.3672	39.2297	39.373	39.1921	39.1129	39.3091	39.189	39.169	39.0154	39.042	39.1298	39.1014	39.0575	39.0367	39.0329	39.163	38.9512	39.188	39.0082	38.9814	38.9677	39.0547	38.9624	39.2153	39.2502	39.2272	39.1267	39.2109	39.1915	39.1223	39.0552	39.1416	39.0768	39.1603	39.2825	39.1373	39.1749	39.088	39.2234	39.1573	39.0778	39.0362	39.1335	39.1366	39.0878	39.1097	39.0466	39.059	39.1491	39.0083	39.0475	39.0684	38.8881	38.8569	38.8007	38.6711	38.7496	38.3779	38.5141	38.3402	38.1462	38.0364	38.0729	37.8829	37.6928	37.5211	37.3278	37.0863	36.5784	36.6309	36.3255	36.2378	35.8723	35.5443	35.5184	35.1045	34.9883	34.4263	34.6912	33.9969	33.8337	33.7296	33.5041	32.9915	32.407	32.7534	31.8197	32.2324	32.0134	31.5762	31.7251	30.856	30.9835	30.5272	30.8664	29.875	30.2523	30.0376	29.9614	30.1584	31.1586	33.2864
Sin-CPnd_050-Ex1-9B-lcwgs-1-2.clmp.r1r2_fastp	39.2282	39.0066	39.3575	39.3621	39.392	39.3865	39.3042	39.3529	39.3698	39.3574	39.3921	39.2043	39.3545	39.2926	39.3462	39.5348	39.5836	39.5364	39.5077	39.5292	39.5751	39.5263	39.5084	39.4789	39.4472	39.4055	39.3392	39.4369	39.4478	39.3961	39.3789	39.4045	39.3768	39.3738	39.3796	39.3895	39.341	39.3326	39.4171	39.4169	39.3876	39.3718	39.2748	39.3186	39.2294	39.0852	39.3903	39.2545	39.3006	39.1882	39.3004	39.1105	39.0173	39.2263	39.1295	39.0237	38.9792	39.034	39.0094	39.009	38.9697	38.983	39.0091	39.0512	38.9276	39.1377	39.0503	38.9807	38.9006	38.9304	39.0065	39.1018	39.1391	39.1919	39.1598	39.1645	39.1541	39.1347	39.1142	39.14	39.1107	39.116	39.0992	39.1058	39.089	39.1043	39.1165	39.0829	39.0934	39.0757	39.0184	39.0244	39.048	39.0233	38.9775	38.9865	38.9748	38.9338	38.9118	38.8826	38.8108	38.7675	38.6887	38.5835	38.5087	38.4261	38.2903	38.2455	38.114	38.0109	37.9117	37.6699	37.5758	37.4136	37.2224	37.052	36.7215	36.5694	36.3124	36.0659	35.9426	35.6159	35.3602	35.1396	34.9017	34.5306	34.4051	33.9768	33.8033	33.6397	33.3137	33.0516	32.7459	32.5538	32.1988	31.9374	31.7683	31.4571	31.3301	30.8988	30.7021	30.7669	30.4939	30.3857	30.2014	30.3649	30.1607	30.164	30.6607	33.2763
Sin-CPnd_051-Ex1-12G-lcwgs-1-2.clmp.r1r2_fastp	39.2214	39.0024	39.3461	39.3506	39.4104	39.3848	39.2988	39.3822	39.3639	39.3371	39.3941	39.1631	39.3374	39.2873	39.3393	39.5265	39.5754	39.5273	39.4972	39.516	39.5493	39.5265	39.4903	39.4781	39.4444	39.3898	39.3617	39.4264	39.4548	39.3885	39.3714	39.391	39.38	39.3547	39.3823	39.3908	39.3367	39.3316	39.4135	39.4095	39.3785	39.3727	39.2825	39.295	39.25	39.0652	39.3907	39.2605	39.29	39.192	39.3006	39.1282	38.988	39.2109	39.1306	39.0058	38.9787	39.0439	39.0039	39.0068	38.952	38.9919	38.9977	39.0696	38.9449	39.1095	39.0333	38.9848	38.9409	38.9262	39.0177	39.0951	39.1482	39.1643	39.1409	39.1367	39.1633	39.1394	39.1405	39.1395	39.1111	39.1272	39.1138	39.1256	39.1002	39.1007	39.1023	39.0842	39.0809	39.0664	39.0239	39.0418	39.0301	39.0151	39.0	38.9692	38.9843	38.9411	38.9052	38.9009	38.8385	38.8026	38.7069	38.6065	38.5353	38.3663	38.2878	38.2368	38.1536	37.9983	37.8757	37.7209	37.5529	37.4054	37.2874	37.0756	36.7803	36.5822	36.3456	36.1469	36.0341	35.7291	35.4711	35.1919	34.9218	34.6444	34.6083	34.121	33.9143	33.7441	33.463	33.2455	32.9526	32.7552	32.4841	32.3349	31.9699	31.8394	31.5079	31.0888	30.9405	30.8733	30.8411	30.553	30.6352	30.536	30.4718	30.7059	31.0482	33.4897
Sin-CPnd_053-Ex1-9G-lcwgs-1-2.clmp.r1r2_fastp	39.2257	38.97	39.3293	39.3493	39.4025	39.3748	39.2814	39.3532	39.3582	39.326	39.3873	39.1716	39.3153	39.2691	39.3307	39.5296	39.5659	39.5368	39.4909	39.5203	39.5678	39.5301	39.4979	39.4803	39.4436	39.3719	39.3487	39.4297	39.452	39.4015	39.3774	39.3992	39.3652	39.354	39.3685	39.3954	39.3558	39.3327	39.4153	39.4016	39.4014	39.3767	39.2696	39.3177	39.2467	39.0552	39.3791	39.2457	39.2807	39.1824	39.2924	39.1147	38.9811	39.218	39.1358	39.0266	38.9778	39.0401	39.0071	39.0028	38.9605	38.9863	38.9776	39.0382	38.9244	39.1016	39.0367	38.9421	38.8955	38.9184	38.996	39.11	39.1381	39.1748	39.1635	39.1376	39.1395	39.1541	39.1528	39.1346	39.1196	39.1274	39.1131	39.1252	39.1268	39.0932	39.0996	39.068	39.0627	39.0818	39.0436	39.023	39.0297	39.0122	38.9862	38.9653	38.9538	38.9306	38.912	38.8782	38.8108	38.7521	38.6684	38.5995	38.4962	38.3923	38.2578	38.2189	38.0848	37.9228	37.7926	37.7137	37.5315	37.3417	37.1786	36.9599	36.6564	36.5903	36.3117	36.0269	35.8119	35.5684	35.3628	35.127	34.77	34.396	34.3346	33.9273	33.714	33.4603	33.1374	32.8191	32.6502	32.4414	32.0409	31.8579	31.587	31.3878	31.0747	30.7006	30.454	30.4997	30.2364	30.1386	30.1333	30.0502	29.9518	29.951	30.4056	33.1858
Sin-CPnd_058-Ex1-9D-lcwgs-1-2.clmp.r1r2_fastp	39.2528	39.0186	39.3441	39.3585	39.4138	39.3941	39.282	39.3445	39.3454	39.3538	39.3976	39.192	39.331	39.2707	39.3372	39.5368	39.5984	39.5202	39.5089	39.525	39.5509	39.5241	39.5012	39.485	39.4578	39.3871	39.3389	39.4337	39.4479	39.4006	39.3731	39.4232	39.3681	39.382	39.3936	39.3972	39.3658	39.3506	39.421	39.4108	39.3964	39.3666	39.2815	39.3223	39.2477	39.0795	39.3928	39.2545	39.3028	39.2013	39.2855	39.111	38.9864	39.2026	39.134	39.0292	38.9811	39.0562	39.0058	39.0183	38.9609	38.9988	39.0177	39.038	38.9185	39.1212	39.0371	38.9758	38.9296	38.9325	39.0283	39.1063	39.1368	39.1531	39.1413	39.1791	39.1344	39.1241	39.144	39.127	39.1358	39.1263	39.0869	39.123	39.1064	39.1323	39.0857	39.0901	39.0509	39.0666	39.0367	39.0444	39.0122	39.0127	38.9835	38.9886	38.9661	38.9094	38.9045	38.8838	38.8152	38.7829	38.6774	38.5757	38.4811	38.3757	38.2493	38.1528	38.0517	37.9186	37.7797	37.639	37.4628	37.2993	37.1402	36.9682	36.6377	36.4912	36.3062	36.0674	35.7891	35.5343	35.2713	34.9865	34.6538	34.3703	34.3005	33.7998	33.7007	33.4524	33.1541	32.8854	32.559	32.4432	32.0618	31.9127	31.7527	31.3476	31.2332	30.5751	30.4303	30.5091	30.4253	30.1993	30.192	30.1543	29.8992	30.0738	30.4334	33.3683
Sin-CPnd_061-Ex1-9A-lcwgs-1-2.clmp.r1r2_fastp	39.2456	38.9899	39.3443	39.3606	39.3739	39.355	39.2859	39.3453	39.3556	39.3359	39.3969	39.177	39.3327	39.2767	39.3451	39.5302	39.5733	39.5409	39.5002	39.5291	39.5578	39.5202	39.4923	39.4643	39.4465	39.3855	39.338	39.4213	39.4377	39.3911	39.3624	39.3981	39.3633	39.3464	39.3545	39.3852	39.3534	39.3294	39.4131	39.3885	39.3659	39.3723	39.2667	39.3121	39.2321	39.0658	39.3786	39.2594	39.2821	39.1911	39.2876	39.1029	38.974	39.2026	39.1147	38.9717	38.9689	39.0285	38.9966	38.9839	38.958	38.9683	39.0015	39.0305	38.8972	39.0988	39.0284	38.9658	38.8991	38.9092	38.9892	39.0882	39.1276	39.1361	39.1741	39.1469	39.1464	39.1487	39.1318	39.1389	39.0859	39.1298	39.1201	39.1196	39.0903	39.1094	39.1209	39.0985	39.0773	39.0791	39.0598	39.0726	39.0493	39.0115	39.0107	38.9964	38.9946	38.9459	38.9505	38.911	38.861	38.8256	38.7594	38.6764	38.602	38.4652	38.3324	38.2673	38.1944	38.0686	37.9207	37.8128	37.6897	37.5298	37.349	37.1197	36.8826	36.7026	36.5351	36.2416	36.0564	35.8584	35.5489	35.3185	34.9743	34.7673	34.5642	34.2325	34.046	33.8843	33.4777	33.2272	32.9833	32.7948	32.5389	32.4071	31.996	31.8169	31.5782	31.0964	30.9775	30.9919	30.8318	30.6744	30.6685	30.5715	30.54	30.5315	30.9313	33.4559
Sin-CPnd_062-Ex1-11D-lcwgs-1-2.clmp.r1r2_fastp	39.2016	39.0003	39.3565	39.3564	39.3971	39.3645	39.2683	39.3336	39.3677	39.3314	39.4049	39.1752	39.3339	39.2918	39.3483	39.539	39.594	39.5335	39.5039	39.5375	39.5709	39.5322	39.5055	39.4909	39.4541	39.4032	39.36	39.4559	39.471	39.4218	39.3883	39.4329	39.4112	39.3845	39.4041	39.4279	39.3681	39.3568	39.4319	39.4257	39.4098	39.3933	39.2984	39.3345	39.2679	39.0922	39.4187	39.2695	39.3071	39.2289	39.3138	39.1579	39.0153	39.2327	39.1637	39.0586	39.024	39.0776	39.0413	39.0323	38.9994	39.0175	39.0235	39.0813	38.966	39.1528	39.0635	39.0087	38.9479	38.9477	39.0336	39.1369	39.1886	39.1909	39.1744	39.1722	39.1679	39.1881	39.1655	39.1836	39.1386	39.1522	39.1246	39.1471	39.1157	39.1252	39.1443	39.091	39.0941	39.0809	39.1171	39.0716	39.0577	39.0689	39.0226	38.9867	38.9816	38.9457	38.9453	38.9221	38.8532	38.8052	38.7314	38.6434	38.553	38.3895	38.2889	38.1853	38.1029	37.9985	37.8203	37.7043	37.5635	37.4028	37.1968	37.0267	36.731	36.5525	36.27	36.0535	35.8174	35.571	35.3064	35.0703	34.6391	34.3704	34.2166	33.87	33.6562	33.5215	33.1907	32.8456	32.5995	32.4503	32.0365	31.8119	31.585	31.2922	31.0581	30.657	30.5379	30.479	30.3466	30.1653	30.0543	30.0071	29.9849	30.0866	30.507	33.1952
Sin-CPnd_063-Ex1-9F-lcwgs-1-2.clmp.r1r2_fastp	39.255	39.0105	39.3674	39.3483	39.4408	39.4037	39.3272	39.3591	39.3444	39.3475	39.3983	39.1854	39.3497	39.2728	39.3482	39.5552	39.5974	39.5372	39.5106	39.5274	39.5802	39.5341	39.4931	39.4758	39.452	39.3981	39.3529	39.4341	39.4814	39.4138	39.3763	39.4078	39.3828	39.3656	39.3799	39.4055	39.3548	39.356	39.4272	39.421	39.3986	39.3932	39.2804	39.3298	39.2696	39.0867	39.4035	39.2714	39.3189	39.2262	39.3127	39.1535	39.0151	39.2313	39.1549	39.0308	39.0115	39.0507	39.0462	39.0437	38.9977	39.0449	39.0369	39.0681	38.9749	39.1438	39.091	39.0168	38.9459	38.9835	39.0402	39.1455	39.1669	39.1715	39.1989	39.1852	39.1628	39.2076	39.1632	39.1676	39.1536	39.1425	39.1453	39.1157	39.1274	39.1109	39.16	39.1174	39.1131	39.0975	39.0846	39.0768	39.0709	39.0587	39.0166	39.0058	38.9866	38.9765	38.9698	38.9349	38.893	38.856	38.7753	38.6396	38.6091	38.4395	38.3206	38.2684	38.1832	38.0927	37.9196	37.8369	37.646	37.5162	37.3603	37.125	36.8943	36.6305	36.4839	36.2073	36.1108	35.8087	35.5463	35.3183	34.9694	34.6189	34.4679	34.1199	33.976	33.81	33.3258	33.0917	32.873	32.6958	32.36	32.0725	31.865	31.5925	31.3693	30.9377	30.8003	30.7669	30.7582	30.4205	30.4297	30.4394	30.2392	30.4044	30.7229	33.3855
Sin-CPnd_065-Ex1-11B-lcwgs-1-2.clmp.r1r2_fastp	39.1833	38.973	39.3575	39.3727	39.3902	39.3792	39.311	39.3524	39.3636	39.3453	39.4035	39.1824	39.3519	39.2901	39.3506	39.5549	39.6047	39.5435	39.5181	39.5331	39.581	39.5364	39.5117	39.5077	39.4693	39.4089	39.3694	39.4403	39.4755	39.4318	39.3907	39.4352	39.3937	39.39	39.4131	39.4363	39.3667	39.3594	39.4537	39.4174	39.4045	39.3917	39.2927	39.3457	39.2574	39.1131	39.409	39.2931	39.3159	39.2291	39.3223	39.1811	39.0495	39.2635	39.1809	39.0833	39.0315	39.0833	39.0483	39.046	39.0025	39.041	39.0198	39.0797	38.9675	39.1528	39.0855	39.004	38.9557	38.9844	39.0583	39.1321	39.1844	39.2252	39.2029	39.178	39.1867	39.1907	39.1753	39.1724	39.1584	39.1538	39.1433	39.1329	39.1353	39.1465	39.1262	39.1131	39.1179	39.1082	39.09	39.0628	39.069	39.0704	39.0203	39.0454	38.9877	38.9579	38.9448	38.9383	38.9185	38.8293	38.762	38.6766	38.5922	38.4483	38.3283	38.2718	38.1641	38.0466	37.8908	37.7382	37.5621	37.4386	37.2638	37.0354	36.7822	36.576	36.3269	36.0761	35.8908	35.606	35.2662	35.0088	34.7243	34.354	34.1784	33.7842	33.6275	33.4304	33.0425	32.7615	32.5071	32.3532	31.9482	31.7879	31.4624	31.2525	30.9251	30.5278	30.4009	30.3076	30.2448	30.0455	29.9551	29.9101	29.8877	30.0083	30.4622	33.0982
Sin-CPnd_067-Ex1-9C-lcwgs-1-2.clmp.r1r2_fastp	39.2502	39.0194	39.3538	39.3471	39.4334	39.4137	39.3216	39.3731	39.3663	39.3468	39.4194	39.171	39.3528	39.2924	39.3639	39.5398	39.5954	39.5473	39.5144	39.5287	39.5596	39.5322	39.4963	39.4818	39.4714	39.4137	39.352	39.4393	39.4625	39.4052	39.3895	39.415	39.3917	39.3746	39.3809	39.4027	39.3463	39.3487	39.4198	39.407	39.3756	39.3646	39.2738	39.3025	39.258	39.0783	39.389	39.2726	39.2969	39.1852	39.2937	39.1537	38.9771	39.2247	39.1126	39.0318	38.9972	39.0523	39.0053	39.0099	38.964	39.0059	39.0035	39.0447	38.9497	39.1237	39.0305	38.9731	38.9353	38.9707	39.0354	39.105	39.1254	39.1732	39.1768	39.1462	39.162	39.169	39.131	39.1398	39.1538	39.1599	39.1012	39.1339	39.109	39.121	39.1153	39.1253	39.0812	39.077	39.0462	39.0581	39.0693	39.0406	38.9996	39.0046	38.9997	39.0235	38.9492	38.9293	38.9019	38.832	38.7474	38.6515	38.5905	38.4634	38.3552	38.2714	38.1675	38.0376	37.94	37.8431	37.6298	37.4679	37.2789	37.0814	36.8856	36.7436	36.4599	36.2373	36.0892	35.8561	35.5415	35.321	35.0259	34.7366	34.5138	34.111	33.9738	33.7324	33.4521	33.2012	32.9155	32.753	32.4603	32.2554	31.83	31.6338	31.4509	31.019	30.8344	30.8324	30.7392	30.4487	30.5169	30.3712	30.3122	30.431	30.802	33.495
Sin-CPnd_074-Ex1-12A-lcwgs-1-2.clmp.r1r2_fastp	39.214	38.9855	39.3261	39.3559	39.3899	39.3499	39.3178	39.3548	39.369	39.3463	39.4083	39.1858	39.3397	39.2902	39.3481	39.5288	39.5842	39.5083	39.4866	39.5161	39.5522	39.5308	39.4826	39.4866	39.4426	39.3809	39.3261	39.4066	39.441	39.3724	39.3557	39.3775	39.3577	39.3404	39.3644	39.3655	39.3194	39.3051	39.3938	39.3685	39.3443	39.3542	39.2421	39.2832	39.2107	39.0393	39.3457	39.2249	39.268	39.1695	39.264	39.1115	38.9597	39.2051	39.1043	38.9933	38.9601	38.989	38.9571	38.9592	38.929	38.969	38.9921	39.0352	38.9123	39.0961	39.0348	38.9641	38.8734	38.9175	38.9981	39.0751	39.1177	39.1303	39.159	39.1153	39.1254	39.1553	39.1116	39.1251	39.0865	39.1137	39.0932	39.1057	39.0894	39.0772	39.0853	39.0511	39.1048	39.0552	39.0091	39.0442	39.0254	39.0033	39.0016	38.97	38.9862	38.9451	38.9072	38.8792	38.8518	38.7777	38.6987	38.6107	38.5325	38.4314	38.308	38.2522	38.1702	38.0521	37.9416	37.8351	37.6982	37.4905	37.3434	37.1483	36.9136	36.732	36.4996	36.2767	36.1117	35.8853	35.6057	35.3829	35.082	34.8167	34.6612	34.3052	34.1981	33.9597	33.6027	33.3197	33.1349	33.0123	32.6757	32.506	32.154	31.9881	31.7128	31.309	31.1588	31.1485	31.142	30.9008	30.8976	30.6388	30.6271	30.8024	31.2711	33.5482
Sin-CPnd_075-Ex1-11G-lcwgs-1-2.clmp.r1r2_fastp	39.1699	38.9602	39.3322	39.3461	39.397	39.3645	39.2682	39.3485	39.3444	39.3238	39.3821	39.1698	39.3101	39.2639	39.3455	39.5372	39.5814	39.5361	39.5124	39.5242	39.5618	39.5295	39.5021	39.4754	39.4542	39.3988	39.3668	39.4397	39.4704	39.4179	39.3852	39.4265	39.3994	39.3757	39.3815	39.4141	39.3457	39.3563	39.4352	39.4211	39.4104	39.397	39.303	39.3347	39.27	39.0871	39.4083	39.2999	39.3335	39.2184	39.33	39.1799	39.0473	39.2629	39.1783	39.0611	39.0152	39.0886	39.0377	39.0459	38.9876	39.0342	39.0368	39.0881	38.9688	39.1407	39.0843	39.0199	38.9564	38.9671	39.0619	39.1415	39.1994	39.2154	39.2063	39.1943	39.191	39.1827	39.1816	39.1756	39.1774	39.1672	39.1514	39.1599	39.1547	39.1602	39.1533	39.1301	39.1176	39.1038	39.1099	39.0819	39.0845	39.072	39.0477	39.0448	39.0154	38.9955	38.9398	38.9205	38.9187	38.8273	38.7632	38.6235	38.5383	38.4056	38.3011	38.2228	38.0998	37.9956	37.8224	37.6757	37.4986	37.3549	37.1226	36.9297	36.6042	36.4345	36.1364	35.8906	35.6868	35.413	35.0872	34.8126	34.4419	34.1132	33.9939	33.5498	33.3408	33.1978	32.8275	32.5345	32.249	32.0963	31.6705	31.4799	31.1541	30.9078	30.6569	30.1745	30.0806	30.0211	29.9295	29.6831	29.7742	29.6655	29.4705	29.6369	30.1528	32.9449
Sin-CPnd_076-Ex1-10E-lcwgs-1-2.clmp.r1r2_fastp	39.3026	39.058	39.3796	39.3756	39.4032	39.3727	39.3341	39.3747	39.3901	39.3667	39.4091	39.2063	39.3539	39.296	39.3734	39.554	39.5933	39.5427	39.5117	39.5427	39.5785	39.5429	39.5099	39.4978	39.4629	39.4242	39.3861	39.4599	39.4902	39.4264	39.4112	39.4539	39.4127	39.3994	39.4118	39.427	39.37	39.368	39.4432	39.4274	39.4196	39.4056	39.3062	39.3379	39.2823	39.1302	39.4274	39.2933	39.3238	39.2213	39.3259	39.1914	39.0467	39.2594	39.1835	39.0851	39.0318	39.1048	39.0671	39.0606	39.0352	39.0736	39.0737	39.1206	38.9979	39.1742	39.1114	39.0469	38.9985	39.0015	39.105	39.1745	39.2032	39.2396	39.2408	39.2334	39.2371	39.2262	39.2303	39.2288	39.1832	39.1973	39.1854	39.1817	39.1826	39.1811	39.1853	39.1804	39.1362	39.156	39.1497	39.1351	39.1455	39.1163	39.1082	39.0787	39.0756	39.0501	39.0211	39.0142	38.9435	38.9046	38.8428	38.7545	38.6763	38.5648	38.432	38.3877	38.3122	38.1961	38.0771	37.9014	37.7981	37.6182	37.4863	37.2696	37.0481	36.8699	36.5944	36.4247	36.221	35.9709	35.6937	35.434	35.2076	34.8522	34.6746	34.3121	34.1345	33.9794	33.6148	33.3835	33.1449	32.8983	32.6163	32.4411	32.1352	31.936	31.6921	31.3242	31.1088	31.1265	31.0257	30.7891	30.7685	30.6597	30.6411	30.7715	31.1256	33.5663
Sin-CPnd_079-Ex1-9H-lcwgs-1-2.clmp.r1r2_fastp	39.2045	38.9959	39.3585	39.3347	39.4248	39.3748	39.2797	39.3574	39.3473	39.3307	39.3976	39.1919	39.3105	39.2637	39.32	39.5493	39.5657	39.522	39.5091	39.5323	39.5625	39.5161	39.494	39.4613	39.437	39.3772	39.3443	39.4213	39.4438	39.3956	39.3705	39.4004	39.3684	39.3556	39.3562	39.3963	39.3473	39.3265	39.4093	39.408	39.3769	39.3592	39.2579	39.3143	39.2449	39.0747	39.3822	39.2556	39.2889	39.1744	39.2879	39.1333	38.9708	39.1952	39.1234	39.007	38.9728	39.0273	39.0072	38.9908	38.9697	38.9811	38.9902	39.0138	38.9096	39.0889	39.0368	38.9745	38.873	38.9428	38.9956	39.0747	39.1339	39.1603	39.135	39.1485	39.1335	39.1334	39.1391	39.1123	39.1048	39.0846	39.0992	39.0987	39.1016	39.0772	39.0712	39.0714	39.0595	39.0335	39.0316	39.0415	39.0164	38.9974	38.9859	38.9651	38.9702	38.9323	38.9022	38.8796	38.8507	38.7755	38.6569	38.5988	38.5411	38.3753	38.2745	38.1223	38.0656	37.8975	37.7892	37.6205	37.489	37.3772	37.1099	36.93	36.7047	36.4723	36.3032	36.0571	35.8957	35.5788	35.2665	35.0324	34.7365	34.3217	34.2323	33.8178	33.6564	33.4458	33.2609	32.8243	32.5894	32.4589	32.0894	31.918	31.5752	31.4	31.0763	30.7385	30.4841	30.4638	30.2351	30.095	30.1123	30.0504	29.871	30.0213	30.5396	33.2938
Sin-CPnd_080-Ex1-2E-lcwgs-1-2.clmp.r1r2_fastp	39.3634	39.0307	39.3758	39.3962	39.436	39.4066	39.3065	39.3904	39.4429	39.3555	39.4871	39.2299	39.4344	39.255	39.2546	39.5203	39.6213	39.6013	39.5494	39.5743	39.5652	39.5498	39.5195	39.4684	39.4784	39.473	39.4288	39.5062	39.5374	39.3879	39.4186	39.3904	39.4257	39.4016	39.4536	39.4273	39.3624	39.3848	39.4697	39.4217	39.4375	39.3833	39.36	39.4172	39.3309	39.1693	39.4226	39.3126	39.3128	39.2092	39.3906	39.0713	39.0726	39.2803	39.1461	39.0789	39.0994	39.1198	39.1208	39.121	38.9868	39.0658	39.0423	39.0504	39.036	39.048	39.0658	39.0127	38.9372	38.9612	39.0092	39.2085	39.1678	39.2711	39.2114	39.194	39.2442	39.2058	39.1449	39.0879	39.1518	39.1754	39.18	39.1715	39.1756	39.2265	39.1528	39.136	39.1479	39.1623	39.1461	39.1108	39.0919	39.1193	39.106	39.0367	39.1049	39.0638	38.9554	38.9856	38.8797	38.8729	38.8993	38.7249	38.5589	38.5008	38.457	38.4436	38.3228	38.1179	38.0208	37.9308	37.7576	37.7949	37.5219	37.1809	37.0877	36.9795	36.7845	36.3748	36.3564	36.0441	35.8124	35.625	35.4013	34.9782	34.8002	34.4536	34.4888	34.3964	33.9908	33.9906	33.3953	33.2701	32.6347	32.7608	32.3289	32.2117	31.8587	31.2323	31.1145	31.5991	31.1956	31.1792	31.1283	31.0949	31.004	30.9392	31.3315	33.7677
Sin-CPnd_081-Ex1-10G-lcwgs-1-2.clmp.r1r2_fastp	39.2385	38.9739	39.341	39.351	39.4027	39.377	39.2662	39.3641	39.3564	39.3256	39.3788	39.158	39.3269	39.2585	39.3354	39.549	39.5837	39.548	39.5159	39.5359	39.5714	39.5472	39.5078	39.4857	39.4665	39.4152	39.3843	39.4437	39.4756	39.4169	39.3989	39.4191	39.3895	39.3911	39.401	39.4185	39.375	39.3599	39.4485	39.436	39.4063	39.4043	39.304	39.3297	39.2735	39.0859	39.4096	39.2884	39.3201	39.2288	39.3281	39.1807	39.0532	39.2642	39.163	39.0638	39.0222	39.0836	39.0578	39.0466	39.0042	39.0434	39.047	39.0897	38.9854	39.1549	39.0803	39.0146	38.9603	38.9398	39.0465	39.1441	39.1922	39.2227	39.2101	39.1944	39.1855	39.1938	39.1786	39.191	39.1607	39.1635	39.1724	39.1669	39.1434	39.1569	39.1532	39.1268	39.135	39.1145	39.1258	39.0952	39.1113	39.078	39.0622	39.0629	39.0593	38.9961	39.0026	38.9943	38.9136	38.8629	38.8154	38.7245	38.6512	38.5119	38.424	38.3158	38.2396	38.1341	38.0116	37.8173	37.7025	37.5505	37.3556	37.133	36.8643	36.7196	36.4547	36.1956	36.0251	35.7548	35.4878	35.2571	34.9047	34.5964	34.3738	34.0659	33.8295	33.6768	33.3526	33.0339	32.758	32.5165	32.3206	31.9775	31.7432	31.5012	31.2366	30.8332	30.6133	30.6822	30.5592	30.368	30.355	30.3085	30.1809	30.2308	30.6972	33.3421
Sin-CPnd_085-Ex1-4H-lcwgs-1-2.clmp.r1r2_fastp	39.2339	38.9557	39.3723	39.3389	39.4144	39.3536	39.2765	39.3517	39.3546	39.3445	39.42	39.1774	39.3381	39.2795	39.3303	39.552	39.615	39.5546	39.5316	39.5554	39.5912	39.5506	39.5202	39.5013	39.4582	39.4246	39.4025	39.4848	39.5013	39.455	39.4304	39.4686	39.4171	39.4207	39.4369	39.4553	39.4193	39.4032	39.4787	39.4571	39.4506	39.433	39.3209	39.3602	39.3176	39.1445	39.45	39.3295	39.3641	39.2761	39.3653	39.2247	39.0831	39.2957	39.2208	39.1141	39.0535	39.1244	39.1117	39.1095	39.0732	39.1001	39.0996	39.1373	39.0481	39.2027	39.1319	39.0646	39.0075	39.0324	39.1124	39.1905	39.2273	39.25	39.2489	39.239	39.232	39.2448	39.2358	39.2191	39.1889	39.1922	39.2024	39.1856	39.1953	39.1836	39.1746	39.1627	39.16	39.1499	39.1396	39.1208	39.1278	39.0861	39.0906	39.0818	39.0765	39.0504	39.019	39.0126	38.9539	38.931	38.8517	38.7681	38.7115	38.5782	38.4644	38.4039	38.3033	38.1925	38.0809	37.9438	37.8285	37.6597	37.4956	37.2572	37.0219	36.8224	36.6506	36.3801	36.196	35.9523	35.6598	35.4018	35.0643	34.7484	34.578	34.1731	34.0638	33.8375	33.4988	33.2116	32.9241	32.7657	32.3833	32.2401	31.8825	31.6934	31.3593	30.9809	30.8011	30.7784	30.6186	30.4716	30.3719	30.2998	30.2517	30.3985	30.7269	33.2737
Sin-CPnd_088-Ex1-2D-lcwgs-1-2.clmp.r1r2_fastp	39.2082	38.934	39.2705	39.3356	39.3701	39.3887	39.192	39.3569	39.3353	39.1956	39.3971	39.1284	39.3215	39.24	39.3071	39.5255	39.5549	39.4295	39.4571	39.5315	39.5231	39.4463	39.3893	39.4907	39.392	39.2951	39.3791	39.3461	39.4409	39.3533	39.2975	39.4451	39.2903	39.337	39.2418	39.3157	39.261	39.1471	39.3511	39.3092	39.2735	39.2832	39.1472	39.2439	39.1131	39.0377	39.2555	39.1007	39.2466	39.1176	39.2002	39.1072	38.9387	39.0918	38.9787	38.9915	38.8973	38.9277	38.9248	38.924	38.9034	38.8037	38.7807	38.9324	38.8579	39.0939	38.9864	38.8772	38.8645	38.8628	38.9026	39.0645	38.9862	39.1239	39.1892	39.1824	39.0398	39.2107	39.0796	39.1777	39.1708	39.1288	39.0947	39.1009	39.1472	39.1338	39.1927	39.0862	38.9837	39.0989	39.046	39.0645	38.8961	39.0564	39.0102	39.1613	39.0201	39.0891	39.014	38.8956	38.8892	38.7213	38.8853	38.6155	38.6801	38.597	38.461	38.3214	38.2877	38.0424	38.2645	37.9611	37.8444	37.564	37.7407	37.3868	37.2743	36.7328	36.6777	36.4045	36.2295	36.1097	35.8093	35.4422	35.6429	34.8511	34.9428	34.5593	34.474	33.497	33.9293	33.4044	32.9088	32.8119	32.4376	31.6458	32.2638	31.1293	31.5194	30.0788	31.0	31.018	31.5492	30.2703	30.4681	30.1404	29.0631	30.1546	30.9752	32.8889
Sin-CPnd_089-Ex1-9E-lcwgs-1-2.clmp.r1r2_fastp	39.2512	39.0095	39.3731	39.3577	39.3881	39.3729	39.3226	39.3651	39.3605	39.3634	39.4101	39.1815	39.3458	39.2884	39.3482	39.5388	39.5797	39.5364	39.5025	39.5289	39.5688	39.5309	39.5022	39.4789	39.442	39.3944	39.3503	39.443	39.4839	39.3986	39.3788	39.4068	39.3812	39.3711	39.382	39.4218	39.3507	39.35	39.4285	39.4121	39.3959	39.3908	39.2899	39.3123	39.2398	39.0954	39.4072	39.2708	39.3061	39.2019	39.3059	39.1352	38.9917	39.2212	39.1434	39.0252	38.9957	39.0598	39.0336	39.0291	38.9699	39.0195	39.0096	39.0719	38.9522	39.1232	39.0711	39.0148	38.9333	38.9601	39.0558	39.1371	39.1738	39.1945	39.1782	39.1762	39.1732	39.174	39.164	39.1685	39.1379	39.1663	39.1535	39.1518	39.1242	39.1255	39.1408	39.1329	39.1019	39.0899	39.0866	39.0912	39.0788	39.0513	39.0458	39.0326	39.0166	38.962	38.962	38.9696	38.9148	38.8609	38.7541	38.7178	38.6303	38.4878	38.3889	38.3105	38.2047	38.1112	37.9831	37.8475	37.7225	37.5877	37.3936	37.2395	36.956	36.8163	36.586	36.374	36.1668	35.9089	35.677	35.4235	35.1655	34.818	34.6984	34.3717	34.1631	33.9942	33.6302	33.361	33.1732	32.9453	32.6862	32.4339	32.1661	31.9345	31.7041	31.3098	31.1189	31.1054	31.0268	30.7341	30.7941	30.728	30.7132	30.7039	31.0819	33.5023
Sin-CPnd_090-Ex1-12F-lcwgs-1-2.clmp.r1r2_fastp	39.3064	39.0224	39.412	39.3892	39.4659	39.4346	39.3631	39.4049	39.4041	39.3929	39.4482	39.2362	39.3915	39.3373	39.3986	39.5797	39.6233	39.5704	39.5504	39.5632	39.6056	39.5725	39.546	39.5296	39.4839	39.4555	39.4234	39.5032	39.5222	39.4681	39.4365	39.4725	39.4458	39.4415	39.448	39.4673	39.4103	39.4086	39.4799	39.4746	39.4565	39.4423	39.3412	39.3811	39.3327	39.1645	39.4598	39.3447	39.3648	39.2745	39.376	39.2135	39.0708	39.2943	39.217	39.108	39.0839	39.1428	39.1063	39.106	39.0668	39.095	39.1018	39.1421	39.0403	39.1997	39.1426	39.0729	39.0166	39.0365	39.111	39.1914	39.2217	39.2411	39.2325	39.2303	39.2275	39.2273	39.2125	39.2169	39.1966	39.2039	39.1939	39.1879	39.1833	39.1713	39.1671	39.1536	39.1455	39.1523	39.1325	39.1178	39.1113	39.0946	39.0846	39.0692	39.0589	39.031	39.0085	38.9909	38.9401	38.8909	38.8328	38.7538	38.6894	38.5695	38.4743	38.4081	38.3206	38.2199	38.1035	37.9779	37.8366	37.7039	37.5569	37.3742	37.1148	36.9523	36.7466	36.5295	36.3715	36.1239	35.8697	35.6426	35.3562	35.0592	34.899	34.5328	34.383	34.1994	33.9014	33.6374	33.3889	33.215	32.9115	32.734	32.434	32.2232	31.9964	31.6104	31.4545	31.4393	31.3478	31.1685	31.1403	31.0186	30.9817	31.0678	31.4095	33.7194
Sin-CPnd_092-Ex1-11F-lcwgs-1-2.clmp.r1r2_fastp	39.2173	38.946	39.3534	39.3514	39.4311	39.3931	39.3197	39.3472	39.3747	39.3531	39.4027	39.206	39.3336	39.2777	39.3482	39.5519	39.6028	39.5486	39.5056	39.5377	39.5666	39.5455	39.5235	39.5136	39.4662	39.4226	39.379	39.4557	39.4979	39.4374	39.391	39.4413	39.4048	39.4093	39.4131	39.4312	39.3779	39.3595	39.461	39.4405	39.43	39.4017	39.3102	39.3504	39.2786	39.1232	39.4185	39.2948	39.3163	39.2516	39.3436	39.1875	39.0514	39.2773	39.1889	39.072	39.0471	39.1056	39.0853	39.0519	39.0148	39.0647	39.0559	39.0913	38.9995	39.183	39.1056	39.0513	38.9849	38.9986	39.0558	39.1602	39.1952	39.1977	39.2366	39.2108	39.2057	39.2255	39.1996	39.1929	39.1765	39.1847	39.1705	39.1672	39.1642	39.1719	39.1442	39.1277	39.1169	39.1207	39.1102	39.0919	39.0768	39.0738	39.0522	39.0331	39.0402	39.0233	38.9721	38.9475	38.8958	38.8564	38.7754	38.6692	38.6162	38.462	38.3182	38.3002	38.1746	38.0395	37.8999	37.7621	37.6247	37.4635	37.2197	36.9786	36.7859	36.5628	36.2794	36.1136	35.9231	35.5615	35.2432	35.0693	34.713	34.3914	34.1319	33.7913	33.664	33.449	33.0654	32.7935	32.5226	32.3254	32.1061	31.7319	31.3581	31.1871	30.9513	30.551	30.3737	30.4306	30.2018	29.9555	29.7967	29.9497	29.765	29.9611	30.3231	33.0339
Sin-CPnd_093-Ex1-10C-lcwgs-1-2.clmp.r1r2_fastp	39.2798	39.0084	39.3454	39.3709	39.4289	39.4165	39.3166	39.3723	39.3822	39.3472	39.4143	39.2134	39.3593	39.3127	39.3635	39.5696	39.6057	39.5617	39.5312	39.54	39.5854	39.5555	39.518	39.5131	39.4793	39.4301	39.3841	39.4686	39.505	39.445	39.4269	39.4615	39.4168	39.4217	39.4247	39.4399	39.399	39.3878	39.4694	39.4494	39.4446	39.4253	39.3276	39.3493	39.3237	39.1678	39.453	39.3253	39.3662	39.267	39.3632	39.1995	39.0615	39.2864	39.2042	39.1074	39.0581	39.1232	39.0939	39.0926	39.0662	39.0887	39.0858	39.1455	39.0336	39.1969	39.1084	39.0875	39.0153	39.0324	39.1035	39.1956	39.2219	39.2582	39.2559	39.2569	39.2371	39.2516	39.245	39.2316	39.1993	39.2334	39.2052	39.2165	39.2025	39.1912	39.2056	39.1823	39.1638	39.1706	39.1548	39.1437	39.1467	39.1081	39.1129	39.1129	39.1213	39.0684	39.0297	39.0015	38.9714	38.9004	38.8523	38.796	38.6928	38.5854	38.478	38.4269	38.34	38.2168	38.0831	37.9517	37.8243	37.7213	37.5107	37.3453	37.0716	36.8734	36.6703	36.41	36.2339	35.9739	35.6932	35.4575	35.1764	34.8462	34.6678	34.2772	34.1974	33.9762	33.6316	33.3696	33.0863	32.9287	32.563	32.3594	32.0582	31.7779	31.56	31.1807	31.0108	31.0443	30.8568	30.6697	30.643	30.5128	30.4716	30.5815	30.983	33.3684
Sin-CPnd_094-Ex1-3H-lcwgs-1-2.clmp.r1r2_fastp	39.2666	38.9479	39.3808	39.3504	39.4197	39.358	39.2741	39.3505	39.3528	39.3403	39.4026	39.1883	39.3366	39.2755	39.3379	39.5534	39.6023	39.553	39.5128	39.5475	39.5852	39.559	39.5157	39.4916	39.4676	39.4324	39.3903	39.4844	39.4972	39.4499	39.4221	39.4659	39.4279	39.4155	39.4344	39.4435	39.4063	39.4023	39.477	39.4677	39.4516	39.4411	39.3403	39.3741	39.3191	39.1381	39.4513	39.335	39.3689	39.2668	39.3669	39.2275	39.087	39.2941	39.2134	39.1136	39.0736	39.1338	39.1124	39.1099	39.0707	39.0913	39.1005	39.1439	39.0506	39.2061	39.151	39.0791	39.0123	39.0444	39.1145	39.195	39.2395	39.2593	39.2437	39.2465	39.2448	39.2423	39.2343	39.2312	39.2196	39.2217	39.2098	39.2093	39.2094	39.1854	39.2006	39.1788	39.1729	39.1859	39.1678	39.1514	39.143	39.1271	39.1152	39.0996	39.0952	39.0652	39.0445	39.0331	38.9852	38.9455	38.8805	38.8063	38.7259	38.5968	38.5005	38.4268	38.336	38.2451	38.1047	37.9834	37.8261	37.6645	37.5152	37.3194	37.0451	36.8736	36.6401	36.419	36.2256	35.9456	35.6802	35.4355	35.1362	34.8172	34.6482	34.2518	34.0583	33.878	33.5257	33.2378	32.9564	32.7656	32.4666	32.2509	31.9159	31.6779	31.4316	31.0182	30.8422	30.8328	30.7079	30.5402	30.4789	30.3946	30.3247	30.4545	30.7839	33.3358
Sin-CPnd_095-Ex1-2B-lcwgs-1-2.clmp.r1r2_fastp	39.3593	39.0971	39.4067	39.399	39.457	39.4274	39.3771	39.4105	39.4127	39.3904	39.4486	39.247	39.3844	39.337	39.3959	39.5568	39.6006	39.5528	39.5098	39.5311	39.5903	39.5505	39.5247	39.5007	39.4582	39.4194	39.3799	39.451	39.4867	39.4313	39.3988	39.4334	39.4073	39.3685	39.3887	39.3972	39.3774	39.3459	39.4098	39.3951	39.3971	39.3415	39.2968	39.3403	39.2541	39.0861	39.3628	39.2185	39.2474	39.1624	39.2514	39.0709	38.9589	39.1605	39.1103	38.9652	38.9609	38.9984	39.0011	38.9888	38.9556	38.947	38.9634	39.0351	38.8962	39.0687	39.0149	38.9829	38.9063	38.9265	38.994	39.0781	39.1252	39.1644	39.1281	39.1385	39.1358	39.123	39.1136	39.1205	39.1169	39.118	39.1124	39.1132	39.0989	39.1004	39.1018	39.0744	39.0944	39.0597	39.0637	39.032	39.0525	39.0248	38.9618	38.9653	38.9828	38.9468	38.9265	38.9132	38.8857	38.8133	38.7293	38.6836	38.5861	38.4742	38.3859	38.3437	38.2254	38.1095	38.0327	37.891	37.712	37.5973	37.381	37.2984	37.0355	36.804	36.5249	36.3452	36.2584	35.9703	35.6885	35.391	35.245	34.9255	34.7151	34.39	34.2319	34.0998	33.7247	33.5305	33.2311	33.0371	32.628	32.557	32.2623	32.1228	31.834	31.3991	31.3343	31.2214	31.137	30.9738	31.0056	30.8845	30.8996	30.9114	31.2838	33.6821
Undetermined.clmp.r1r2_fastp	38.5616	38.1231	38.4125	38.2477	38.5942	38.5913	38.4223	38.511	38.6066	38.5255	38.6833	38.2705	38.5408	38.3915	38.559	38.753	38.9608	38.8534	38.7007	38.8349	38.9578	38.8621	38.818	38.7054	38.757	38.2381	38.18	38.3457	38.4447	38.2803	38.198	38.2889	38.1925	38.2478	38.2489	38.2431	38.1898	38.2016	38.3026	38.2564	38.2325	38.2249	38.0913	38.1038	37.9727	37.806	38.331	38.1003	38.1946	38.0125	38.1948	37.9335	37.7241	38.0804	37.9187	37.7613	37.6716	37.7109	37.6714	37.6612	37.6238	37.6635	37.6667	37.7359	37.585	37.9346	37.8358	37.7355	37.6585	37.7042	37.8292	37.9744	38.0455	38.0921	38.0905	38.0803	38.0915	38.0929	38.072	38.088	38.0594	38.0719	38.0556	38.0634	38.0563	38.0592	38.059	38.0416	38.0257	38.0228	38.0061	37.982	37.9761	37.9451	37.9163	37.8893	37.8738	37.8202	37.7756	37.7419	37.6617	37.5704	37.4423	37.3167	37.2013	37.0078	36.8614	36.7619	36.6353	36.4917	36.3234	36.1557	35.961	35.7918	35.5943	35.3697	35.0886	34.9034	34.6548	34.4203	34.236	33.9568	33.67	33.4507	33.1259	32.8207	32.6753	32.3158	32.1605	31.9612	31.635	31.3686	31.1138	30.9399	30.6566	30.4521	30.17	29.9329	29.6826	29.2804	29.1095	29.0814	28.9904	28.7969	28.7549	28.6767	28.6652	28.8848	29.5187	32.5487
