Sample	1	2	3	4	5	6	7	8	9	10	11	12	13	14	15	16	17	18	19	20	21	22	23	24	25	26	27	28	29	30	31	32	33	34	35	36	37	38	39	40	41	42	43	44	45	46	47	48	49	50	51	52	53	54	55	56	57	58	59	60	61	62	63	64	65	66	67	68	69	70	71	72	73	74	75	76	77	78	79	80	81	82	83	84	85	86	87	88	89	90	91	92	93	94	95	96	97	98	99	100	101	102	103	104	105	106	107	108	109	110	111	112	113	114	115	116	117	118	119	120	121	122	123	124	125	126	127	128	129	130	131	132	133	134	135	136	137	138	139	140	141	142	143	144	145	146	147	148	149	150
Sin-APnd_001-Ex1-6G-lcwgs-1-2.clmp.r1r2_fastp	39.5044	39.1974	39.2232	39.242	39.2983	39.3193	39.299	39.3082	39.331	39.2939	39.2957	39.2778	39.2934	39.2825	39.2742	39.3218	39.3133	39.3235	39.3165	39.3032	39.3096	39.2994	39.3034	39.2842	39.2619	39.1495	39.1484	39.1155	39.1342	39.12	39.1357	39.1227	39.1165	39.1313	39.1118	39.1113	39.1111	39.1132	39.1251	39.1177	39.1249	39.1162	39.1252	39.1098	39.1081	39.1171	39.1091	39.0961	39.0868	39.0748	39.061	39.0707	39.0785	39.0702	39.0805	39.0837	39.07	39.0561	39.0622	39.0618	39.0436	39.0599	39.0463	39.0437	39.0309	39.026	39.0144	39.0229	39.0094	38.998	38.9795	38.9598	38.9563	38.9485	38.9202	38.9025	38.889	38.8737	38.8474	38.8214	38.7927	38.7651	38.7269	38.6826	38.6451	38.5721	38.5489	38.4974	38.4496	38.3844	38.3019	38.2225	38.1514	38.0521	37.9301	37.8309	37.7207	37.5544	37.4017	37.2427	37.0803	36.871	36.7019	36.4757	36.3023	36.1694	36.0543	35.9337	35.8188	35.6804	35.647	35.5075	35.4344	35.2755	35.1247	34.9266	34.8206	34.679	34.5218	34.3118	34.1646	33.9979	33.8771	33.7242	33.5941	33.4034	33.309	33.2362	33.1426	33.1893	33.0649	32.8739	32.72	32.8019	32.5368	32.5938	32.5287	32.5602	32.5507	32.4569	32.3057	32.1459	32.1567	31.9484	31.8895	31.7654	31.8124	31.8804	32.1374	34.1241
Sin-APnd_002-Ex1-3G-lcwgs-1-2.clmp.r1r2_fastp	39.5336	39.2558	39.2914	39.3126	39.3673	39.3848	39.3757	39.3847	39.4124	39.3945	39.3988	39.3855	39.4023	39.3907	39.3805	39.4185	39.4133	39.4235	39.4221	39.4141	39.4176	39.4111	39.4154	39.4033	39.3856	39.2964	39.2931	39.261	39.2776	39.2679	39.2831	39.2739	39.2691	39.2816	39.2638	39.2636	39.2665	39.2673	39.2764	39.2705	39.2758	39.2699	39.2791	39.2662	39.2647	39.2744	39.2702	39.2579	39.2532	39.2442	39.2337	39.2403	39.2488	39.2444	39.2503	39.2535	39.2463	39.238	39.2427	39.2444	39.2307	39.2446	39.2375	39.2347	39.2237	39.2202	39.2122	39.2228	39.2136	39.2013	39.1862	39.1696	39.1679	39.1613	39.1363	39.1231	39.1145	39.1002	39.0768	39.057	39.0317	39.0117	38.9777	38.9368	38.9037	38.8375	38.8113	38.7652	38.7184	38.6552	38.5751	38.4957	38.4138	38.311	38.1858	38.0751	37.9542	37.7735	37.6107	37.4391	37.2611	37.045	36.8631	36.6246	36.4408	36.3065	36.1711	36.0405	35.9202	35.7769	35.7264	35.5898	35.5078	35.3489	35.2009	35.0215	34.9096	34.7666	34.6055	34.4015	34.2395	34.0852	33.9878	33.8356	33.6942	33.5269	33.4261	33.3413	33.2722	33.3233	33.1831	33.0195	32.8496	32.9283	32.6719	32.7481	32.6591	32.6892	32.6691	32.608	32.4496	32.2966	32.2975	32.102	32.025	31.8869	31.9249	32.0208	32.2663	34.1849
Sin-APnd_003-Ex1-3H-lcwgs-1-2.clmp.r1r2_fastp	39.4973	39.1918	39.232	39.2575	39.3164	39.3341	39.3236	39.3338	39.3641	39.3452	39.3486	39.3361	39.353	39.3414	39.3296	39.3688	39.3621	39.3736	39.3743	39.3626	39.3668	39.359	39.3639	39.3492	39.3284	39.2253	39.2191	39.1855	39.2035	39.1908	39.2059	39.1985	39.1923	39.2054	39.188	39.1889	39.1901	39.1914	39.1998	39.1962	39.1998	39.196	39.2037	39.1902	39.1869	39.1954	39.1907	39.1791	39.1731	39.1641	39.1538	39.1605	39.1679	39.1606	39.169	39.1727	39.1625	39.1523	39.1591	39.1595	39.1441	39.1599	39.1493	39.1483	39.1377	39.131	39.1214	39.1316	39.1213	39.1095	39.0938	39.0756	39.0731	39.0671	39.0402	39.0252	39.0174	39.0031	38.9795	38.957	38.9305	38.9095	38.875	38.8359	38.8011	38.7309	38.7087	38.6613	38.6119	38.5495	38.4669	38.3896	38.3097	38.2054	38.0826	37.9753	37.8544	37.6755	37.5171	37.3473	37.171	36.9546	36.7758	36.5433	36.3679	36.2348	36.1132	35.9871	35.8691	35.7321	35.6912	35.5519	35.4868	35.3274	35.1796	35.0038	34.8931	34.7569	34.6008	34.3951	34.2468	34.0846	33.9803	33.8253	33.691	33.5292	33.4284	33.3599	33.2937	33.3412	33.2077	33.0266	32.8832	32.9567	32.6934	32.7624	32.7034	32.738	32.7087	32.6307	32.4816	32.3192	32.3296	32.1364	32.0603	31.9088	31.9767	32.048	32.2832	34.1664
Sin-APnd_004-Ex1-4A-lcwgs-1-2.clmp.r1r2_fastp	39.4814	39.1828	39.2242	39.2421	39.3005	39.3151	39.2948	39.302	39.3321	39.3033	39.2994	39.2871	39.3025	39.2942	39.2835	39.3234	39.3099	39.3208	39.3167	39.301	39.307	39.2994	39.305	39.2847	39.264	39.1493	39.145	39.1115	39.1306	39.1152	39.1315	39.1171	39.1116	39.1244	39.1068	39.1068	39.0979	39.1045	39.1151	39.107	39.1134	39.1066	39.1139	39.0987	39.0943	39.1014	39.0934	39.0771	39.0698	39.0556	39.0403	39.0491	39.0575	39.0507	39.0591	39.0619	39.0466	39.0317	39.0338	39.034	39.0183	39.0325	39.0174	39.0128	38.995	38.996	38.9812	38.9879	38.9716	38.9596	38.9418	38.9247	38.9194	38.9079	38.8805	38.8589	38.8433	38.8341	38.806	38.7781	38.7444	38.7194	38.6765	38.6332	38.6027	38.5293	38.5087	38.4595	38.4104	38.3457	38.265	38.1916	38.1178	38.0263	37.9057	37.8136	37.7081	37.5524	37.4081	37.2562	37.1038	36.8999	36.7415	36.5208	36.3541	36.2209	36.107	35.9847	35.859	35.7169	35.6947	35.5641	35.4904	35.3317	35.1774	34.9586	34.8615	34.7395	34.5974	34.3989	34.2568	34.0978	33.9866	33.8241	33.707	33.4851	33.3902	33.3264	33.2463	33.2885	33.179	33.0032	32.847	32.8897	32.6209	32.6731	32.6205	32.6429	32.6306	32.5518	32.3764	32.2016	32.1993	32.025	31.967	31.7963	31.8443	31.9281	32.1793	34.1717
Sin-APnd_005-Ex1-4B-lcwgs-1-2.clmp.r1r2_fastp	39.5371	39.2703	39.3085	39.3217	39.3765	39.39	39.3789	39.3841	39.4082	39.3811	39.3832	39.3669	39.3826	39.3697	39.359	39.3954	39.3859	39.3971	39.3951	39.3844	39.3891	39.3796	39.3831	39.3682	39.3502	39.2525	39.2506	39.2194	39.2358	39.2233	39.2388	39.226	39.2228	39.2323	39.2152	39.2157	39.2138	39.2151	39.2231	39.2186	39.2233	39.2173	39.2241	39.2099	39.2082	39.2175	39.2112	39.1998	39.1917	39.18	39.17	39.1767	39.1835	39.1766	39.185	39.1869	39.1759	39.1663	39.1723	39.1699	39.1537	39.1686	39.159	39.1558	39.146	39.1403	39.1297	39.138	39.1286	39.1166	39.0991	39.0809	39.0784	39.0726	39.0464	39.0299	39.0207	39.0074	38.9824	38.9621	38.9335	38.9111	38.8786	38.8358	38.8063	38.7393	38.7172	38.6714	38.6236	38.5615	38.4852	38.4103	38.3362	38.2441	38.123	38.0267	37.9169	37.7502	37.5965	37.4379	37.2699	37.0625	36.892	36.6657	36.4924	36.3486	36.2281	36.0983	35.9728	35.8287	35.7793	35.643	35.561	35.3958	35.2446	35.0494	34.9273	34.7941	34.626	34.4179	34.2715	34.1069	33.9864	33.818	33.6897	33.5098	33.408	33.3377	33.2526	33.2818	33.1703	32.9667	32.8195	32.8808	32.6313	32.6842	32.6313	32.6441	32.631	32.5468	32.396	32.2263	32.2411	32.0255	31.9605	31.808	31.8632	31.935	32.1861	34.1522
Sin-APnd_006-Ex1-4C-lcwgs-1-2.clmp.r1r2_fastp	39.5097	39.2162	39.2586	39.2748	39.3329	39.3472	39.3351	39.3392	39.3667	39.3404	39.3416	39.3257	39.3434	39.3282	39.3156	39.3532	39.3443	39.3567	39.3547	39.3429	39.3476	39.3369	39.3411	39.325	39.3036	39.1956	39.192	39.1612	39.1775	39.1648	39.1789	39.1671	39.162	39.1723	39.1555	39.1532	39.156	39.1587	39.1673	39.1631	39.1671	39.1611	39.1696	39.1549	39.1531	39.163	39.1562	39.1443	39.1374	39.1253	39.112	39.1199	39.1266	39.1189	39.127	39.1287	39.1178	39.1064	39.1103	39.1086	39.0902	39.1067	39.0944	39.0903	39.0775	39.0705	39.0611	39.0672	39.0539	39.0412	39.0215	39.0011	38.9972	38.9883	38.9594	38.9415	38.9303	38.9124	38.8847	38.8601	38.8287	38.8023	38.7658	38.719	38.6816	38.6073	38.584	38.5319	38.4841	38.4198	38.3375	38.2588	38.184	38.0859	37.963	37.8678	37.7513	37.5816	37.4233	37.2642	37.0969	36.8855	36.7139	36.4852	36.3082	36.1764	36.0603	35.9276	35.8161	35.68	35.6284	35.4869	35.4149	35.2559	35.1138	34.9354	34.8294	34.6888	34.54	34.3153	34.1831	34.0184	33.9121	33.7464	33.6243	33.4592	33.3681	33.2931	33.2035	33.2386	33.1204	32.9435	32.7939	32.8752	32.6072	32.6842	32.6123	32.6437	32.6318	32.5335	32.396	32.2326	32.2175	32.0324	31.9667	31.8193	31.8692	31.9291	32.1595	34.0969
Sin-APnd_007-Ex1-4D-lcwgs-1-2.clmp.r1r2_fastp	39.5373	39.2791	39.3193	39.3337	39.3897	39.404	39.3896	39.3914	39.4185	39.3933	39.392	39.3765	39.3934	39.3802	39.3686	39.4049	39.3977	39.4087	39.407	39.3954	39.3996	39.3901	39.3948	39.3796	39.3616	39.2676	39.2634	39.2323	39.2494	39.2363	39.2495	39.2401	39.2341	39.2465	39.2256	39.2273	39.2271	39.227	39.2358	39.2296	39.2347	39.2297	39.236	39.2216	39.2196	39.2273	39.221	39.2105	39.2025	39.1907	39.1797	39.1859	39.1919	39.1859	39.1932	39.195	39.1845	39.1741	39.1787	39.1782	39.1612	39.1755	39.166	39.1615	39.149	39.1428	39.135	39.1424	39.1288	39.1173	39.0986	39.0801	39.0763	39.069	39.0415	39.0233	39.0124	38.9954	38.969	38.9415	38.912	38.887	38.8474	38.8034	38.766	38.6922	38.6656	38.6157	38.565	38.4979	38.4191	38.3438	38.2684	38.1713	38.0507	37.9557	37.844	37.6791	37.5323	37.3773	37.2143	37.0068	36.8457	36.6224	36.4548	36.3279	36.2072	36.0938	35.9878	35.8507	35.8113	35.6797	35.607	35.458	35.3137	35.1311	35.0289	34.8909	34.7432	34.5349	34.3985	34.2457	34.1318	33.9735	33.8556	33.6879	33.5905	33.5123	33.448	33.4786	33.3725	33.1899	33.0566	33.127	32.8647	32.9267	32.8639	32.9131	32.8954	32.8125	32.668	32.5096	32.513	32.3358	32.252	32.1289	32.1785	32.2463	32.4895	34.3699
Sin-APnd_008-Ex1-4E-lcwgs-1-2.clmp.r1r2_fastp	39.4888	39.1863	39.2285	39.2487	39.3086	39.3243	39.3094	39.3146	39.3423	39.315	39.315	39.2985	39.3143	39.3024	39.2908	39.3301	39.3203	39.3312	39.328	39.3147	39.319	39.3105	39.3159	39.2968	39.2748	39.1643	39.1614	39.1265	39.145	39.1305	39.1451	39.1309	39.1261	39.1371	39.1228	39.1209	39.1167	39.119	39.1284	39.1213	39.1274	39.1202	39.126	39.1106	39.1062	39.1151	39.1075	39.0923	39.0847	39.0708	39.0571	39.0636	39.0711	39.0628	39.0706	39.0729	39.059	39.0451	39.0487	39.0475	39.0294	39.0451	39.0291	39.0271	39.0123	39.0105	38.9963	39.0036	38.9908	38.9777	38.9578	38.9395	38.933	38.9233	38.8963	38.8764	38.8641	38.8486	38.8212	38.7942	38.7631	38.7356	38.6985	38.6534	38.6156	38.5442	38.5199	38.4704	38.4199	38.3552	38.2717	38.1981	38.1266	38.0301	37.91	37.8175	37.7084	37.5421	37.396	37.2456	37.0862	36.8831	36.7153	36.4956	36.3259	36.1956	36.0803	35.9614	35.8405	35.7069	35.6656	35.5317	35.4625	35.3047	35.1622	34.9667	34.8703	34.7321	34.5819	34.3793	34.2322	34.078	33.9718	33.8101	33.6867	33.5055	33.4118	33.3424	33.2563	33.3059	33.1883	32.9941	32.8583	32.9362	32.6861	32.7249	32.669	32.7022	32.6915	32.6058	32.4551	32.2914	32.2856	32.0996	32.0227	31.889	31.9406	31.9944	32.2546	34.2067
Sin-APnd_009-Ex1-4F-lcwgs-1-2.clmp.r1r2_fastp	39.5341	39.2668	39.3048	39.3215	39.3754	39.3896	39.3772	39.3806	39.4058	39.3793	39.3806	39.3668	39.3808	39.3682	39.3574	39.3938	39.3862	39.396	39.3929	39.3823	39.3873	39.3783	39.3819	39.3668	39.348	39.2528	39.2497	39.2186	39.233	39.2223	39.235	39.225	39.2185	39.2291	39.2108	39.2114	39.2101	39.2126	39.222	39.2168	39.2198	39.2147	39.2206	39.2078	39.2047	39.2128	39.2075	39.1967	39.1894	39.1774	39.1648	39.1717	39.1788	39.1724	39.1817	39.1818	39.1702	39.1616	39.1665	39.1671	39.1515	39.1648	39.1548	39.1524	39.14	39.1348	39.1254	39.1335	39.1215	39.1086	39.0937	39.075	39.0721	39.0644	39.0367	39.0211	39.0085	38.995	38.9686	38.9471	38.9165	38.8942	38.8569	38.8144	38.7826	38.7119	38.6871	38.639	38.5902	38.5297	38.4512	38.3746	38.2994	38.2048	38.0872	37.988	37.8755	37.7135	37.5634	37.4064	37.2396	37.0336	36.8639	36.6376	36.4668	36.3321	36.213	36.085	35.9659	35.822	35.7744	35.637	35.5601	35.4061	35.2578	35.0696	34.962	34.8217	34.6689	34.4632	34.3083	34.1587	34.044	33.897	33.771	33.5992	33.5057	33.4383	33.3544	33.3939	33.2631	33.0877	32.9376	33.0048	32.7514	32.8139	32.7504	32.791	32.7747	32.6923	32.5423	32.3685	32.3854	32.2	32.1159	31.9954	32.0282	32.1007	32.3569	34.2753
Sin-APnd_010-Ex1-4G-lcwgs-1-2.clmp.r1r2_fastp	39.5078	39.2321	39.2712	39.2883	39.3454	39.3618	39.3471	39.353	39.3793	39.353	39.3517	39.3378	39.3533	39.344	39.3331	39.37	39.3621	39.3738	39.3717	39.3597	39.3643	39.3542	39.36	39.3432	39.3247	39.224	39.2215	39.1891	39.2067	39.1945	39.2078	39.1967	39.1907	39.2061	39.186	39.1856	39.1848	39.1873	39.1983	39.1914	39.1969	39.1901	39.1963	39.1831	39.1796	39.1876	39.1812	39.1687	39.1619	39.15	39.1392	39.1454	39.1539	39.1464	39.1543	39.1574	39.1442	39.1336	39.1384	39.1379	39.1225	39.1359	39.1238	39.1211	39.1089	39.106	39.094	39.1024	39.0895	39.0767	39.0586	39.0412	39.0375	39.0292	39.0003	38.9843	38.9711	38.9568	38.9305	38.9066	38.8766	38.8509	38.8124	38.7703	38.7371	38.6676	38.6419	38.5918	38.5437	38.4792	38.3978	38.3221	38.2458	38.149	38.0283	37.93	37.8172	37.6513	37.501	37.3444	37.1803	36.9716	36.8014	36.5763	36.4038	36.2708	36.1513	36.0247	35.9038	35.7639	35.7279	35.5871	35.5149	35.3589	35.2054	34.9984	34.8941	34.7595	34.6087	34.4071	34.2626	34.0992	33.9878	33.8268	33.7011	33.505	33.4102	33.3378	33.2607	33.3115	33.1904	33.0034	32.8494	32.9242	32.6574	32.7208	32.6435	32.6898	32.6654	32.58	32.4366	32.2611	32.2712	32.0716	31.9999	31.8597	31.922	31.9907	32.2492	34.2097
Sin-APnd_011-Ex1-4H-lcwgs-1-2.clmp.r1r2_fastp	39.5052	39.2116	39.2507	39.2677	39.3252	39.3421	39.3291	39.3346	39.3591	39.3324	39.3316	39.3154	39.3304	39.3181	39.3093	39.3465	39.3377	39.3485	39.3462	39.3337	39.3395	39.3294	39.334	39.3177	39.2968	39.1915	39.1883	39.1563	39.1733	39.1607	39.1744	39.162	39.1565	39.1689	39.1517	39.15	39.1487	39.1511	39.1604	39.1552	39.1597	39.1525	39.1593	39.1437	39.141	39.1501	39.1439	39.1307	39.1236	39.1105	39.0975	39.1046	39.1132	39.1059	39.1144	39.1164	39.1045	39.091	39.0956	39.0961	39.0795	39.0945	39.0824	39.081	39.0682	39.0633	39.0512	39.0587	39.0471	39.0354	39.0186	38.9988	38.9946	38.9857	38.9584	38.9402	38.929	38.9152	38.8888	38.8645	38.8327	38.8116	38.7723	38.7281	38.6937	38.6241	38.6016	38.5532	38.5048	38.4392	38.3578	38.2828	38.211	38.1119	37.994	37.8981	37.7846	37.6224	37.4704	37.3138	37.1518	36.942	36.7742	36.5444	36.3772	36.2368	36.1231	35.9918	35.867	35.7295	35.6848	35.5419	35.4613	35.3099	35.1515	34.9656	34.8523	34.7155	34.5527	34.3507	34.198	34.0399	33.9243	33.7533	33.6291	33.4434	33.347	33.2815	33.189	33.228	33.0997	32.9065	32.7586	32.8356	32.5818	32.6347	32.5738	32.6105	32.5761	32.4838	32.343	32.174	32.1669	31.9824	31.8981	31.7368	31.8003	31.8768	32.123	34.1212
Sin-APnd_012-Ex1-5A-lcwgs-1-2.clmp.r1r2_fastp	39.4902	39.167	39.1962	39.216	39.2705	39.2894	39.2689	39.2789	39.305	39.269	39.2689	39.2517	39.2658	39.2569	39.2478	39.2933	39.2834	39.2936	39.2867	39.2726	39.278	39.2674	39.2728	39.2526	39.2306	39.1121	39.1104	39.0772	39.0951	39.0803	39.095	39.0816	39.0761	39.0885	39.0699	39.071	39.0665	39.0698	39.0816	39.0744	39.079	39.0738	39.08	39.0645	39.0628	39.0706	39.0626	39.0479	39.0394	39.0257	39.0096	39.0163	39.0258	39.019	39.0277	39.0308	39.015	39.0021	39.0053	39.0046	38.9842	38.9978	38.9846	38.9789	38.9658	38.9617	38.9482	38.9543	38.941	38.927	38.9068	38.8883	38.8818	38.871	38.8446	38.822	38.8084	38.7942	38.7663	38.7424	38.7063	38.6811	38.6391	38.5958	38.5591	38.4841	38.4617	38.4123	38.3635	38.297	38.2151	38.1395	38.068	37.9751	37.8534	37.755	37.6516	37.4924	37.346	37.1929	37.0358	36.834	36.6644	36.449	36.2863	36.1577	36.0451	35.9311	35.8113	35.671	35.6459	35.5209	35.4486	35.2996	35.1514	34.9418	34.8495	34.7076	34.5681	34.3631	34.217	34.0586	33.9541	33.7902	33.6722	33.4873	33.3899	33.3123	33.2354	33.2745	33.1737	32.9743	32.8393	32.9183	32.6652	32.7088	32.6389	32.669	32.6731	32.5947	32.4448	32.2624	32.2907	32.0984	32.0232	31.8953	31.9484	32.0059	32.2443	34.1948
Sin-APnd_013-Ex1-5B-lcwgs-1-2.clmp.r1r2_fastp	39.5156	39.2216	39.2522	39.2728	39.3256	39.3441	39.3265	39.3319	39.3552	39.3209	39.3227	39.3027	39.3178	39.3077	39.2977	39.3427	39.333	39.3431	39.3362	39.3242	39.3289	39.3191	39.3232	39.3051	39.284	39.1764	39.1748	39.1418	39.1604	39.1473	39.1613	39.1471	39.1432	39.1542	39.1366	39.1386	39.1347	39.1365	39.1458	39.1418	39.1474	39.1422	39.1496	39.133	39.1316	39.1384	39.1324	39.1193	39.112	39.0994	39.0875	39.094	39.1028	39.0966	39.1027	39.1064	39.0921	39.0803	39.086	39.0832	39.0673	39.0804	39.0681	39.0648	39.0509	39.0454	39.0338	39.0399	39.0261	39.0136	38.9946	38.9743	38.9701	38.9589	38.9301	38.9105	38.8938	38.8803	38.8518	38.8254	38.7933	38.7637	38.7235	38.6773	38.6371	38.5656	38.5418	38.4901	38.4395	38.3747	38.2934	38.2173	38.1439	38.0492	37.9311	37.8397	37.7326	37.5741	37.4311	37.2786	37.1247	36.9231	36.7545	36.5435	36.3752	36.246	36.1351	36.023	35.9105	35.7663	35.7345	35.6004	35.5277	35.3738	35.2255	35.0193	34.9183	34.7711	34.6303	34.4153	34.2776	34.1118	34.0046	33.8399	33.7135	33.5223	33.4362	33.3638	33.2701	33.315	33.1988	33.0144	32.8611	32.9432	32.6782	32.7197	32.6522	32.6949	32.6712	32.6089	32.4337	32.2893	32.2791	32.0956	32.0158	31.8822	31.9373	32.0052	32.2707	34.2462
Sin-APnd_014-Ex1-5C-lcwgs-1-2.clmp.r1r2_fastp	39.5248	39.2282	39.2555	39.273	39.3233	39.3415	39.3236	39.3317	39.3515	39.3149	39.3168	39.2982	39.3128	39.3034	39.2945	39.3394	39.3301	39.3384	39.3319	39.3183	39.3232	39.3134	39.3179	39.2999	39.2779	39.1703	39.1689	39.1351	39.1534	39.1384	39.1539	39.1405	39.1344	39.1464	39.1278	39.1272	39.1262	39.1306	39.1411	39.1359	39.1401	39.1337	39.1406	39.1257	39.1233	39.1314	39.1263	39.1126	39.1045	39.0913	39.0782	39.0846	39.0923	39.0851	39.0941	39.0958	39.0818	39.0691	39.0743	39.0743	39.0565	39.0697	39.0585	39.0524	39.0399	39.0356	39.0235	39.0287	39.0168	39.0031	38.9846	38.9636	38.9589	38.9508	38.922	38.9033	38.888	38.8734	38.8467	38.822	38.7898	38.766	38.7282	38.6813	38.644	38.5777	38.5534	38.5042	38.4581	38.3941	38.3173	38.2398	38.1705	38.0782	37.9613	37.8663	37.7615	37.608	37.4649	37.3116	37.153	36.9517	36.7855	36.5711	36.4017	36.2733	36.1652	36.0466	35.916	35.7821	35.7457	35.6162	35.5352	35.3853	35.2245	35.0163	34.9261	34.7914	34.627	34.4171	34.2782	34.1179	33.9945	33.8285	33.7139	33.5064	33.4123	33.3524	33.2638	33.2769	33.1707	32.9817	32.8398	32.8959	32.6464	32.6953	32.6214	32.6509	32.6396	32.5662	32.4127	32.2482	32.2454	32.0505	31.9972	31.8418	31.8832	31.9674	32.2292	34.2249
Sin-APnd_015-Ex1-5D-lcwgs-1-2.clmp.r1r2_fastp	39.5295	39.235	39.2632	39.282	39.332	39.3507	39.3311	39.3398	39.3613	39.3287	39.3295	39.3127	39.3254	39.3147	39.3065	39.3509	39.3437	39.352	39.3454	39.3344	39.3376	39.3283	39.3313	39.3147	39.2926	39.1875	39.1853	39.1539	39.1716	39.1578	39.172	39.1583	39.1547	39.1659	39.146	39.1474	39.1464	39.1467	39.156	39.1516	39.1566	39.1499	39.1573	39.1417	39.1399	39.1479	39.1397	39.1273	39.1202	39.1072	39.0937	39.1	39.1078	39.0997	39.1077	39.1097	39.097	39.0862	39.0883	39.088	39.0708	39.0849	39.0713	39.0671	39.0545	39.0507	39.0381	39.0454	39.0329	39.021	39.0017	38.9842	38.9793	38.97	38.9437	38.9251	38.9126	38.8981	38.8711	38.846	38.8195	38.7938	38.7572	38.7135	38.677	38.6097	38.5894	38.541	38.4928	38.427	38.3509	38.2751	38.2085	38.1131	37.9963	37.9033	37.7973	37.6402	37.4919	37.3391	37.183	36.9793	36.812	36.5928	36.4252	36.2854	36.1761	36.0541	35.9368	35.7951	35.7603	35.6205	35.5533	35.3966	35.2517	35.0533	34.9554	34.8078	34.6663	34.4524	34.3115	34.1518	34.0453	33.8735	33.7568	33.558	33.4671	33.3995	33.3236	33.3561	33.243	33.0601	32.9005	32.9875	32.7342	32.7854	32.7149	32.736	32.7248	32.6465	32.4932	32.3444	32.3419	32.1644	32.102	31.9686	32.0171	32.0776	32.3029	34.2527
Sin-APnd_016-Ex1-5E-lcwgs-1-2.clmp.r1r2_fastp	39.5285	39.2369	39.264	39.2835	39.3359	39.3529	39.334	39.3415	39.3634	39.3288	39.3289	39.3106	39.3232	39.3123	39.3063	39.3507	39.3405	39.3489	39.342	39.3293	39.3357	39.326	39.3284	39.3084	39.2864	39.1794	39.1779	39.146	39.1633	39.1487	39.1621	39.1495	39.1439	39.1544	39.1388	39.1371	39.1345	39.1366	39.1462	39.1408	39.1456	39.1388	39.1444	39.1274	39.1249	39.1341	39.1259	39.1129	39.1051	39.0905	39.0788	39.0839	39.0931	39.0845	39.0925	39.095	39.0826	39.0679	39.0721	39.0716	39.0547	39.0689	39.0559	39.0496	39.0365	39.0331	39.0207	39.0268	39.0159	39.0014	38.9842	38.9638	38.9597	38.9505	38.92	38.9021	38.8885	38.8753	38.8468	38.8234	38.788	38.7619	38.7249	38.6825	38.6456	38.5712	38.5523	38.5037	38.4497	38.388	38.3085	38.2315	38.163	38.069	37.9522	37.8579	37.7549	37.5954	37.4521	37.3075	37.1461	36.9519	36.7871	36.5761	36.4104	36.2785	36.173	36.0522	35.9354	35.7914	35.7688	35.6362	35.5622	35.409	35.2608	35.0618	34.9626	34.8175	34.6737	34.4722	34.3256	34.1734	34.0551	33.8904	33.7684	33.5789	33.4796	33.4181	33.3269	33.3767	33.2432	33.0715	32.9255	33.0021	32.7257	32.7984	32.7368	32.7352	32.7545	32.6625	32.5032	32.3441	32.3241	32.1566	32.0833	31.9267	32.0031	32.0665	32.3264	34.3096
Sin-APnd_017-Ex1-5F-lcwgs-1-2.clmp.r1r2_fastp	39.534	39.2503	39.2789	39.2989	39.3473	39.3651	39.3489	39.3559	39.3772	39.342	39.343	39.3263	39.3386	39.3294	39.3196	39.3628	39.3538	39.3619	39.3552	39.3418	39.3486	39.3375	39.3402	39.3216	39.3022	39.1973	39.1955	39.1641	39.1815	39.1675	39.1805	39.1679	39.1619	39.1726	39.1559	39.1554	39.1523	39.1564	39.1676	39.1615	39.166	39.1586	39.1658	39.1507	39.1476	39.1564	39.1483	39.1358	39.1287	39.1161	39.1016	39.1091	39.1174	39.1098	39.1174	39.122	39.1067	39.0942	39.0998	39.0991	39.0826	39.0953	39.0847	39.0795	39.0669	39.0643	39.0523	39.0583	39.0475	39.0335	39.0163	38.9963	38.994	38.9839	38.9569	38.9392	38.9275	38.9127	38.8879	38.8642	38.8326	38.8061	38.769	38.7283	38.6951	38.6244	38.6046	38.5576	38.5078	38.4465	38.3689	38.2982	38.2275	38.1341	38.0158	37.9225	37.8137	37.658	37.5119	37.3602	37.2012	37.0005	36.8347	36.6168	36.4513	36.3206	36.2018	36.0731	35.9554	35.8146	35.7722	35.6301	35.5607	35.4027	35.251	35.0588	34.9532	34.8114	34.6549	34.4482	34.3055	34.1336	34.0298	33.8618	33.7436	33.5496	33.4484	33.3897	33.2965	33.3282	33.2117	33.0171	32.8643	32.9402	32.6965	32.7448	32.6913	32.7172	32.7048	32.5921	32.446	32.2854	32.3075	32.1299	32.0502	31.9009	31.9475	32.036	32.3	34.2412
Sin-APnd_018-Ex1-5G-lcwgs-1-2.clmp.r1r2_fastp	39.5458	39.2861	39.3158	39.3342	39.3843	39.4037	39.3872	39.3921	39.4143	39.383	39.383	39.3667	39.3815	39.37	39.3625	39.4033	39.3974	39.4058	39.4006	39.3924	39.394	39.3843	39.3884	39.3734	39.353	39.2604	39.2572	39.2276	39.2444	39.2312	39.2453	39.2339	39.229	39.24	39.2216	39.222	39.2231	39.224	39.234	39.226	39.2322	39.2244	39.2321	39.2171	39.2169	39.2244	39.2195	39.2068	39.2005	39.1886	39.1765	39.1835	39.1921	39.1828	39.1912	39.1932	39.183	39.1735	39.1746	39.1756	39.1587	39.1727	39.161	39.156	39.1457	39.1391	39.1298	39.137	39.1243	39.1107	39.0922	39.0734	39.0688	39.0601	39.0322	39.0137	39.0009	38.986	38.957	38.9331	38.9019	38.8749	38.8356	38.7919	38.7542	38.6811	38.6528	38.6008	38.5526	38.4862	38.3992	38.325	38.2535	38.1522	38.0326	37.9362	37.8189	37.6537	37.5055	37.3472	37.182	36.9779	36.8017	36.5844	36.4136	36.2817	36.16	36.0404	35.9295	35.7864	35.7515	35.61	35.5353	35.3817	35.2367	35.0472	34.9264	34.7867	34.6271	34.4261	34.2774	34.1088	33.987	33.8289	33.7015	33.5251	33.43	33.3593	33.2742	33.3164	33.1922	33.0045	32.852	32.944	32.6907	32.7248	32.6743	32.7166	32.7065	32.6145	32.467	32.2936	32.313	32.1312	32.0807	31.9468	31.9831	32.0497	32.3091	34.2561
Sin-APnd_019-Ex1-5H-lcwgs-1-2.clmp.r1r2_fastp	39.5079	39.2027	39.2341	39.254	39.3081	39.3252	39.3087	39.3138	39.3376	39.304	39.303	39.2849	39.3001	39.2889	39.2798	39.3253	39.3161	39.3239	39.3177	39.3039	39.3095	39.2995	39.3041	39.2837	39.2621	39.1499	39.1484	39.1146	39.1329	39.1184	39.1323	39.1178	39.1132	39.1254	39.1079	39.1072	39.1025	39.1059	39.1168	39.1103	39.1163	39.1078	39.1148	39.0999	39.0958	39.1028	39.0956	39.0822	39.0744	39.0601	39.0454	39.0513	39.0607	39.0524	39.0597	39.0629	39.0466	39.0335	39.0367	39.036	39.0169	39.0318	39.0187	39.0129	38.998	38.9914	38.9803	38.9853	38.9726	38.9579	38.9389	38.917	38.9114	38.9015	38.8704	38.852	38.8331	38.817	38.7901	38.7617	38.7289	38.7005	38.657	38.6094	38.5712	38.4971	38.475	38.4224	38.3693	38.3052	38.223	38.1468	38.0769	37.9801	37.8589	37.7663	37.6618	37.5051	37.3595	37.2079	37.0526	36.8498	36.6886	36.4713	36.3071	36.1829	36.0736	35.9583	35.8482	35.7128	35.6782	35.546	35.4852	35.3336	35.186	34.9854	34.8889	34.7514	34.6087	34.4022	34.2648	34.1069	33.9903	33.829	33.7091	33.5232	33.4446	33.37	33.2735	33.3288	33.223	33.0292	32.8851	32.9572	32.6954	32.7521	32.6999	32.7301	32.7186	32.6305	32.4842	32.3291	32.3178	32.1568	32.0993	31.9367	32.0074	32.0675	32.2979	34.2744
Sin-APnd_020-Ex1-6A-lcwgs-1-2.clmp.r1r2_fastp	39.4743	39.1355	39.1583	39.178	39.2354	39.2519	39.2234	39.2352	39.2628	39.2235	39.2231	39.204	39.2177	39.211	39.2031	39.2519	39.2379	39.2481	39.2368	39.2208	39.2288	39.218	39.2222	39.1996	39.1722	39.0409	39.0415	39.0059	39.0292	39.0085	39.0249	39.0056	39.0025	39.0175	38.9991	39.0005	38.9901	38.997	39.0093	39.0017	39.0106	39.0005	39.0088	38.9936	38.9904	38.9982	38.9901	38.9721	38.9628	38.9454	38.9303	38.9403	38.9516	38.9453	38.9569	38.9616	38.9435	38.9257	38.9297	38.9306	38.9124	38.9297	38.9137	38.9077	38.8954	38.8963	38.8807	38.8852	38.874	38.8612	38.8427	38.8268	38.824	38.8143	38.7858	38.767	38.7554	38.7453	38.7213	38.6977	38.6649	38.6398	38.6024	38.5628	38.5331	38.4652	38.4516	38.408	38.3593	38.2936	38.2174	38.1473	38.0771	37.9919	37.8698	37.7798	37.678	37.526	37.3786	37.2327	37.0838	36.8851	36.7254	36.5086	36.3487	36.2126	36.1017	35.9762	35.8483	35.7065	35.6913	35.5568	35.4785	35.325	35.171	34.925	34.8552	34.7199	34.58	34.3676	34.2412	34.0799	33.953	33.7868	33.6835	33.4375	33.3484	33.2663	33.2031	33.2374	33.1334	32.9445	32.7827	32.849	32.574	32.6062	32.5358	32.5824	32.5664	32.492	32.3246	32.1535	32.1521	31.9545	31.9023	31.7734	31.8145	31.8808	32.1293	34.1762
Sin-APnd_021-Ex1-6B-lcwgs-1-2.clmp.r1r2_fastp	39.4772	39.1682	39.2	39.2205	39.2805	39.2982	39.2745	39.2839	39.3118	39.2747	39.2765	39.2569	39.2736	39.2663	39.2553	39.3033	39.2914	39.2992	39.2926	39.2771	39.2841	39.274	39.281	39.2591	39.2357	39.1166	39.1144	39.0801	39.1007	39.0841	39.101	39.0837	39.0805	39.0939	39.0757	39.0781	39.0693	39.0721	39.0828	39.0779	39.0877	39.0794	39.0861	39.0708	39.0681	39.0779	39.0673	39.0511	39.045	39.0291	39.0134	39.0233	39.0329	39.0267	39.0373	39.0388	39.0217	39.0059	39.0096	39.0097	38.9907	39.0083	38.992	38.9895	38.9751	38.9719	38.9578	38.9635	38.948	38.9353	38.9173	38.8971	38.8931	38.8832	38.8555	38.8343	38.8201	38.8053	38.7791	38.7518	38.7178	38.6901	38.6536	38.6043	38.5731	38.4981	38.4773	38.4313	38.383	38.3151	38.233	38.157	38.089	37.9951	37.8707	37.7832	37.6752	37.5224	37.3773	37.2278	37.0735	36.8733	36.7131	36.4927	36.3197	36.1909	36.0798	35.961	35.8366	35.6902	35.6653	35.5361	35.4656	35.3076	35.1556	34.9292	34.8302	34.6974	34.5552	34.345	34.2131	34.0565	33.9284	33.7658	33.6521	33.4317	33.3347	33.2657	33.1808	33.2207	33.1124	32.9215	32.7674	32.8286	32.5564	32.594	32.5427	32.564	32.5519	32.4838	32.3327	32.1317	32.1291	31.9569	31.8883	31.7447	31.7871	31.8715	32.1356	34.1489
Sin-APnd_022-Ex1-6C-lcwgs-1-2.clmp.r1r2_fastp	39.4901	39.2085	39.2429	39.2669	39.3238	39.3444	39.3233	39.3272	39.3564	39.3223	39.3218	39.3038	39.3215	39.313	39.3017	39.3479	39.3384	39.3461	39.3383	39.3253	39.3308	39.3206	39.3282	39.3074	39.2872	39.1783	39.1775	39.1443	39.1618	39.1461	39.1604	39.1477	39.1421	39.1556	39.1354	39.1379	39.1325	39.1368	39.1467	39.1438	39.1482	39.1422	39.1486	39.1362	39.1349	39.1456	39.135	39.1182	39.1096	39.0978	39.0847	39.0902	39.1033	39.0957	39.1044	39.1062	39.0907	39.0775	39.0796	39.0831	39.0659	39.0786	39.0656	39.0607	39.0481	39.0418	39.031	39.0346	39.0212	39.0085	38.9871	38.9707	38.9666	38.9531	38.9261	38.9045	38.8908	38.8726	38.8474	38.8182	38.7821	38.7579	38.718	38.6708	38.6385	38.5607	38.5357	38.4895	38.4419	38.3713	38.2892	38.2167	38.1465	38.0563	37.926	37.8401	37.7316	37.5717	37.4304	37.2684	37.1172	36.9144	36.7449	36.5257	36.3538	36.2218	36.1072	35.9805	35.8652	35.7173	35.6811	35.5397	35.4572	35.3052	35.1436	34.9204	34.8328	34.6877	34.5415	34.3147	34.1745	34.0187	33.8876	33.7134	33.5818	33.3833	33.2932	33.2154	33.1192	33.1508	33.0499	32.8659	32.6863	32.7696	32.4951	32.5248	32.4731	32.4962	32.4564	32.4023	32.224	32.0669	32.0597	31.8712	31.7953	31.6339	31.6918	31.7695	32.0368	34.0883
Sin-APnd_023-Ex1-6D-lcwgs-1-2.clmp.r1r2_fastp	39.4532	39.0799	39.1215	39.1477	39.206	39.229	39.2064	39.2135	39.2349	39.1967	39.206	39.1838	39.2024	39.1905	39.1797	39.2314	39.2206	39.2297	39.2204	39.2045	39.212	39.2019	39.2065	39.1832	39.1544	39.0158	39.0147	38.9799	38.9998	38.9836	39.0004	38.9839	38.9776	38.9957	38.9729	38.9728	38.9692	38.9719	38.9814	38.9752	38.9803	38.973	38.9833	38.9632	38.9608	38.9702	38.9584	38.9462	38.9331	38.9162	38.8997	38.9086	38.9168	38.9073	38.918	38.9187	38.9005	38.883	38.8872	38.8861	38.8648	38.8819	38.8658	38.8594	38.8466	38.8392	38.8261	38.8321	38.8162	38.8015	38.7804	38.7598	38.7551	38.7445	38.712	38.6929	38.6788	38.662	38.6368	38.6077	38.5717	38.5437	38.4996	38.4555	38.4162	38.3431	38.3197	38.2742	38.2188	38.1523	38.0672	37.9876	37.9138	37.8224	37.7065	37.6057	37.4973	37.3333	37.1859	37.0286	36.8682	36.6664	36.4986	36.2765	36.1156	35.9843	35.8676	35.7556	35.6381	35.5041	35.4711	35.3444	35.2752	35.1312	34.9803	34.7856	34.6967	34.5558	34.413	34.2065	34.0699	33.9139	33.806	33.6424	33.5219	33.3524	33.2566	33.1758	33.1029	33.1474	33.0456	32.8596	32.7153	32.8076	32.5235	32.5837	32.5389	32.5668	32.5541	32.4863	32.3272	32.1626	32.1567	31.9814	31.9088	31.7816	31.8249	31.8991	32.1148	34.0988
Sin-APnd_024-Ex1-6E-lcwgs-1-2.clmp.r1r2_fastp	39.5231	39.2367	39.2783	39.3037	39.3553	39.3767	39.3583	39.3629	39.3801	39.3497	39.3558	39.3346	39.3497	39.3398	39.3317	39.3763	39.3676	39.377	39.3714	39.3576	39.3634	39.3524	39.3592	39.3404	39.321	39.2183	39.2196	39.1857	39.2012	39.1888	39.2043	39.1902	39.1843	39.1979	39.1814	39.1838	39.1787	39.1806	39.1894	39.1827	39.1885	39.1841	39.1909	39.1752	39.1719	39.1809	39.176	39.163	39.1541	39.1407	39.1281	39.1381	39.1434	39.1361	39.1446	39.1471	39.1359	39.1234	39.1287	39.1258	39.1079	39.1246	39.1122	39.1059	39.0926	39.0891	39.0802	39.0846	39.0749	39.0637	39.0422	39.0227	39.0217	39.0112	38.9843	38.9705	38.9576	38.9434	38.9163	38.8903	38.862	38.8386	38.7998	38.7569	38.7208	38.6501	38.628	38.5813	38.5306	38.4671	38.3855	38.3061	38.2394	38.1433	38.0221	37.9272	37.8139	37.6419	37.5026	37.348	37.1846	36.982	36.8081	36.5812	36.4072	36.2749	36.1546	36.0321	35.9086	35.7596	35.7249	35.5832	35.5046	35.3413	35.199	35.0019	34.8939	34.7593	34.5921	34.3815	34.2379	34.0702	33.9524	33.7983	33.6729	33.4774	33.3813	33.3244	33.2271	33.2499	33.1247	32.9563	32.7885	32.8483	32.6097	32.6521	32.5874	32.6149	32.6043	32.5404	32.3532	32.2027	32.2141	32.0168	31.9531	31.8053	31.8732	31.9252	32.1787	34.1512
Sin-APnd_025-Ex1-6F-lcwgs-1-2.clmp.r1r2_fastp	39.5584	39.2994	39.3257	39.3419	39.3926	39.4123	39.3928	39.3974	39.4175	39.3844	39.3865	39.3694	39.3836	39.3735	39.3639	39.407	39.3996	39.4082	39.4032	39.3915	39.3946	39.3854	39.3886	39.3725	39.355	39.2603	39.2578	39.2249	39.2424	39.2306	39.2426	39.2332	39.2273	39.2384	39.2204	39.2223	39.2201	39.223	39.2317	39.2256	39.2296	39.2231	39.2318	39.2177	39.2164	39.2236	39.2186	39.2064	39.1993	39.187	39.1763	39.1836	39.1916	39.1856	39.1937	39.1948	39.1841	39.1734	39.1795	39.1771	39.1614	39.1772	39.1668	39.1644	39.151	39.1459	39.1382	39.146	39.1332	39.1207	39.1034	39.085	39.0837	39.0764	39.0507	39.034	39.0226	39.0073	38.9839	38.962	38.9333	38.9112	38.8776	38.8343	38.804	38.7353	38.7144	38.6668	38.6202	38.5594	38.4815	38.4069	38.3321	38.2386	38.1243	38.0248	37.9153	37.7498	37.6034	37.4434	37.281	37.0719	36.9057	36.682	36.5168	36.3778	36.2556	36.1352	36.0217	35.8714	35.836	35.6876	35.6163	35.4509	35.3016	35.1065	35.0038	34.8623	34.7009	34.4776	34.3364	34.1783	34.0525	33.8866	33.7715	33.5869	33.4878	33.4084	33.3337	33.3549	33.2427	33.0386	32.9034	32.9704	32.7035	32.7671	32.6895	32.7214	32.7064	32.6196	32.4724	32.3222	32.3007	32.122	32.0555	31.9387	31.9823	32.0583	32.2942	34.2256
Sin-CPnd_013-Ex1-4E-lcwgs-1-2.clmp.r1r2_fastp	39.159	38.9107	39.1119	39.266	39.2823	39.3729	39.3783	39.2913	39.4681	39.4961	39.3222	39.3502	39.4137	39.3666	39.3647	39.4753	39.4327	39.3194	39.3792	39.4363	39.42	39.3974	39.4182	39.3013	39.459	39.3684	39.3611	39.2198	39.3412	39.2814	39.3475	39.2814	39.3675	39.2606	39.3097	39.3212	39.2486	39.2804	39.404	39.2481	39.4295	39.2962	39.3077	39.3534	39.3284	39.3215	39.3707	39.3839	39.2764	39.3141	39.3394	39.2838	39.246	39.324	39.2808	39.3545	39.2691	39.3337	39.3562	39.2997	39.1984	39.3679	39.2341	39.3743	39.2249	39.3623	39.2172	39.2551	39.2339	39.1951	39.2239	39.1095	39.1227	39.0921	39.1713	39.0585	39.1524	39.0948	39.1336	38.9066	38.8767	39.0484	38.9824	38.9675	39.1063	38.8177	38.7837	38.6551	38.6256	38.4269	38.5894	38.4073	38.083	38.1402	37.8599	38.077	37.769	37.6175	37.4395	37.0646	37.051	36.8123	36.7655	36.2995	35.9982	35.925	35.8089	35.8312	35.6608	35.2265	35.1001	34.9584	34.4339	34.5658	34.3639	33.8615	34.1395	34.0165	33.9435	33.1855	33.271	33.053	32.4201	32.5714	32.1685	32.3099	32.0088	32.5156	31.8868	31.9656	31.734	31.9934	31.3885	31.6307	31.5627	31.7132	32.0492	30.8756	31.2807	31.1713	30.8828	31.3112	30.9599	31.2936	31.0034	30.7187	29.9301	30.963	30.7344	33.5366
Sin-CPnd_015-Ex1-4A-lcwgs-1-2.clmp.r1r2_fastp	39.3813	39.1985	39.3184	39.3705	39.4168	39.5402	39.4908	39.4029	39.4851	39.3905	39.5148	39.4268	39.482	39.4276	39.4685	39.4781	39.4646	39.4766	39.5032	39.4619	39.5333	39.449	39.4318	39.4588	39.4473	39.3774	39.3959	39.3967	39.3369	39.3585	39.3932	39.3743	39.4006	39.3514	39.299	39.3335	39.3299	39.3933	39.4065	39.3181	39.3224	39.3619	39.4387	39.3918	39.3223	39.3695	39.3858	39.3892	39.3891	39.3302	39.2633	39.3358	39.3572	39.3826	39.3371	39.4104	39.3818	39.3394	39.3082	39.3069	39.2951	39.3081	39.2387	39.2386	39.3016	39.2556	39.2873	39.2743	39.3068	39.2839	39.2631	39.1791	39.3247	39.2567	39.1985	39.1591	39.1914	39.2029	39.1487	39.1338	39.0689	38.9869	39.0392	39.0169	38.938	38.9149	38.9042	38.8053	38.7853	38.7117	38.5791	38.403	38.3284	38.3708	38.0778	38.0694	37.8002	37.5811	37.4989	37.381	36.9406	36.8118	36.6235	36.3794	36.0245	36.0074	35.7691	35.4552	35.4615	35.1852	35.2604	35.0569	34.9942	34.4821	34.6147	34.3086	34.3001	33.8261	33.7119	33.5103	32.9764	32.9881	32.9888	32.817	32.5098	32.6936	32.3557	32.6364	32.5656	32.4994	32.0206	31.7886	31.8571	31.9693	31.6922	31.3068	31.7482	31.6358	31.3576	31.3217	31.1211	31.0052	30.9527	30.8824	30.6153	30.3397	30.8379	30.9472	31.0067	33.2576
Sin-CPnd_018-Ex1-11A-lcwgs-1-2.clmp.r1r2_fastp	39.4037	39.2139	39.3206	39.36	39.4292	39.4432	39.4435	39.4511	39.4748	39.4415	39.4619	39.4465	39.4461	39.4541	39.4356	39.4863	39.4777	39.4802	39.4794	39.4747	39.4779	39.4711	39.4832	39.4647	39.4431	39.3721	39.3705	39.358	39.3619	39.3436	39.3579	39.3536	39.3531	39.3642	39.3451	39.3536	39.3512	39.3474	39.3551	39.3473	39.3537	39.3591	39.3751	39.3304	39.3441	39.3525	39.3535	39.3448	39.3386	39.3269	39.3122	39.337	39.3386	39.3416	39.3347	39.3254	39.33	39.3075	39.3286	39.3043	39.2837	39.329	39.2836	39.2876	39.2839	39.2737	39.2753	39.2895	39.2588	39.2571	39.2299	39.2106	39.2138	39.2174	39.1865	39.1696	39.1505	39.1412	39.1476	39.087	39.0824	39.0351	39.0049	38.9703	38.9367	38.8791	38.7993	38.7931	38.7494	38.6501	38.5373	38.4931	38.4138	38.3054	38.1601	37.9929	37.8386	37.6306	37.4696	37.3115	37.0981	36.8337	36.5874	36.4248	36.1998	35.9779	35.8476	35.6709	35.5859	35.3134	35.2595	35.1483	34.9871	34.8027	34.6983	34.4119	34.3613	34.2688	34.0413	33.7031	33.5697	33.3929	33.2044	33.0445	32.9622	32.7993	32.6478	32.5588	32.4432	32.4123	32.314	32.0981	31.9994	32.1284	31.8165	31.828	31.7578	31.8872	31.7826	31.5781	31.4377	31.2921	31.2941	31.1867	31.0225	30.8067	30.8258	31.0425	31.2897	33.4401
Sin-CPnd_019-Ex1-1H-lcwgs-1-2.clmp.r1r2_fastp	39.5416	39.2641	39.3432	39.3808	39.4036	39.4359	39.4241	39.4583	39.4401	39.4072	39.4537	39.4385	39.4541	39.4324	39.3979	39.4743	39.477	39.4607	39.4658	39.4667	39.4561	39.4338	39.4748	39.4695	39.4718	39.3771	39.3664	39.317	39.3438	39.3435	39.3703	39.362	39.3521	39.3655	39.3752	39.3266	39.3582	39.3529	39.3274	39.3472	39.3542	39.3491	39.3655	39.3719	39.3608	39.3696	39.3495	39.3363	39.3448	39.3414	39.317	39.3181	39.3472	39.2953	39.3344	39.3652	39.3263	39.3405	39.3247	39.3273	39.3248	39.3624	39.3376	39.3433	39.313	39.2869	39.3313	39.3159	39.2928	39.2954	39.2752	39.2477	39.2449	39.2922	39.2095	39.2081	39.2165	39.1657	39.1576	39.135	39.1287	39.0971	39.0752	39.0398	39.0171	38.9353	38.911	38.8579	38.7855	38.7306	38.6045	38.5911	38.4775	38.3488	38.204	38.1942	38.0185	37.7841	37.6186	37.4295	37.2232	36.8897	36.7399	36.5236	36.2464	35.9567	35.918	35.7764	35.6256	35.5365	35.3975	35.2205	35.0915	34.9294	34.7976	34.6884	34.3992	34.1797	33.9252	33.9257	33.6756	33.4794	33.2695	33.2696	33.0436	33.0284	32.7975	32.5342	32.7139	32.6726	32.4785	31.9915	32.2346	32.2438	31.815	31.8503	32.0747	32.0946	31.9712	31.624	31.5254	31.5962	31.2157	31.1333	31.2383	30.936	31.0241	31.0114	31.306	33.6568
Sin-CPnd_020-Ex1-12E-lcwgs-1-2.clmp.r1r2_fastp	39.514	39.2594	39.3479	39.3688	39.4356	39.4511	39.4388	39.4472	39.4724	39.444	39.4486	39.4453	39.447	39.4453	39.4331	39.4746	39.481	39.4768	39.4843	39.4701	39.4775	39.4536	39.4739	39.4555	39.4391	39.3835	39.365	39.3407	39.3559	39.3444	39.3688	39.351	39.3497	39.3527	39.3362	39.34	39.3368	39.3464	39.3557	39.3499	39.3494	39.3646	39.364	39.3217	39.3267	39.347	39.3492	39.3417	39.3243	39.3235	39.3213	39.3193	39.3171	39.3208	39.3298	39.3208	39.3187	39.3145	39.3128	39.3184	39.3056	39.3067	39.3037	39.2989	39.3079	39.2835	39.2597	39.287	39.2734	39.275	39.2407	39.2396	39.2322	39.2005	39.2097	39.1875	39.1687	39.1557	39.1524	39.114	39.0987	39.0574	39.0408	38.968	38.9284	38.8823	38.8596	38.8047	38.7532	38.6863	38.6378	38.5345	38.414	38.3514	38.203	38.0692	37.9815	37.8309	37.6209	37.412	37.2407	37.0153	36.8083	36.5429	36.3663	36.2256	36.0313	35.9118	35.7864	35.6686	35.537	35.3972	35.2848	35.1458	34.9131	34.7618	34.6178	34.4341	34.296	34.0563	33.8678	33.7082	33.5287	33.4031	33.2891	33.0881	33.0242	32.9886	32.889	32.8315	32.6618	32.5457	32.3853	32.5243	32.1859	32.3359	32.2357	32.2946	32.135	32.0618	32.0441	31.7337	31.8736	31.5494	31.5349	31.4371	31.3815	31.4778	31.7843	33.9677
Sin-CPnd_021-Ex1-3D-lcwgs-1-2.clmp.r1r2_fastp	39.4322	39.3597	39.4436	39.4696	39.4938	39.5349	39.477	39.4861	39.5664	39.5057	39.5573	39.5112	39.5249	39.5048	39.4874	39.5062	39.5427	39.5623	39.6061	39.5605	39.5399	39.545	39.4728	39.5614	39.5299	39.4359	39.4181	39.4345	39.4377	39.4564	39.5139	39.4927	39.4226	39.4697	39.466	39.4384	39.4651	39.3941	39.4804	39.4412	39.4052	39.4352	39.4597	39.4309	39.4167	39.4241	39.4514	39.4769	39.3742	39.4145	39.4016	39.4136	39.5166	39.4559	39.4597	39.4631	39.4537	39.4481	39.4298	39.4635	39.3299	39.3663	39.4177	39.4016	39.3703	39.4434	39.2959	39.4202	39.2673	39.4341	39.3544	39.3908	39.2465	39.3826	39.3538	39.2982	39.2576	39.2428	39.3025	39.2061	39.1903	39.1941	39.1713	39.1182	38.8957	38.9179	38.962	38.9176	38.8418	38.7924	38.6645	38.6803	38.484	38.5739	38.0965	38.1156	38.1303	37.7998	37.615	37.2464	37.1608	36.8551	36.4871	36.1855	36.2042	35.8399	35.8531	35.8525	35.3303	35.4443	35.2392	35.4925	34.8509	34.7828	34.615	34.149	34.0917	33.8498	33.768	33.6272	32.9621	33.0503	33.5159	33.0692	32.7784	32.804	32.6684	32.6531	32.2886	32.4576	32.2042	31.9344	31.6845	31.6147	31.3764	31.5075	31.1708	31.5872	31.6263	30.7588	31.827	31.4127	31.0966	30.6023	30.3808	30.3262	30.5956	30.5502	31.3562	33.696
Sin-CPnd_022-Ex1-1D-lcwgs-1-2.clmp.r1r2_fastp	39.2419	38.9959	39.1405	39.2151	39.3311	39.3411	39.3437	39.3332	39.3995	39.3498	39.3765	39.3473	39.3726	39.3329	39.3489	39.3855	39.394	39.4394	39.4055	39.3883	39.4183	39.4034	39.3852	39.431	39.3915	39.3243	39.2711	39.2537	39.2776	39.2816	39.2839	39.2909	39.2847	39.3372	39.2731	39.2818	39.2551	39.3037	39.2549	39.2541	39.2805	39.2643	39.343	39.3114	39.2599	39.3281	39.2703	39.2971	39.2718	39.2817	39.2866	39.2921	39.2868	39.2585	39.2862	39.2837	39.2631	39.2245	39.2847	39.3014	39.2672	39.2476	39.2651	39.2391	39.2814	39.2282	39.2421	39.2539	39.2195	39.2024	39.2357	39.2237	39.2047	39.1985	39.1429	39.1436	39.1244	39.12	39.1031	39.0868	39.0595	39.0332	38.9628	38.9084	38.9027	38.7965	38.7618	38.7398	38.6369	38.5802	38.5098	38.3771	38.2763	38.0962	38.0428	37.863	37.7371	37.4508	37.3165	37.1324	36.8663	36.6447	36.399	36.1132	35.8748	35.7743	35.6245	35.3929	35.3577	35.1439	35.0629	34.768	34.8366	34.5122	34.412	34.1284	34.0194	33.9041	33.5361	33.3395	33.2094	33.0393	32.8751	32.6033	32.5225	32.4239	32.3383	32.2399	32.0789	32.0622	32.146	31.8833	31.5058	31.638	31.4419	31.2648	31.5122	31.3625	31.5262	31.191	31.142	30.9562	30.8187	30.6597	30.516	30.4821	30.4423	30.5093	30.9372	33.4456
Sin-CPnd_023-Ex1-12B-lcwgs-1-2.clmp.r1r2_fastp	39.482	39.2643	39.3409	39.3858	39.4499	39.4702	39.4427	39.4551	39.4878	39.4526	39.4519	39.4597	39.4591	39.454	39.4464	39.4737	39.4717	39.4818	39.4852	39.476	39.4822	39.4681	39.4808	39.4662	39.4476	39.3576	39.3773	39.3398	39.3671	39.347	39.3662	39.35	39.3461	39.363	39.351	39.3503	39.3637	39.3488	39.3494	39.3559	39.3622	39.3555	39.3658	39.3499	39.3463	39.345	39.3471	39.3486	39.3319	39.3312	39.3203	39.3235	39.3283	39.3144	39.3156	39.3355	39.3247	39.3204	39.3114	39.3065	39.2823	39.308	39.3087	39.3086	39.2888	39.2973	39.277	39.2635	39.2535	39.2596	39.2527	39.2167	39.2225	39.2003	39.1773	39.1903	39.1571	39.1515	39.1075	39.1017	39.0908	39.0692	39.0274	38.9838	38.9387	38.8623	38.8224	38.7925	38.7443	38.658	38.583	38.4775	38.414	38.3239	38.1845	38.1044	37.9345	37.7637	37.5842	37.3972	37.1975	36.9827	36.7818	36.5752	36.3405	36.2161	36.0253	35.9056	35.7647	35.5169	35.4878	35.3761	35.2469	35.0529	34.8752	34.7262	34.582	34.3872	34.1655	33.9507	33.7806	33.6176	33.3956	33.3214	33.12	32.8917	32.781	32.7868	32.7356	32.7163	32.5052	32.3814	32.1879	32.301	31.9531	32.0583	31.9838	32.0214	32.1533	31.8364	31.834	31.5915	31.4743	31.2872	31.3459	31.0767	31.096	31.131	31.6403	33.6492
Sin-CPnd_024-Ex1-12C-lcwgs-1-2.clmp.r1r2_fastp	39.4924	39.2683	39.3251	39.3687	39.4487	39.4588	39.4664	39.4479	39.4651	39.4564	39.4444	39.4358	39.4516	39.439	39.435	39.4778	39.4812	39.4789	39.4679	39.4633	39.4674	39.4542	39.4533	39.4543	39.4311	39.3784	39.3554	39.3412	39.3482	39.3421	39.3559	39.3312	39.3284	39.3451	39.322	39.3273	39.3274	39.338	39.3515	39.3634	39.347	39.3409	39.3477	39.353	39.3351	39.3564	39.3381	39.3072	39.3118	39.3101	39.2969	39.3104	39.3271	39.3101	39.3267	39.3157	39.2881	39.2997	39.2885	39.2858	39.2987	39.3185	39.2821	39.2968	39.28	39.2766	39.2636	39.2622	39.2631	39.2707	39.226	39.2191	39.2306	39.2217	39.1688	39.1312	39.1649	39.1228	39.0929	39.0887	39.0319	39.0359	38.9899	38.9389	38.8965	38.8633	38.7922	38.7939	38.7311	38.6207	38.5409	38.5066	38.3762	38.2625	38.1801	38.0461	37.9155	37.7322	37.5788	37.4167	37.1457	37.0172	36.7815	36.5112	36.3539	36.1705	36.0646	35.859	35.6778	35.629	35.5802	35.2749	35.2604	35.0916	34.9407	34.7166	34.5752	34.3814	34.1365	33.8525	33.691	33.6796	33.5091	33.2224	33.1515	32.9319	32.7609	32.8071	32.7593	32.5966	32.6226	32.2761	32.3417	32.1999	31.96	32.0712	32.0665	32.0263	31.9793	31.8657	31.6514	31.6729	31.5197	31.2543	31.1268	31.3212	31.2055	31.2045	31.4782	33.5357
Sin-CPnd_025-Ex1-3B-lcwgs-1-2.clmp.r1r2_fastp	39.3326	39.2097	39.2949	39.3422	39.4049	39.4325	39.4469	39.4672	39.4914	39.4236	39.4801	39.4384	39.4417	39.4733	39.4067	39.5129	39.462	39.4985	39.4966	39.4624	39.4961	39.5044	39.4335	39.4396	39.4839	39.3755	39.4221	39.3851	39.3729	39.3236	39.3656	39.4106	39.3666	39.3949	39.3475	39.3836	39.3948	39.3789	39.343	39.3318	39.4127	39.4037	39.3825	39.3959	39.3549	39.3615	39.3919	39.3954	39.365	39.3881	39.3617	39.3452	39.3541	39.3235	39.3545	39.3791	39.3443	39.3567	39.3415	39.3511	39.3348	39.2989	39.3272	39.3113	39.3165	39.2758	39.2597	39.3456	39.3264	39.3276	39.2909	39.2158	39.2677	39.1914	39.2007	39.1707	39.126	39.1841	39.1593	39.14	39.0378	39.0953	38.986	39.0758	38.9003	38.8592	38.7952	38.7431	38.6862	38.5834	38.4744	38.4119	38.3909	38.1472	38.1659	37.8813	37.8179	37.479	37.3319	37.2253	36.9076	36.6208	36.4481	36.2116	36.0103	35.8651	35.683	35.4016	35.4811	35.1742	35.062	34.7774	34.8449	34.7294	34.5912	34.3006	34.0848	34.3449	33.8864	33.4244	33.4291	33.2402	32.9284	32.7552	32.6511	32.5379	32.4938	32.5352	32.0922	32.2502	32.0465	31.6511	31.8102	31.558	31.8054	31.7653	31.4262	31.534	31.5895	31.4775	32.0344	30.9922	31.0374	30.9468	31.1067	30.5744	30.7999	30.9072	31.1021	33.5306
Sin-CPnd_028-Ex1-12H-lcwgs-1-2.clmp.r1r2_fastp	39.4276	39.1855	39.2984	39.3331	39.3975	39.4269	39.4191	39.4198	39.4652	39.4355	39.4397	39.4058	39.4358	39.4269	39.42	39.4626	39.4371	39.4696	39.4771	39.4579	39.4669	39.4412	39.4605	39.4425	39.4225	39.3588	39.3577	39.3427	39.3574	39.3277	39.3426	39.3367	39.3405	39.3383	39.3142	39.3409	39.3354	39.3261	39.3464	39.3381	39.3422	39.3447	39.3405	39.321	39.3169	39.3405	39.334	39.3205	39.3224	39.3052	39.2969	39.2934	39.3152	39.3096	39.3113	39.3057	39.2982	39.296	39.3005	39.2907	39.2689	39.3048	39.2882	39.2823	39.2724	39.2737	39.2586	39.2598	39.2646	39.2425	39.2424	39.2146	39.2105	39.1935	39.1495	39.1497	39.1433	39.1369	39.1084	39.0673	39.0583	39.0339	39.001	38.9457	38.9195	38.8314	38.8123	38.7734	38.7076	38.6217	38.549	38.4627	38.3763	38.2399	38.1175	37.9674	37.8555	37.6367	37.5027	37.2782	37.084	36.8933	36.6216	36.4133	36.1959	36.0612	35.9381	35.7333	35.5958	35.5028	35.3561	35.2193	35.1232	34.893	34.7739	34.6112	34.4318	34.2519	34.0314	33.814	33.6922	33.4077	33.3809	33.1978	32.9407	32.8459	32.7818	32.6858	32.5728	32.6039	32.4974	32.2371	32.1789	32.1812	31.9528	32.0242	32.0024	32.0178	31.9428	31.8569	31.7215	31.5126	31.4645	31.2596	31.2165	31.0245	31.0922	31.153	31.4818	33.7482
Sin-CPnd_029-Ex1-4D-lcwgs-1-2.clmp.r1r2_fastp	39.5471	39.3576	39.4068	39.3431	39.488	39.4697	39.4701	39.4724	39.4769	39.4796	39.4952	39.4727	39.4285	39.451	39.4232	39.4834	39.5303	39.5433	39.4708	39.4247	39.4853	39.4716	39.4834	39.3923	39.4438	39.419	39.361	39.3973	39.3248	39.3995	39.3465	39.3561	39.3286	39.3864	39.3722	39.3215	39.4289	39.3613	39.2956	39.4142	39.3449	39.3316	39.3466	39.3533	39.4029	39.3268	39.4155	39.371	39.388	39.2977	39.3452	39.2565	39.3559	39.3194	39.373	39.3211	39.2996	39.2427	39.3449	39.3309	39.3171	39.3275	39.3075	39.3154	39.3174	39.2581	39.2967	39.3295	39.2629	39.3108	39.263	39.2989	39.3372	39.2339	39.2073	39.1792	39.2171	39.1172	39.1062	39.1762	39.1733	39.0986	39.0966	39.0579	39.0604	38.998	38.9294	38.8207	38.7268	38.7998	38.7218	38.4284	38.5015	38.2608	38.1041	38.0455	38.1156	37.8286	37.6167	37.3799	37.194	36.9024	36.7096	36.1916	36.2522	35.8565	35.8095	35.8118	35.4872	35.2404	35.1977	34.828	35.2042	34.9788	34.8011	34.4507	34.2279	33.9747	34.1807	33.6561	33.5165	33.3911	33.4205	33.0203	32.3857	32.537	32.5389	32.1468	32.3032	32.2804	31.9634	31.5951	31.6062	31.9519	31.4052	31.3059	31.7165	31.7297	31.8768	30.798	30.9924	31.2887	31.0834	30.8463	30.0084	30.8068	30.7983	30.3019	30.7982	33.0409
Sin-CPnd_031-Ex1-3G-lcwgs-1-2.clmp.r1r2_fastp	39.4045	39.1664	39.2306	39.3574	39.3709	39.4241	39.3938	39.4045	39.4538	39.4323	39.4381	39.4227	39.4366	39.4304	39.4354	39.5023	39.4738	39.4863	39.5098	39.4861	39.4691	39.5116	39.5441	39.4559	39.4755	39.4356	39.4191	39.3613	39.412	39.3299	39.3638	39.3406	39.3208	39.35	39.4179	39.4085	39.3475	39.3885	39.4249	39.3637	39.3432	39.3258	39.4046	39.344	39.3534	39.4211	39.4107	39.3559	39.3612	39.3057	39.3009	39.3559	39.3875	39.3062	39.3753	39.3527	39.3188	39.3329	39.2969	39.3433	39.3108	39.31	39.3493	39.3005	39.2922	39.2503	39.267	39.2889	39.3094	39.359	39.3271	39.2732	39.2581	39.2124	39.2069	39.2115	39.1415	39.1716	39.1043	39.0481	39.1318	38.9572	39.0009	38.9483	38.9141	38.7779	38.8598	38.7908	38.6075	38.4905	38.519	38.4603	38.275	38.1806	38.1671	38.021	37.8486	37.5567	37.3089	37.1431	36.9441	36.7273	36.5237	36.3373	36.1795	35.7479	35.7574	35.5869	35.3489	35.2392	34.9493	35.1953	34.8185	34.6859	34.6087	34.249	34.1976	34.1735	33.9849	33.6124	33.2628	33.1866	32.9644	32.8929	32.5017	32.668	32.304	32.4383	32.2466	32.2169	32.2509	32.069	32.1171	32.0138	31.6688	32.0692	31.7801	31.5051	31.7959	31.5328	31.4935	31.3155	31.604	30.8029	31.3065	30.8546	31.055	30.9684	31.5449	33.5945
Sin-CPnd_032-Ex1-3E-lcwgs-1-2.clmp.r1r2_fastp	39.2977	39.007	39.1614	39.2365	39.2686	39.3303	39.3629	39.3553	39.412	39.4132	39.3906	39.3858	39.3846	39.4064	39.3798	39.3669	39.4039	39.4242	39.4084	39.4523	39.4334	39.4631	39.4529	39.3902	39.4028	39.3147	39.3325	39.3137	39.2938	39.3413	39.3153	39.3116	39.2994	39.3423	39.3176	39.3005	39.2726	39.2685	39.2677	39.3385	39.3016	39.3155	39.3524	39.329	39.2599	39.2734	39.3225	39.3146	39.2615	39.2225	39.2781	39.264	39.2895	39.2655	39.2942	39.2653	39.2341	39.2269	39.3066	39.2639	39.1911	39.3221	39.283	39.2329	39.2435	39.2583	39.2467	39.2649	39.211	39.2034	39.2237	39.203	39.1352	39.2034	39.1628	39.1594	39.1357	39.1181	39.0918	39.0548	39.0259	38.9749	39.0009	38.9123	38.9153	38.8525	38.7439	38.7485	38.6154	38.5875	38.4702	38.377	38.3283	38.1447	38.0823	37.8787	37.7405	37.5022	37.4016	37.1248	36.9279	36.6469	36.5135	36.0774	35.8796	35.8692	35.5565	35.2746	35.3321	35.0807	35.2217	34.8782	34.9353	34.7342	34.5326	34.5028	34.1866	33.9953	33.8478	33.5182	33.4265	33.1386	33.1089	32.8936	32.7119	32.6158	32.5221	32.345	32.3472	32.2278	32.0923	31.9552	31.7518	31.8544	31.7013	31.6717	31.4924	31.7175	31.7727	31.6376	31.3371	31.2023	31.2596	30.8488	31.1263	30.6977	30.7188	30.8267	31.0882	33.5506
Sin-CPnd_033-Ex1-1B-lcwgs-1-2.clmp.r1r2_fastp	39.382	39.259	39.3067	39.3799	39.4856	39.3942	39.4531	39.4592	39.4978	39.4409	39.4216	39.4897	39.3921	39.5365	39.418	39.5192	39.4206	39.505	39.5487	39.4389	39.5466	39.4531	39.3809	39.4633	39.5019	39.3931	39.3362	39.4196	39.3586	39.3078	39.3931	39.4917	39.4318	39.3223	39.341	39.4481	39.4856	39.4102	39.4634	39.4224	39.4685	39.3716	39.4728	39.4527	39.4234	39.4846	39.3734	39.3885	39.3801	39.2995	39.2879	39.2939	39.2691	39.2893	39.4075	39.3906	39.2916	39.4069	39.2309	39.3983	39.31	39.4139	39.4273	39.2704	39.4236	39.1276	39.4324	39.5067	39.3972	39.363	39.3504	39.3712	39.3454	39.1781	39.1671	39.2687	39.1248	39.1782	39.1954	39.1825	39.0387	39.0374	38.9197	38.9207	38.8839	38.8705	38.7615	38.6537	38.7713	38.5958	38.8291	38.4092	38.4159	38.5227	38.0826	38.3245	37.9569	37.8024	37.6146	37.4126	36.7815	36.6142	36.2824	35.8153	35.7988	36.0727	35.6256	35.6602	35.2625	35.4982	35.4115	35.1355	35.233	34.9341	34.8791	34.6726	33.8906	34.1392	33.4248	33.4397	34.1012	33.04	32.4288	32.5813	33.0	32.5926	32.8086	32.4701	31.6498	30.9161	31.4653	31.1688	32.6721	31.0873	31.0432	31.3571	31.6636	31.9613	32.0936	30.7216	31.0286	30.4291	30.8657	31.6562	31.376	31.3306	31.0	31.322	30.6311	33.3552
Sin-CPnd_034-Ex1-3C-lcwgs-1-2.clmp.r1r2_fastp	39.4424	39.2594	39.3213	39.3526	39.4045	39.4204	39.441	39.4402	39.4541	39.4362	39.4306	39.3995	39.4493	39.431	39.3991	39.4714	39.4608	39.471	39.487	39.412	39.5062	39.4876	39.5041	39.416	39.4333	39.3731	39.3747	39.3483	39.4191	39.3651	39.4166	39.3376	39.3387	39.4058	39.3961	39.3559	39.3562	39.3602	39.3738	39.3357	39.3383	39.3511	39.4283	39.3542	39.337	39.3348	39.3873	39.394	39.3282	39.3374	39.3215	39.3583	39.3557	39.4371	39.3485	39.3488	39.3418	39.3336	39.4159	39.3216	39.349	39.3348	39.3638	39.3611	39.3404	39.3151	39.3236	39.2887	39.2915	39.3219	39.2937	39.2125	39.2775	39.2417	39.2486	39.1502	39.2258	39.2109	39.1982	39.1658	39.1151	39.1347	39.0966	39.0377	38.9759	38.9246	38.8994	38.865	38.8524	38.7163	38.6477	38.5443	38.4989	38.4163	38.2644	38.0592	38.0643	37.7884	37.5095	37.3636	37.1309	36.955	36.6489	36.4512	36.1264	36.1637	35.9289	35.7366	35.5782	35.3868	35.4025	35.2647	35.0272	34.9701	34.6454	34.4764	34.3603	34.2409	34.3809	33.6511	33.7491	33.6363	33.6349	33.0521	32.9726	32.9149	32.8264	32.6174	32.393	32.6428	32.6335	32.2268	32.2824	32.2808	31.9894	31.9923	31.6657	31.7816	31.8413	32.2378	31.4733	31.7282	31.7729	31.5578	31.5346	31.4022	31.0516	31.2431	31.4097	33.5038
Sin-CPnd_035-Ex1-12D-lcwgs-1-2.clmp.r1r2_fastp	39.4823	39.2426	39.3329	39.368	39.4374	39.4491	39.4458	39.4432	39.4694	39.4409	39.4546	39.4299	39.4445	39.4456	39.4376	39.4648	39.4756	39.4825	39.4848	39.4711	39.4765	39.4549	39.467	39.461	39.4561	39.3871	39.3799	39.3485	39.3704	39.3538	39.3725	39.3572	39.3641	39.3757	39.3444	39.3572	39.3479	39.3535	39.3686	39.3635	39.3653	39.3609	39.3726	39.3536	39.3448	39.3486	39.3682	39.3604	39.334	39.3437	39.3203	39.3085	39.3314	39.3161	39.3508	39.3329	39.317	39.318	39.3186	39.3262	39.306	39.3208	39.3191	39.2978	39.2971	39.2932	39.2824	39.2926	39.2903	39.272	39.2703	39.2349	39.2424	39.2283	39.1971	39.1701	39.1872	39.1665	39.1303	39.1282	39.0813	39.0705	39.0398	39.006	38.9591	38.893	38.8289	38.8183	38.7412	38.722	38.6014	38.5167	38.4181	38.3413	38.1933	38.0914	37.9361	37.7626	37.6124	37.4107	37.1948	36.9822	36.8069	36.5319	36.3192	36.1667	35.9837	35.8642	35.74	35.6323	35.5117	35.3109	35.2455	35.0868	34.8892	34.7419	34.5896	34.4286	34.2322	33.9998	33.8826	33.5936	33.5703	33.339	33.2629	33.0352	32.9649	32.8787	32.7698	32.7612	32.6314	32.5003	32.3211	32.4179	32.15	32.2446	32.2356	32.1782	32.1791	32.1297	31.8583	31.6965	31.7578	31.555	31.4505	31.4159	31.4325	31.5069	31.7516	33.8876
Sin-CPnd_038-Ex1-11C-lcwgs-1-2.clmp.r1r2_fastp	39.3806	39.1897	39.2865	39.3322	39.4226	39.4356	39.4258	39.4347	39.4663	39.4301	39.4536	39.4335	39.4431	39.459	39.422	39.4809	39.4724	39.4849	39.4897	39.4651	39.4673	39.4635	39.4746	39.4611	39.4559	39.386	39.3714	39.3391	39.3436	39.3575	39.3584	39.3525	39.3434	39.3465	39.3515	39.3372	39.3584	39.3384	39.3602	39.3433	39.3558	39.3487	39.3579	39.3453	39.3401	39.3527	39.3486	39.3396	39.3403	39.3241	39.3217	39.3327	39.339	39.3289	39.3349	39.3333	39.3172	39.3171	39.3204	39.3166	39.3122	39.3224	39.3102	39.3114	39.301	39.2767	39.274	39.3034	39.2609	39.2744	39.2444	39.2335	39.225	39.2047	39.1999	39.1818	39.1805	39.1574	39.1328	39.1029	39.0844	39.0552	39.0047	38.9764	38.9254	38.8654	38.8238	38.7858	38.7178	38.6412	38.5604	38.438	38.3809	38.2488	38.1155	37.9731	37.8616	37.6308	37.4458	37.2621	37.0464	36.7937	36.5856	36.3028	36.1278	35.9741	35.7779	35.6584	35.4541	35.3566	35.2601	35.1395	35.0179	34.8593	34.6405	34.4324	34.2779	34.1945	33.8703	33.6962	33.5156	33.2847	33.2584	33.0123	32.8216	32.7139	32.575	32.5585	32.3691	32.4536	32.2576	32.0936	31.8769	32.0226	31.8112	31.7734	31.7801	31.763	31.7382	31.6204	31.4774	31.2201	31.2829	31.0112	31.0392	30.8286	30.8849	30.8736	31.3942	33.5891
Sin-CPnd_039-Ex1-10F-lcwgs-1-2.clmp.r1r2_fastp	39.4612	39.2143	39.298	39.3406	39.419	39.4395	39.4276	39.4325	39.4563	39.425	39.4373	39.4248	39.4436	39.4312	39.421	39.4513	39.4579	39.4709	39.4663	39.4787	39.4604	39.4446	39.4544	39.4501	39.4455	39.3603	39.3591	39.3336	39.3479	39.3399	39.3584	39.3564	39.354	39.3576	39.3316	39.3416	39.3369	39.3388	39.3578	39.3377	39.3484	39.3436	39.3475	39.342	39.3417	39.3523	39.353	39.3335	39.3349	39.3193	39.3146	39.3224	39.3272	39.3152	39.3177	39.3443	39.31	39.2995	39.3139	39.3109	39.295	39.3232	39.3049	39.3119	39.2814	39.2715	39.2667	39.2828	39.2766	39.2441	39.2476	39.2327	39.2196	39.2304	39.1779	39.1749	39.1625	39.1311	39.1157	39.0856	39.0701	39.0407	38.9976	38.964	38.9274	38.8507	38.8249	38.7461	38.7217	38.6598	38.5503	38.4596	38.375	38.2655	38.1295	37.981	37.8347	37.6649	37.5042	37.2939	37.1275	36.8244	36.6333	36.3419	36.1696	35.9924	35.8195	35.6681	35.5227	35.3555	35.2934	35.1103	35.0403	34.838	34.7198	34.4703	34.3592	34.1461	33.9594	33.7306	33.4926	33.3725	33.2067	33.0014	32.9016	32.6914	32.5147	32.5323	32.3439	32.3966	32.2357	32.072	31.8976	32.0728	31.6735	31.7032	31.7155	31.6563	31.7444	31.5502	31.3458	31.2601	31.2391	30.9888	31.023	30.7178	30.8765	30.8969	31.2049	33.4476
Sin-CPnd_040-Ex1-11E-lcwgs-1-2.clmp.r1r2_fastp	39.4004	39.2071	39.3147	39.366	39.4386	39.4733	39.4688	39.4534	39.4842	39.4579	39.4601	39.4631	39.481	39.4728	39.4675	39.5051	39.4967	39.4971	39.5024	39.5092	39.5019	39.4888	39.4964	39.4869	39.4651	39.4061	39.4016	39.3772	39.3969	39.3765	39.3951	39.3759	39.3817	39.3894	39.3731	39.3871	39.3734	39.373	39.3805	39.3808	39.39	39.392	39.4022	39.3885	39.3628	39.3818	39.3694	39.371	39.3544	39.3504	39.3448	39.3578	39.3578	39.3741	39.3601	39.3619	39.3411	39.3408	39.3482	39.3431	39.334	39.3474	39.3283	39.3453	39.3091	39.3222	39.3001	39.3073	39.2995	39.2931	39.2591	39.2596	39.2718	39.2424	39.2195	39.1936	39.2185	39.1848	39.1414	39.1488	39.1109	39.0757	39.0468	39.0076	38.9483	38.8693	38.8563	38.7987	38.7361	38.6598	38.605	38.5068	38.3878	38.2826	38.1673	38.0056	37.9035	37.6959	37.4819	37.2854	37.1262	36.8594	36.605	36.3507	36.174	35.9713	35.7906	35.7374	35.5562	35.3459	35.3636	35.1999	35.037	34.8767	34.7305	34.5495	34.3779	34.2179	33.9779	33.7367	33.6902	33.3599	33.3192	33.0713	32.977	32.8434	32.7491	32.6013	32.5666	32.5135	32.3524	32.1452	32.0514	32.1316	31.9211	31.8731	31.9076	31.8766	31.8912	31.803	31.642	31.5427	31.4827	31.2613	31.1092	30.9621	31.0587	31.1198	31.4784	33.5464
Sin-CPnd_042-Ex1-10D-lcwgs-1-2.clmp.r1r2_fastp	39.4936	39.2926	39.3514	39.389	39.4329	39.475	39.4747	39.4606	39.48	39.4538	39.4746	39.4506	39.4593	39.4381	39.434	39.491	39.4904	39.4862	39.4963	39.4865	39.4761	39.4871	39.4765	39.4608	39.4684	39.3915	39.3836	39.3558	39.3772	39.3585	39.385	39.3876	39.3577	39.3942	39.3558	39.3476	39.371	39.358	39.3722	39.3511	39.3686	39.3657	39.3585	39.35	39.356	39.369	39.3635	39.3621	39.3513	39.343	39.3417	39.3298	39.3337	39.3337	39.3275	39.3469	39.3379	39.3193	39.3385	39.3295	39.3248	39.3216	39.3078	39.3047	39.301	39.3109	39.3032	39.2683	39.2762	39.2553	39.2835	39.2498	39.2467	39.2284	39.212	39.1939	39.1734	39.1592	39.1291	39.1174	39.0645	39.0959	39.0271	38.9713	38.951	38.8639	38.8385	38.8016	38.7469	38.6322	38.5912	38.5025	38.3736	38.2932	38.159	38.0406	37.9356	37.7146	37.6035	37.378	37.2243	36.9478	36.8695	36.4541	36.275	36.0914	35.9311	35.7906	35.7141	35.5239	35.4239	35.2378	35.1402	35.0178	34.814	34.6107	34.4019	34.1954	34.0856	33.8767	33.6876	33.4215	33.2387	33.0183	33.0873	32.7372	32.5692	32.5961	32.3772	32.3703	32.3803	32.1663	31.894	32.0386	31.7936	31.5993	31.7541	31.7643	31.6879	31.6434	31.6167	31.3163	31.2103	31.1096	30.9333	30.7135	30.7569	30.8715	31.1305	33.2632
Sin-CPnd_043-Ex1-1C-lcwgs-1-2.clmp.r1r2_fastp	39.3456	39.0329	39.1944	39.258	39.3336	39.3503	39.3559	39.3657	39.3927	39.3487	39.3572	39.3494	39.3935	39.3739	39.3446	39.414	39.4061	39.4149	39.407	39.4207	39.4114	39.4019	39.4129	39.4178	39.394	39.3059	39.2933	39.2931	39.3087	39.3174	39.3083	39.3378	39.3103	39.3088	39.2858	39.3094	39.3144	39.2906	39.3142	39.3276	39.3162	39.3163	39.3038	39.3106	39.3109	39.3015	39.306	39.3115	39.2793	39.2563	39.2642	39.2702	39.2711	39.2241	39.2759	39.2563	39.2528	39.2631	39.2591	39.2622	39.234	39.2756	39.2684	39.2553	39.2592	39.2239	39.225	39.2417	39.2459	39.2462	39.2066	39.1997	39.182	39.1905	39.1499	39.1064	39.1388	39.0856	39.0787	39.0194	39.019	38.9928	38.9556	38.899	38.901	38.7924	38.7698	38.7322	38.6432	38.5696	38.4953	38.4485	38.3252	38.1756	38.0286	37.9438	37.7843	37.6058	37.3987	37.1729	36.9181	36.6898	36.4488	36.2154	35.9483	35.7899	35.7002	35.4593	35.3481	35.2468	35.0822	34.9186	34.8296	34.6923	34.5093	34.3095	34.0568	33.8938	33.7979	33.456	33.3068	33.0623	32.8924	32.7421	32.6541	32.436	32.2131	32.2329	32.1949	32.1706	32.0644	31.7739	31.6839	31.6476	31.4707	31.6122	31.4063	31.5343	31.665	31.3987	31.2623	30.9117	31.1425	30.657	30.8014	30.6586	30.6109	30.6272	31.1394	33.3922
Sin-CPnd_044-Ex1-2C-lcwgs-1-2.clmp.r1r2_fastp	39.3861	39.0989	39.1502	39.2256	39.244	39.3624	39.237	39.3607	39.3159	39.3273	39.216	39.1353	39.2844	39.408	39.2388	39.3957	39.4361	39.3835	39.3633	39.3159	39.4606	39.3686	39.4466	39.3396	39.1949	39.1818	39.2151	39.2142	39.2309	39.144	39.1984	39.223	39.2182	39.2224	39.1507	39.0522	39.238	39.2409	39.1356	39.2144	39.1513	39.2532	39.2352	39.258	39.165	39.2191	39.1638	39.1459	39.1975	39.2284	39.1837	39.3078	39.2318	39.2686	39.1955	39.2629	39.216	39.1784	39.2706	39.2852	39.2081	39.2722	39.2528	39.2047	39.2948	39.2783	39.3119	39.2271	39.2739	39.202	39.3013	39.0647	39.2482	39.0944	39.3204	39.1607	39.1719	39.15	39.2152	39.3608	39.1437	38.9894	39.047	38.9159	38.9163	39.0137	38.8005	38.9433	38.6876	38.5401	38.6597	38.6263	38.257	38.2354	38.2736	38.305	38.3531	37.3801	37.7955	37.4585	37.1019	37.1781	36.6539	36.8481	36.315	35.9632	36.0524	35.6708	35.5433	35.5322	35.3135	34.854	35.4857	35.5752	34.6585	34.8057	34.6387	34.5085	34.1843	33.3262	33.2155	33.6742	33.0134	33.6317	32.4155	32.4444	32.9032	33.0088	32.19	32.7869	32.6635	32.2506	32.3077	32.1935	32.0443	31.9885	32.9258	30.7788	31.7834	31.7516	31.415	31.6701	30.2837	30.8905	32.4164	31.346	30.0541	31.2295	31.0702	33.8653
Sin-CPnd_045-Ex1-11H-lcwgs-1-2.clmp.r1r2_fastp	39.3688	39.1167	39.24	39.2796	39.3653	39.3881	39.3923	39.3936	39.4248	39.3991	39.4123	39.3996	39.4194	39.4048	39.3855	39.4338	39.4323	39.4492	39.4541	39.4473	39.4456	39.4326	39.4453	39.4346	39.4237	39.3461	39.344	39.312	39.3327	39.3186	39.3359	39.3279	39.3182	39.3395	39.3208	39.3248	39.3266	39.325	39.331	39.3311	39.3342	39.3303	39.3433	39.3262	39.3234	39.3376	39.3335	39.3253	39.3167	39.3086	39.3036	39.306	39.3133	39.3011	39.3145	39.3178	39.3054	39.298	39.3115	39.3034	39.2892	39.308	39.2996	39.2982	39.287	39.2832	39.2652	39.2864	39.2703	39.2628	39.2499	39.2329	39.2305	39.226	39.195	39.181	39.1769	39.1628	39.1346	39.1137	39.0925	39.072	39.0351	38.9982	38.9558	38.8888	38.8578	38.8023	38.7503	38.6801	38.5957	38.5077	38.4076	38.2872	38.1578	38.0302	37.8816	37.6751	37.4952	37.2843	37.0873	36.8329	36.6241	36.3601	36.1514	35.9922	35.8423	35.6963	35.5694	35.4121	35.3255	35.1766	35.0912	34.9081	34.7477	34.565	34.4176	34.2584	34.0635	33.8066	33.6539	33.4526	33.3364	33.153	33.0208	32.8673	32.7526	32.6742	32.5837	32.6075	32.4744	32.2696	32.1272	32.1897	31.9598	32.0318	31.9778	31.9946	32.001	31.8758	31.7395	31.5622	31.5488	31.3631	31.2637	31.0986	31.1657	31.2606	31.5606	33.6972
Sin-CPnd_049-Ex1-4C-lcwgs-1-2.clmp.r1r2_fastp	39.5095	39.2563	39.3303	39.3467	39.458	39.453	39.4467	39.4185	39.4982	39.4439	39.4157	39.4117	39.436	39.4383	39.4012	39.4371	39.5044	39.5032	39.4456	39.4326	39.4849	39.4931	39.4349	39.4863	39.4705	39.3891	39.3631	39.3433	39.3964	39.3716	39.3874	39.3399	39.2905	39.3462	39.3428	39.3435	39.3213	39.2988	39.3357	39.3467	39.4197	39.3925	39.3942	39.2872	39.4437	39.3376	39.3756	39.3612	39.4082	39.3682	39.3271	39.2942	39.4312	39.3238	39.3361	39.2933	39.2591	39.3098	39.2212	39.3311	39.3431	39.2883	39.229	39.2791	39.3043	39.3004	39.2884	39.276	39.2933	39.3101	39.2106	39.1827	39.2703	39.1289	39.1075	39.0866	39.111	39.098	39.0348	39.0691	39.0216	38.9884	38.9838	38.8738	39.0039	38.7916	38.6694	38.7535	38.6847	38.5597	38.5667	38.4003	38.3978	38.2258	38.0138	37.8419	38.006	37.6584	37.322	37.3601	36.9096	36.7105	36.4562	36.2667	36.0869	35.7975	35.7383	35.6478	35.3733	35.4838	35.1279	35.1282	35.2723	34.488	34.5336	34.3207	34.5783	34.3931	33.3818	33.9375	33.8881	33.3517	33.1953	32.8483	32.8434	32.518	32.7151	32.1096	32.6693	32.5067	32.2814	32.3696	32.1189	31.7877	31.416	31.5138	31.8448	31.7112	31.3626	31.5049	31.4935	31.1892	31.3057	31.0506	31.162	30.8235	30.2062	30.9206	31.2579	33.2844
Sin-CPnd_050-Ex1-9B-lcwgs-1-2.clmp.r1r2_fastp	39.4938	39.3019	39.3506	39.408	39.4744	39.489	39.4746	39.4937	39.5161	39.4846	39.4988	39.485	39.5008	39.4809	39.464	39.5102	39.5208	39.5178	39.5162	39.5027	39.5162	39.4989	39.4988	39.4999	39.4954	39.4216	39.4097	39.3887	39.3924	39.4056	39.408	39.4014	39.3906	39.4001	39.3981	39.4018	39.4071	39.3713	39.3901	39.38	39.3793	39.3923	39.3722	39.3751	39.3828	39.3733	39.3831	39.3746	39.3665	39.3559	39.3415	39.3381	39.3603	39.3622	39.3689	39.3578	39.3348	39.362	39.3433	39.3297	39.3448	39.3491	39.3506	39.3124	39.3162	39.3183	39.3022	39.3144	39.3059	39.297	39.2719	39.2629	39.2311	39.2595	39.2346	39.2105	39.1859	39.1603	39.1504	39.1077	39.0737	39.0583	39.0542	38.9931	38.9321	38.8607	38.8899	38.7941	38.7308	38.6601	38.6086	38.4719	38.4272	38.3	38.1458	38.0485	37.9441	37.6922	37.5684	37.3305	37.162	36.9031	36.7431	36.5024	36.2557	36.0723	35.9664	35.7871	35.6521	35.5008	35.4027	35.3557	35.1752	34.9629	34.8986	34.6262	34.4764	34.3734	34.0805	33.8717	33.7717	33.4354	33.4856	33.1191	33.1463	32.9031	32.8096	32.6443	32.4575	32.568	32.4452	32.1571	32.0894	32.132	31.9728	31.9901	31.9554	31.8774	31.7937	31.7692	31.6541	31.5788	31.7702	31.2971	31.2906	31.1011	31.0689	31.3305	31.7912	33.5143
Sin-CPnd_051-Ex1-12G-lcwgs-1-2.clmp.r1r2_fastp	39.4896	39.2752	39.361	39.4129	39.4477	39.4838	39.4743	39.4812	39.4947	39.4731	39.4685	39.4533	39.4678	39.4641	39.4407	39.4914	39.4959	39.5091	39.4984	39.488	39.4826	39.4874	39.4877	39.4646	39.4636	39.4113	39.3925	39.3625	39.384	39.3711	39.3706	39.3845	39.3717	39.3923	39.3575	39.3684	39.3593	39.3591	39.3778	39.375	39.3726	39.3782	39.3734	39.3681	39.3681	39.3642	39.3636	39.3589	39.3539	39.3582	39.3446	39.3401	39.3601	39.3493	39.3401	39.3332	39.3397	39.3286	39.3392	39.3268	39.3099	39.3281	39.3274	39.3109	39.2926	39.2971	39.2787	39.2965	39.2965	39.2784	39.2482	39.2294	39.235	39.2251	39.2099	39.1863	39.1786	39.1509	39.1153	39.1063	39.093	39.0645	39.0182	38.9823	38.9322	38.853	38.8252	38.7439	38.7322	38.6568	38.5564	38.4398	38.3825	38.2699	38.1681	38.0399	37.9203	37.7317	37.543	37.3404	37.1535	36.9412	36.6923	36.5542	36.2935	36.1803	35.9828	35.7674	35.7618	35.4924	35.5095	35.3094	35.1389	35.1187	34.8305	34.7079	34.5115	34.3503	34.1218	33.9157	33.6721	33.544	33.3484	33.2588	33.0495	32.9314	32.8415	32.723	32.5771	32.654	32.4474	32.3064	32.1015	32.2335	31.9257	32.0907	31.8565	31.8994	31.9735	31.8629	31.7237	31.4242	31.4198	31.2411	31.1247	30.9538	30.9575	31.069	31.3738	33.5949
Sin-CPnd_053-Ex1-9G-lcwgs-1-2.clmp.r1r2_fastp	39.4985	39.3093	39.3791	39.4235	39.4676	39.501	39.4878	39.4972	39.5029	39.4948	39.4968	39.498	39.507	39.4881	39.4812	39.5165	39.5228	39.5246	39.5196	39.5128	39.5058	39.4999	39.5089	39.5023	39.4884	39.431	39.4163	39.392	39.4131	39.3957	39.4093	39.4047	39.3908	39.4018	39.3938	39.3812	39.3935	39.3936	39.4041	39.4115	39.3982	39.4039	39.399	39.3891	39.3886	39.4051	39.3957	39.3923	39.3859	39.3723	39.355	39.3652	39.3561	39.3588	39.3848	39.3691	39.3656	39.3622	39.3621	39.3611	39.3317	39.3428	39.3299	39.3497	39.3217	39.3279	39.3047	39.3344	39.3209	39.2907	39.2744	39.2543	39.252	39.2567	39.224	39.206	39.1931	39.1983	39.1459	39.1161	39.0716	39.0576	39.0408	38.9866	38.9296	38.8408	38.8142	38.7848	38.7405	38.6309	38.5871	38.474	38.4129	38.2642	38.1379	38.0199	37.8985	37.7247	37.5775	37.3444	37.1999	36.8964	36.7445	36.4277	36.2628	36.1041	35.8858	35.7647	35.6112	35.4786	35.429	35.2947	35.2296	34.9679	34.7081	34.5967	34.4772	34.3271	34.1413	33.8777	33.7778	33.5731	33.3004	33.2009	33.0178	32.8181	32.7569	32.7656	32.4085	32.4868	32.388	32.1693	31.946	31.9755	31.7301	31.9045	31.6574	31.7646	31.7178	31.6777	31.5473	31.3319	31.5351	31.0008	31.1197	30.7539	30.9076	31.0768	31.4233	33.4655
Sin-CPnd_058-Ex1-9D-lcwgs-1-2.clmp.r1r2_fastp	39.5211	39.327	39.3658	39.4046	39.4765	39.4874	39.4892	39.4905	39.5126	39.4811	39.4935	39.4783	39.482	39.4726	39.4715	39.5135	39.5095	39.513	39.5231	39.5031	39.4997	39.5041	39.4952	39.5025	39.4791	39.4074	39.4248	39.3794	39.3947	39.3883	39.404	39.4086	39.4035	39.3976	39.3783	39.3822	39.3926	39.3903	39.3789	39.3963	39.4077	39.4029	39.3944	39.3823	39.3902	39.3942	39.3891	39.387	39.3628	39.3668	39.3522	39.357	39.3499	39.3655	39.3525	39.3425	39.3551	39.339	39.34	39.3577	39.3455	39.3347	39.367	39.3299	39.3596	39.3359	39.3214	39.3337	39.3121	39.292	39.2898	39.2685	39.263	39.2712	39.2494	39.2271	39.1965	39.1844	39.1431	39.1437	39.1164	39.0867	39.0293	39.0203	38.9963	38.8897	38.8688	38.8313	38.7623	38.7405	38.6559	38.5377	38.4612	38.3398	38.286	38.0967	37.9693	37.7892	37.5777	37.4028	37.2775	37.0302	36.8253	36.5701	36.3648	36.2228	35.9511	35.9238	35.6453	35.5296	35.5009	35.2956	35.2377	34.9867	34.8545	34.765	34.593	34.4704	34.2235	33.8748	33.9094	33.7155	33.4691	33.3502	33.1714	32.9251	32.8988	32.8053	32.686	32.4776	32.4884	32.4155	32.3884	32.3085	31.9595	32.1247	31.9558	32.0156	31.9873	31.9321	31.6659	31.6755	31.7389	31.3972	31.334	31.0616	31.088	31.3009	31.5522	33.6023
Sin-CPnd_061-Ex1-9A-lcwgs-1-2.clmp.r1r2_fastp	39.4525	39.2545	39.3198	39.3613	39.4234	39.4455	39.4446	39.4363	39.4737	39.4421	39.4456	39.4414	39.4443	39.4396	39.4454	39.4829	39.4744	39.4907	39.474	39.46	39.4751	39.4604	39.4763	39.4498	39.4412	39.3611	39.3819	39.3518	39.3503	39.357	39.3659	39.3595	39.3616	39.3674	39.3533	39.3382	39.3481	39.3463	39.3477	39.3488	39.3431	39.3399	39.3444	39.3545	39.3442	39.3533	39.3443	39.3421	39.3364	39.3315	39.316	39.3232	39.3238	39.3169	39.324	39.3218	39.3181	39.3106	39.3171	39.317	39.297	39.324	39.3095	39.2938	39.2977	39.2701	39.2635	39.2977	39.2756	39.2679	39.2267	39.2217	39.2121	39.2013	39.1986	39.1472	39.1455	39.1375	39.0963	39.1018	39.0784	39.0397	39.0098	38.9351	38.9305	38.8634	38.8428	38.7722	38.7244	38.6437	38.5761	38.488	38.4002	38.2685	38.1255	38.0403	37.8826	37.7112	37.515	37.3314	37.0997	36.9162	36.7007	36.4533	36.2134	36.0196	35.901	35.7189	35.5284	35.3934	35.3075	35.1435	35.0301	34.9085	34.7324	34.4647	34.3346	34.2691	34.0463	33.7435	33.5759	33.4857	33.2853	33.0937	33.008	32.8925	32.7934	32.565	32.5204	32.4826	32.3516	32.229	32.0218	32.0599	31.837	31.9166	31.8002	31.9147	31.9144	31.7684	31.558	31.3325	31.2764	31.2162	31.3645	30.9854	31.0749	31.221	31.4111	33.6792
Sin-CPnd_062-Ex1-11D-lcwgs-1-2.clmp.r1r2_fastp	39.4423	39.2358	39.3373	39.3773	39.4528	39.4915	39.4627	39.4768	39.4907	39.4682	39.4718	39.482	39.4863	39.4615	39.4628	39.4848	39.5035	39.5157	39.5075	39.4883	39.4937	39.4894	39.5013	39.4876	39.474	39.4073	39.3921	39.3825	39.378	39.386	39.3999	39.3941	39.3883	39.4062	39.3732	39.3771	39.3797	39.3973	39.3936	39.3912	39.3765	39.3915	39.385	39.3743	39.38	39.379	39.3864	39.3771	39.3604	39.3398	39.3479	39.3542	39.3676	39.3647	39.3724	39.3642	39.3512	39.3465	39.3589	39.3433	39.342	39.3517	39.3273	39.336	39.3234	39.3129	39.3043	39.3179	39.3255	39.3012	39.2908	39.2661	39.2488	39.257	39.22	39.1953	39.2118	39.1656	39.1613	39.1337	39.106	39.0609	39.0455	39.0039	38.9618	38.8841	38.8769	38.8365	38.7777	38.7239	38.6163	38.5334	38.4378	38.3223	38.1786	38.0718	37.8951	37.7071	37.4926	37.3581	37.1727	36.9179	36.7083	36.3816	36.2556	36.0695	35.8706	35.7746	35.6914	35.5149	35.4202	35.1963	35.1508	35.0104	34.8083	34.6439	34.5114	34.3055	34.0935	33.8306	33.7133	33.5654	33.476	33.2449	33.0139	32.901	32.7546	32.6886	32.6511	32.674	32.4881	32.3594	32.0835	32.1658	32.0178	31.9685	31.8434	32.0035	32.0345	31.7845	31.7045	31.4743	31.4776	31.3076	31.2012	30.9227	31.1399	31.1795	31.5026	33.6614
Sin-CPnd_063-Ex1-9F-lcwgs-1-2.clmp.r1r2_fastp	39.5238	39.3293	39.3902	39.4179	39.4697	39.5033	39.5037	39.4986	39.5241	39.4974	39.4914	39.495	39.4986	39.4929	39.4951	39.526	39.5262	39.523	39.5208	39.5193	39.512	39.5037	39.5144	39.5035	39.4907	39.4303	39.432	39.3987	39.414	39.4057	39.4093	39.4095	39.3942	39.4129	39.4055	39.4	39.4037	39.3819	39.3983	39.4009	39.4074	39.3972	39.409	39.3812	39.3809	39.4016	39.3994	39.375	39.361	39.3749	39.3644	39.3609	39.3725	39.3696	39.3827	39.3744	39.3538	39.3564	39.3585	39.363	39.3458	39.366	39.3358	39.3679	39.3303	39.3219	39.3166	39.3425	39.3187	39.3124	39.3199	39.2919	39.2604	39.2629	39.2165	39.2296	39.2137	39.1973	39.1735	39.1344	39.1043	39.1118	39.0639	39.0301	38.9762	38.9182	38.8895	38.8151	38.8064	38.7306	38.6467	38.5656	38.4899	38.3101	38.2584	38.1364	37.9893	37.7778	37.608	37.388	37.1972	36.9591	36.7579	36.4916	36.2481	36.1435	35.9585	35.7863	35.7237	35.5791	35.4722	35.3162	35.1798	34.9153	34.8687	34.5995	34.4833	34.2659	34.179	33.8526	33.7031	33.569	33.4327	33.1932	33.0373	33.083	32.8042	32.6271	32.6217	32.6285	32.4503	32.2791	32.0863	32.1603	31.854	32.0908	31.9901	32.1281	31.998	31.6621	31.7351	31.3993	31.5697	31.1982	31.252	30.9176	31.039	31.0945	31.5404	33.565
Sin-CPnd_065-Ex1-11B-lcwgs-1-2.clmp.r1r2_fastp	39.4524	39.2672	39.3487	39.4012	39.4528	39.4646	39.4656	39.4804	39.4934	39.4806	39.4742	39.4631	39.4893	39.47	39.4569	39.5001	39.4949	39.4944	39.5092	39.4951	39.4936	39.4791	39.4822	39.4787	39.4671	39.4108	39.4077	39.368	39.377	39.374	39.3871	39.3955	39.3728	39.3979	39.3718	39.3701	39.3785	39.3747	39.3827	39.3857	39.386	39.39	39.3973	39.3908	39.3784	39.3881	39.3793	39.3851	39.3563	39.35	39.3495	39.3659	39.3668	39.3576	39.3469	39.3634	39.3509	39.3349	39.3527	39.3407	39.3184	39.3485	39.3379	39.3303	39.3146	39.3218	39.3105	39.3084	39.2871	39.2812	39.2785	39.2389	39.252	39.2526	39.2138	39.2064	39.1871	39.1821	39.1381	39.1303	39.1149	39.071	39.0315	39.0051	38.9491	38.894	38.8422	38.8068	38.7811	38.6748	38.5852	38.5324	38.4135	38.3527	38.1464	38.0632	37.9212	37.7058	37.6044	37.3576	37.1796	36.9464	36.7604	36.4901	36.2122	36.1119	35.9841	35.8246	35.6672	35.4851	35.4253	35.3163	35.1835	34.9488	34.8242	34.5927	34.4866	34.3227	34.1547	33.8449	33.7067	33.4954	33.3233	33.1491	33.0653	32.8708	32.7713	32.7019	32.586	32.5935	32.4038	32.2571	32.0709	32.1778	31.9217	31.9211	31.837	32.0157	31.8692	31.8183	31.6086	31.3595	31.4499	31.0661	31.1219	30.9165	31.0184	31.0881	31.4033	33.5354
Sin-CPnd_067-Ex1-9C-lcwgs-1-2.clmp.r1r2_fastp	39.4959	39.2927	39.3722	39.3894	39.4479	39.4804	39.4529	39.4718	39.495	39.468	39.4665	39.461	39.4769	39.4649	39.4465	39.4959	39.4803	39.4966	39.493	39.4812	39.4872	39.4819	39.5016	39.4727	39.4567	39.4033	39.3872	39.3589	39.374	39.3769	39.3829	39.3823	39.3652	39.383	39.3673	39.3464	39.3574	39.3707	39.371	39.366	39.3716	39.3615	39.386	39.3732	39.3585	39.3721	39.3606	39.3484	39.3467	39.342	39.324	39.317	39.3477	39.3329	39.3407	39.3537	39.3278	39.3137	39.3251	39.3159	39.314	39.3259	39.3028	39.3102	39.2814	39.2897	39.2853	39.3166	39.3015	39.2693	39.2427	39.2341	39.2361	39.2252	39.1994	39.1843	39.1497	39.1701	39.1323	39.1153	39.0939	39.0599	39.0244	38.9563	38.9397	38.8659	38.8618	38.7898	38.7134	38.6749	38.551	38.4826	38.3991	38.3101	38.2132	38.0696	37.9441	37.7204	37.5788	37.3916	37.1487	36.9788	36.7507	36.5082	36.2667	36.0653	35.9274	35.8564	35.6537	35.6027	35.4739	35.3482	35.1211	34.9866	34.8145	34.6575	34.5275	34.3657	34.163	33.8579	33.6645	33.5414	33.3556	33.1645	33.0741	32.8382	32.7627	32.5792	32.5116	32.6452	32.4532	32.1917	32.2519	32.2693	32.0537	31.9759	32.0612	31.8334	32.0337	32.0197	31.5942	31.3175	31.483	31.1462	31.1394	30.8711	31.098	31.2027	31.4494	33.7194
Sin-CPnd_074-Ex1-12A-lcwgs-1-2.clmp.r1r2_fastp	39.4524	39.2321	39.3025	39.345	39.4028	39.4227	39.4206	39.4215	39.4501	39.4456	39.4404	39.4137	39.4265	39.428	39.4231	39.4733	39.4528	39.4633	39.4727	39.4526	39.4527	39.4549	39.4409	39.4373	39.4159	39.3534	39.3643	39.316	39.3262	39.3273	39.3354	39.3139	39.3221	39.3421	39.3134	39.3275	39.309	39.3328	39.3111	39.3246	39.338	39.3234	39.3382	39.3224	39.3002	39.3299	39.3317	39.2977	39.2927	39.2775	39.2953	39.2984	39.2914	39.28	39.3116	39.3064	39.2756	39.2638	39.2532	39.2617	39.2605	39.2808	39.2605	39.2702	39.28	39.2612	39.2485	39.2598	39.2586	39.242	39.2258	39.1926	39.2054	39.1979	39.1617	39.1337	39.1166	39.114	39.0745	39.0631	39.027	39.0256	38.9807	38.9285	38.9028	38.8244	38.815	38.7444	38.6965	38.6349	38.5432	38.487	38.4182	38.2813	38.1372	38.0181	37.9016	37.6924	37.5222	37.361	37.1298	36.8547	36.7233	36.4531	36.235	36.0376	35.8822	35.6973	35.6668	35.4287	35.3699	35.2193	35.137	34.9731	34.7244	34.5924	34.446	34.3002	34.1258	33.8362	33.5904	33.4241	33.285	33.0913	33.0565	32.8111	32.7171	32.5591	32.4123	32.5909	32.3881	32.2306	32.075	32.2906	31.8047	31.9262	31.8227	31.9259	31.8505	31.7811	31.5342	31.3624	31.4309	31.4175	31.1496	30.9856	31.1364	31.3087	31.3497	33.5197
Sin-CPnd_075-Ex1-11G-lcwgs-1-2.clmp.r1r2_fastp	39.441	39.245	39.3403	39.3923	39.4556	39.4745	39.4751	39.4928	39.519	39.4946	39.4791	39.4834	39.4888	39.4849	39.4641	39.5103	39.5082	39.5215	39.5099	39.5037	39.5027	39.5058	39.4913	39.5026	39.4778	39.4231	39.4221	39.3738	39.3795	39.3831	39.3994	39.3945	39.3865	39.4117	39.3811	39.3847	39.3938	39.3954	39.396	39.3929	39.3873	39.3956	39.3983	39.3882	39.3936	39.4047	39.391	39.3804	39.3813	39.3723	39.3566	39.3583	39.3763	39.3725	39.3597	39.3801	39.3577	39.3548	39.3554	39.36	39.3456	39.3516	39.3443	39.3532	39.3487	39.3343	39.3395	39.3309	39.3102	39.2977	39.2884	39.2722	39.2597	39.2598	39.2264	39.2016	39.2139	39.1751	39.1554	39.1239	39.0988	39.0962	39.0277	39.0009	38.9662	38.8887	38.8655	38.7929	38.7439	38.6685	38.5746	38.5001	38.4222	38.2944	38.1551	38.0182	37.9273	37.7155	37.4992	37.3075	37.1202	36.8923	36.6422	36.4048	36.2078	36.0103	35.8707	35.7559	35.5823	35.4344	35.3174	35.1794	35.0391	34.8932	34.7056	34.5658	34.2969	34.1839	34.0064	33.7198	33.5702	33.3813	33.2218	33.1784	32.9014	32.8152	32.693	32.524	32.516	32.5131	32.4	32.1567	32.0658	32.0009	31.7564	31.8028	31.7767	31.8312	31.8774	31.604	31.5657	31.3073	31.3235	31.1256	30.9209	30.8305	30.8944	31.1835	31.3512	33.5549
Sin-CPnd_076-Ex1-10E-lcwgs-1-2.clmp.r1r2_fastp	39.5048	39.2556	39.3327	39.3642	39.4192	39.4469	39.4316	39.4407	39.4604	39.4329	39.4465	39.4306	39.4469	39.4269	39.4218	39.4678	39.4684	39.4744	39.4871	39.4782	39.449	39.4527	39.4683	39.4576	39.4419	39.3643	39.3617	39.3419	39.3514	39.346	39.3535	39.3529	39.347	39.3725	39.3486	39.3531	39.3502	39.3474	39.3482	39.3451	39.347	39.3396	39.3556	39.3369	39.3478	39.357	39.345	39.3353	39.324	39.3031	39.3218	39.3229	39.3278	39.3151	39.3224	39.3176	39.3149	39.3126	39.3204	39.3309	39.3096	39.3174	39.3068	39.3082	39.2932	39.2971	39.2734	39.2969	39.288	39.2591	39.2576	39.2499	39.2499	39.2363	39.2005	39.1873	39.1638	39.1628	39.1063	39.1081	39.0903	39.0569	39.0389	38.9805	38.9517	38.8817	38.8404	38.816	38.7536	38.6905	38.5701	38.533	38.439	38.3397	38.1886	38.0771	37.9296	37.7186	37.5399	37.3579	37.169	36.9263	36.7058	36.464	36.2325	36.114	35.9504	35.78	35.637	35.5154	35.4314	35.1937	35.166	34.9828	34.8434	34.6831	34.4737	34.2969	34.1243	33.8911	33.6311	33.5268	33.4127	33.2101	33.0994	32.8369	32.7815	32.6898	32.5146	32.6532	32.4601	32.2769	32.1093	32.1169	31.8743	31.9545	31.9217	31.865	31.9053	31.7712	31.6117	31.4665	31.5577	31.2636	31.2579	31.0047	31.1212	31.1542	31.5609	33.6627
Sin-CPnd_079-Ex1-9H-lcwgs-1-2.clmp.r1r2_fastp	39.4804	39.2971	39.3663	39.3992	39.485	39.4995	39.4796	39.4775	39.5091	39.4758	39.4855	39.4751	39.4883	39.4795	39.458	39.4934	39.4965	39.5112	39.4943	39.4931	39.4954	39.4979	39.5	39.4796	39.4656	39.4228	39.4096	39.3802	39.3976	39.3737	39.3985	39.3874	39.4023	39.3938	39.3793	39.366	39.3699	39.3872	39.3882	39.3775	39.3823	39.3826	39.3798	39.371	39.3673	39.3644	39.3855	39.3661	39.3649	39.3514	39.343	39.3471	39.3639	39.3438	39.3506	39.359	39.3426	39.328	39.3502	39.3379	39.3219	39.3389	39.3279	39.3078	39.3098	39.3294	39.3007	39.3063	39.3007	39.2877	39.2956	39.267	39.2387	39.2486	39.2075	39.2056	39.1702	39.1972	39.1353	39.1214	39.0946	39.0423	39.0142	38.9909	38.9497	38.8928	38.8552	38.8163	38.7135	38.6677	38.5856	38.4963	38.4232	38.306	38.2278	38.0586	37.9206	37.7135	37.5799	37.3412	37.1522	36.9556	36.7197	36.448	36.2361	35.986	35.9231	35.8534	35.6879	35.4823	35.4444	35.2166	35.1685	35.0014	34.8203	34.5983	34.4666	34.3482	34.1224	33.8188	33.7484	33.4225	33.3527	33.2012	33.0924	32.915	32.7496	32.6461	32.5111	32.4828	32.5149	32.1938	32.1052	32.1355	31.8412	32.0163	31.7267	31.9048	31.8176	31.7508	31.4584	31.6391	31.3274	31.0821	31.0143	31.0432	31.1845	31.0896	31.4863	33.6069
Sin-CPnd_080-Ex1-2E-lcwgs-1-2.clmp.r1r2_fastp	39.3725	39.118	39.1997	39.3089	39.3658	39.3112	39.3996	39.3812	39.4501	39.4417	39.4676	39.4246	39.4563	39.3629	39.4136	39.4288	39.491	39.4355	39.4851	39.4563	39.4434	39.4259	39.4643	39.4013	39.4326	39.3654	39.3408	39.3516	39.3283	39.3725	39.2932	39.3535	39.216	39.3195	39.2659	39.3011	39.3023	39.3311	39.335	39.3254	39.302	39.3809	39.2786	39.3282	39.2763	39.2061	39.3499	39.2763	39.3005	39.3157	39.3387	39.286	39.2697	39.2803	39.2553	39.265	39.2872	39.3069	39.3515	39.2659	39.295	39.2862	39.243	39.3591	39.2484	39.2761	39.2555	39.2905	39.2866	39.2726	39.1959	39.2008	39.1754	39.1751	39.1796	39.1166	39.1063	39.1237	39.075	39.0664	39.0601	39.0935	38.9253	39.0829	38.8867	38.8373	38.8774	38.7229	38.662	38.6772	38.5508	38.458	38.4204	38.2083	38.0007	37.9242	37.9144	37.568	37.4914	37.2995	36.8754	36.8737	36.6342	36.1881	36.0269	35.8177	35.6847	35.5727	35.4219	35.1626	35.0023	34.9739	34.6437	34.8999	34.5934	34.4075	34.2141	34.1175	34.1789	33.5839	33.3204	33.4592	32.8894	32.9211	32.8877	32.5766	32.645	32.2695	32.6325	32.516	32.0694	31.9188	32.0184	32.1075	31.8599	32.0808	32.0204	31.6909	31.4937	31.9213	31.6276	31.1895	31.5197	31.4911	30.8428	31.0146	31.2803	31.0676	31.7816	33.7303
Sin-CPnd_081-Ex1-10G-lcwgs-1-2.clmp.r1r2_fastp	39.4544	39.2348	39.3156	39.3509	39.4112	39.4455	39.4319	39.4482	39.472	39.4324	39.4311	39.4283	39.4579	39.4489	39.4256	39.47	39.4769	39.473	39.479	39.4837	39.4752	39.4556	39.471	39.4575	39.4417	39.3639	39.3741	39.3507	39.3512	39.3521	39.3652	39.3614	39.3583	39.3639	39.3333	39.3401	39.3433	39.3326	39.3529	39.3436	39.3569	39.3515	39.3488	39.3456	39.3355	39.3502	39.3383	39.3347	39.3308	39.3162	39.312	39.3102	39.3286	39.3177	39.3126	39.331	39.326	39.2971	39.3102	39.3109	39.2864	39.2961	39.3109	39.3002	39.28	39.2802	39.2483	39.293	39.2754	39.2668	39.2549	39.2275	39.2271	39.2316	39.1796	39.1914	39.1461	39.1296	39.099	39.0841	39.0689	39.0545	39.017	38.9498	38.9107	38.8495	38.8057	38.7779	38.712	38.6522	38.5381	38.4694	38.3778	38.2682	38.1168	38.0223	37.8712	37.6525	37.4854	37.3151	37.1091	36.8342	36.6493	36.3789	36.1691	35.9984	35.875	35.6361	35.5367	35.3736	35.2918	35.1579	35.0739	34.8246	34.6736	34.5247	34.352	34.194	33.9594	33.7441	33.4962	33.2902	33.2303	33.0297	32.8995	32.7204	32.5217	32.4618	32.4572	32.4755	32.2362	31.9306	31.9331	31.9183	31.7041	31.7365	31.6523	31.7787	31.7567	31.7489	31.3922	31.2855	31.2607	31.0313	30.9309	30.7208	30.7914	30.9038	31.325	33.523
Sin-CPnd_085-Ex1-4H-lcwgs-1-2.clmp.r1r2_fastp	39.2584	38.9932	39.1481	39.2117	39.3111	39.3358	39.3323	39.3429	39.362	39.3383	39.3492	39.3463	39.3727	39.3423	39.3245	39.3876	39.3888	39.4022	39.4042	39.4034	39.4036	39.3836	39.4049	39.3931	39.3814	39.3007	39.2866	39.2778	39.2867	39.2629	39.2891	39.2881	39.2616	39.293	39.2819	39.2796	39.285	39.2719	39.288	39.2709	39.2824	39.296	39.2748	39.2732	39.2602	39.274	39.2878	39.2825	39.2753	39.2571	39.2434	39.2482	39.2411	39.2426	39.2575	39.2524	39.2569	39.2358	39.2364	39.2579	39.2214	39.2445	39.258	39.2311	39.2312	39.2228	39.215	39.2233	39.2185	39.1935	39.1947	39.1766	39.1735	39.1342	39.1257	39.1201	39.1087	39.1042	39.056	39.0051	39.0249	39.0086	38.9315	38.921	38.8854	38.7787	38.7653	38.7091	38.6672	38.5608	38.4597	38.4014	38.292	38.1441	38.0036	37.9186	37.7508	37.5292	37.3119	37.1203	36.9031	36.6595	36.4231	36.1933	35.9472	35.7776	35.5931	35.4695	35.3058	35.1729	35.0709	34.9368	34.8484	34.6286	34.4181	34.312	34.1427	34.0114	33.7298	33.4827	33.3114	33.1436	32.9466	32.7456	32.7476	32.4994	32.3675	32.3182	32.2523	32.2626	32.0957	31.9036	31.7375	31.8291	31.4751	31.6315	31.6011	31.5233	31.6025	31.5134	31.3596	31.1648	31.1382	30.8799	30.7855	30.5996	30.7518	30.7935	31.1152	33.3825
Sin-CPnd_088-Ex1-2D-lcwgs-1-2.clmp.r1r2_fastp	39.5012	39.2156	39.2895	39.3072	39.5213	39.4039	39.4617	39.4483	39.4903	39.4483	39.5389	39.4185	39.4775	39.4349	39.4629	39.4897	39.497	39.5097	39.5292	39.4915	39.5803	39.5109	39.4294	39.444	39.4866	39.3376	39.323	39.3236	39.3729	39.3479	39.3564	39.2555	39.2713	39.4089	39.3077	39.3655	39.2864	39.4018	39.2052	39.3694	39.3364	39.3517	39.3745	39.3724	39.3664	39.398	39.3989	39.3836	39.388	39.3559	39.3619	39.4591	39.3682	39.3555	39.3568	39.3207	39.3705	39.4016	39.3691	39.3487	39.4039	39.3685	39.3121	39.3644	39.2825	39.3498	39.3469	39.2839	39.3823	39.2172	39.2976	39.1565	39.3362	39.2867	39.2759	39.1887	39.2201	39.1438	39.0238	39.1212	39.3454	39.221	39.1479	39.1039	39.1285	38.9545	39.0133	38.9146	38.6025	38.5482	38.6169	38.5256	38.5608	38.2978	38.3608	38.1902	37.9712	37.7829	37.4399	37.3381	37.1462	37.1476	36.3048	36.4516	36.0397	35.915	35.8878	35.7975	35.6673	35.3566	35.6803	35.0349	34.5497	34.5574	34.6742	34.583	34.8489	34.3142	34.1967	33.4255	33.3001	33.2725	32.9882	33.1173	32.5495	32.2862	32.7569	32.88	32.9156	32.4784	32.0404	33.0207	32.2051	32.24	31.6643	32.1623	32.2173	32.8788	33.0466	31.488	31.405	31.7233	31.9525	31.3892	32.5662	31.619	31.1097	30.52	31.9577	34.0405
Sin-CPnd_089-Ex1-9E-lcwgs-1-2.clmp.r1r2_fastp	39.4823	39.2404	39.3471	39.3783	39.4364	39.4619	39.4576	39.4657	39.484	39.4575	39.4625	39.4512	39.4564	39.4506	39.4496	39.4952	39.5003	39.4895	39.5045	39.4915	39.4891	39.4808	39.4883	39.4809	39.4602	39.3921	39.3898	39.3557	39.3809	39.3606	39.3751	39.381	39.3676	39.3726	39.3669	39.3603	39.3646	39.363	39.3807	39.3606	39.372	39.3659	39.3743	39.3529	39.3591	39.3626	39.3588	39.3595	39.3486	39.331	39.338	39.3372	39.3473	39.328	39.3322	39.3358	39.3386	39.318	39.3286	39.338	39.3086	39.3258	39.3201	39.3095	39.3268	39.2947	39.2913	39.2818	39.2823	39.2719	39.2584	39.2492	39.2575	39.2236	39.2004	39.1879	39.1857	39.1523	39.1342	39.1169	39.104	39.0732	39.0493	39.0128	38.9395	38.8943	38.8517	38.7979	38.7467	38.6724	38.601	38.5011	38.4189	38.2923	38.1738	38.0537	37.9165	37.7174	37.5376	37.3525	37.1386	36.9443	36.7128	36.5309	36.2764	36.1082	35.9243	35.7703	35.7254	35.5143	35.4248	35.2249	35.1398	34.9829	34.7887	34.6273	34.4829	34.353	34.1661	33.8897	33.7046	33.578	33.453	33.1859	33.1338	32.9171	32.9006	32.7897	32.6675	32.6614	32.5196	32.2762	32.0992	32.2832	32.0087	32.1903	32.0286	31.9958	31.9713	31.9233	31.8439	31.7152	31.5579	31.5247	31.3173	31.1408	31.2214	31.1184	31.7104	33.6786
Sin-CPnd_090-Ex1-12F-lcwgs-1-2.clmp.r1r2_fastp	39.2726	39.0169	39.1798	39.2246	39.3219	39.3542	39.3503	39.3611	39.3933	39.3673	39.3863	39.3667	39.3807	39.3704	39.3518	39.4064	39.4137	39.4183	39.4239	39.4145	39.425	39.4012	39.4093	39.4016	39.3876	39.3068	39.3037	39.2756	39.2988	39.2834	39.3023	39.2961	39.2782	39.3019	39.2809	39.2801	39.2861	39.2861	39.2947	39.2911	39.2931	39.2954	39.301	39.2866	39.2809	39.2932	39.2988	39.2891	39.2759	39.2686	39.2538	39.2659	39.2729	39.2501	39.2623	39.2646	39.2548	39.2386	39.2629	39.266	39.2308	39.2621	39.2508	39.247	39.2328	39.2357	39.2062	39.2321	39.2127	39.2123	39.1975	39.1716	39.171	39.1719	39.1284	39.1064	39.1134	39.0911	39.0711	39.0455	39.0178	39.0009	38.959	38.9177	38.8738	38.8071	38.7762	38.7233	38.6531	38.5927	38.4927	38.3987	38.3175	38.2029	38.0665	37.9353	37.8031	37.5913	37.4062	37.2126	37.0128	36.761	36.5483	36.2886	36.073	35.9124	35.748	35.6124	35.4656	35.3035	35.2403	35.065	34.9748	34.7728	34.609	34.4301	34.2778	34.1285	33.913	33.6737	33.4958	33.3148	33.1757	33.0292	32.8788	32.7042	32.5864	32.5469	32.4376	32.47	32.3184	32.0783	31.9617	32.066	31.7877	31.8853	31.8396	31.8454	31.8575	31.7429	31.5641	31.4203	31.3978	31.1653	31.087	30.9429	30.9755	31.0495	31.3812	33.6305
Sin-CPnd_092-Ex1-11F-lcwgs-1-2.clmp.r1r2_fastp	39.4664	39.2762	39.3672	39.4164	39.4752	39.5111	39.4845	39.4832	39.5158	39.4927	39.493	39.483	39.4996	39.4979	39.4614	39.5199	39.5227	39.5156	39.5216	39.5136	39.5113	39.506	39.4999	39.5104	39.4965	39.4156	39.4207	39.388	39.4054	39.4069	39.4028	39.3857	39.3958	39.4231	39.3909	39.4017	39.41	39.392	39.3966	39.4068	39.4138	39.3919	39.4147	39.3973	39.3842	39.405	39.4032	39.3811	39.3892	39.368	39.3501	39.3745	39.3639	39.3733	39.3803	39.3763	39.3745	39.3679	39.3651	39.3519	39.3363	39.3712	39.3438	39.3652	39.3251	39.3283	39.3355	39.3469	39.3311	39.2965	39.2903	39.2699	39.2884	39.2485	39.2275	39.204	39.2244	39.2115	39.1586	39.1479	39.1318	39.0971	39.0515	39.0419	38.9877	38.9081	38.878	38.8082	38.7723	38.6951	38.6041	38.5178	38.4346	38.3275	38.1583	38.096	37.9191	37.7372	37.5802	37.3434	37.1506	36.893	36.6953	36.3713	36.2338	36.0724	35.8799	35.7297	35.5599	35.4411	35.3425	35.2067	35.126	35.0009	34.7917	34.5806	34.3974	34.3186	34.0965	33.733	33.7218	33.4199	33.4183	33.2598	33.0449	32.7704	32.7076	32.6505	32.5322	32.4376	32.3915	32.2525	32.1332	32.2009	31.8765	32.0318	31.9062	31.9728	31.9152	31.7389	31.5263	31.5214	31.427	31.1193	31.0438	31.0297	30.9844	31.1208	31.423	33.709
Sin-CPnd_093-Ex1-10C-lcwgs-1-2.clmp.r1r2_fastp	39.4251	39.1922	39.27	39.3092	39.3938	39.4173	39.4056	39.4041	39.4442	39.4197	39.414	39.4069	39.4269	39.4247	39.3978	39.45	39.45	39.4626	39.4445	39.4447	39.4541	39.4507	39.4366	39.4371	39.4259	39.3568	39.3519	39.325	39.3328	39.3198	39.3237	39.3154	39.3353	39.3475	39.3229	39.3304	39.3171	39.3281	39.3244	39.3271	39.3403	39.3266	39.3369	39.3268	39.3148	39.318	39.3278	39.3152	39.2952	39.3138	39.2794	39.2972	39.3132	39.2871	39.3069	39.3124	39.2861	39.2841	39.2909	39.2962	39.287	39.2825	39.2772	39.2861	39.2621	39.2436	39.2529	39.2755	39.2444	39.2213	39.2263	39.1875	39.2014	39.1991	39.1575	39.1179	39.1357	39.1092	39.094	39.0498	39.0208	39.0188	38.9744	38.9297	38.8813	38.8077	38.7899	38.7552	38.7012	38.6177	38.5361	38.4561	38.3556	38.2345	38.1055	37.9871	37.8925	37.6163	37.4972	37.2676	37.0932	36.7662	36.6211	36.3237	36.1287	35.9776	35.7589	35.587	35.4858	35.3519	35.2724	35.0547	35.0027	34.774	34.6792	34.426	34.3694	34.075	33.9124	33.6241	33.4495	33.3124	33.1175	32.9552	32.8603	32.7048	32.5133	32.4223	32.3522	32.2431	32.213	31.9447	31.8133	31.9897	31.6896	31.743	31.714	31.7783	31.6298	31.5138	31.3111	31.2769	31.1613	31.0754	30.9058	30.5811	30.8101	30.8924	31.2406	33.463
Sin-CPnd_094-Ex1-3H-lcwgs-1-2.clmp.r1r2_fastp	39.2195	38.978	39.147	39.199	39.294	39.3298	39.3338	39.3401	39.3711	39.3406	39.3612	39.3565	39.3744	39.3616	39.3346	39.4038	39.3951	39.4045	39.4109	39.4073	39.4076	39.3972	39.4072	39.3892	39.3888	39.3053	39.304	39.267	39.2934	39.282	39.3032	39.2884	39.2839	39.301	39.2905	39.2822	39.2934	39.2858	39.3023	39.2909	39.3058	39.2922	39.3126	39.2883	39.2857	39.3043	39.3121	39.2971	39.2812	39.2791	39.271	39.2842	39.2874	39.2755	39.2913	39.2804	39.282	39.266	39.2819	39.286	39.2614	39.28	39.2754	39.278	39.2716	39.2487	39.2357	39.2599	39.2483	39.2382	39.2261	39.2002	39.1923	39.1965	39.1757	39.144	39.1331	39.1268	39.0988	39.0695	39.048	39.0298	38.992	38.9516	38.9109	38.829	38.8028	38.7332	38.6864	38.6132	38.5053	38.4113	38.3155	38.2049	38.0378	37.9426	37.7627	37.5493	37.3551	37.1545	36.9421	36.6911	36.4606	36.1872	35.9773	35.812	35.6626	35.4951	35.3513	35.2087	35.131	34.9477	34.8703	34.6845	34.5258	34.3353	34.1807	33.9951	33.8049	33.5559	33.38	33.1819	33.0445	32.8783	32.7222	32.5751	32.4607	32.3528	32.277	32.285	32.192	31.9834	31.8018	31.9187	31.6609	31.7227	31.6484	31.725	31.6788	31.5513	31.4024	31.2435	31.2437	30.9966	30.9405	30.7603	30.8157	30.9087	31.241	33.4552
Sin-CPnd_095-Ex1-2B-lcwgs-1-2.clmp.r1r2_fastp	39.5336	39.2483	39.3575	39.3704	39.4575	39.439	39.4337	39.4395	39.4574	39.4532	39.4549	39.429	39.4613	39.4356	39.4094	39.4607	39.4901	39.4917	39.4834	39.4861	39.481	39.4427	39.463	39.4605	39.4535	39.357	39.369	39.3275	39.3429	39.3661	39.3634	39.3636	39.3515	39.3492	39.3409	39.3524	39.344	39.362	39.3581	39.3496	39.3347	39.34	39.3631	39.3335	39.329	39.3407	39.3518	39.3267	39.3166	39.3178	39.3056	39.323	39.3126	39.3102	39.3078	39.3035	39.327	39.298	39.2913	39.3114	39.3033	39.3159	39.2929	39.3081	39.2725	39.2893	39.264	39.2987	39.26	39.2725	39.2395	39.2343	39.2373	39.2282	39.1934	39.1875	39.1788	39.1812	39.1124	39.1668	39.1	39.0586	39.0482	38.9974	38.9401	38.8862	38.8436	38.7734	38.7114	38.7012	38.6158	38.5061	38.4759	38.3125	38.1989	38.0747	37.922	37.6915	37.5627	37.3904	37.1688	36.9678	36.7446	36.4989	36.2892	36.17	36.0107	35.9021	35.7254	35.5809	35.4598	35.3457	35.2504	35.1002	34.8943	34.7546	34.5192	34.4329	34.3129	34.0633	33.867	33.5988	33.4694	33.3055	33.286	32.96	32.8793	32.7182	32.7708	32.7344	32.7311	32.4898	32.3357	32.3214	32.2415	32.2608	32.0719	32.1516	32.1213	31.9076	31.9122	31.703	31.7995	31.5141	31.4842	31.3307	31.4614	31.5506	31.7124	33.8622
Undetermined.clmp.r1r2_fastp	39.2545	38.7702	38.8589	38.8852	39.034	39.0701	39.0281	39.0412	39.1121	39.0515	39.1006	39.0248	39.1087	39.0583	39.019	39.1381	39.0967	39.1498	39.1287	39.1259	39.1542	39.141	39.1424	39.0993	39.0452	38.8602	38.8896	38.8443	38.892	38.8698	38.9102	38.8709	38.8748	38.8908	38.8851	38.8915	38.8981	38.9067	38.9218	38.925	38.9545	38.938	38.9688	38.9339	38.9464	38.977	38.9546	38.9509	38.9289	38.9222	38.9092	38.9505	38.9659	38.9445	38.9716	38.9764	38.9553	38.9471	38.9746	38.9595	38.9363	38.9797	38.9599	38.9598	38.9467	38.9316	38.9237	38.9403	38.9203	38.9169	38.8926	38.8729	38.8766	38.8748	38.8501	38.838	38.8293	38.8146	38.7881	38.7625	38.7371	38.7123	38.6768	38.6357	38.5997	38.5298	38.5015	38.4552	38.4069	38.341	38.2582	38.1803	38.1033	38.0051	37.8819	37.7801	37.6567	37.4846	37.3232	37.1582	36.9848	36.7664	36.5869	36.3498	36.1706	36.0291	35.8955	35.7688	35.6465	35.4911	35.4413	35.286	35.2068	35.0353	34.8787	34.6892	34.5754	34.4231	34.2471	34.0283	33.8767	33.7076	33.5842	33.4264	33.2884	33.1219	33.0242	32.9552	32.8641	32.8947	32.7656	32.5733	32.4257	32.512	32.2591	32.318	32.262	32.2895	32.2634	32.1712	31.993	31.8298	31.8192	31.617	31.5286	31.3604	31.4152	31.4963	31.8297	33.9471
