Sample	1	2	3	4	5	6	7	8	9	10	11	12	13	14	15	16	17	18	19	20	21	22	23	24	25	26	27	28	29	30	31	32	33	34	35	36	37	38	39	40	41	42	43	44	45	46	47	48	49	50	51	52	53	54	55	56	57	58	59	60	61	62	63	64	65	66	67	68	69	70	71	72	73	74	75	76	77	78	79	80	81	82	83	84	85	86	87	88	89	90	91	92	93	94	95	96	97	98	99	100	101	102	103	104	105	106	107	108	109	110	111	112	113	114	115	116	117	118	119	120	121	122	123	124	125	126	127	128	129	130	131	132	133	134	135	136	137	138	139	140	141	142	143	144	145	146	147	148	149	150
Sin-APnd_001-Ex1-6G-lcwgs-1-2.clmp.r1r2_fastp	0.0863979	0.0977653	0.00311898	0.00483615	0.000616542	0.00084203	0.00025387	0.00034375000000000003	0.000566084	7.88417e-05	0.000974484	0.00178498	0.0022264900000000002	1.10378e-05	0.166118	0.00132139	0.0034674600000000003	0.000119839	0.0008514909999999999	0.00031063600000000004	0.000140338	0.06446260000000001	0.0	6.307339999999999e-06	0.0	0.0	0.0	7.88417e-06	0.000167144	0.00119524	1.26147e-05	0.00011826300000000002	0.142224	2.0531700000000002e-05	3.16475e-05	0.000261681	0.00039440699999999994	0.00011167499999999999	0.00644421	3.05419e-05	9.68814e-06	0.0009558319999999999	1.3055e-05	0.0	0.118698	0.0	0.000849718	0.00115364	0.0	0.0	0.000207773	8.653210000000001e-05	0.000141198	0.11223699999999999	0.000779544	2.9758499999999996e-05	0.0	0.107477	0.0	0.00172424	0.11139500000000001	6.54484e-05	0.0	2.11957e-06	0.0	0.0	0.22825800000000002	6.87368e-06	0.15209399999999998	2.3890800000000002e-05	1.22064e-05	5.7400499999999994e-05	0.00132205	5.48345e-05	0.0525229	0.149746	5.60753e-06	0.0	0.000819042	0.09421460000000001	0.0	0.00171488	0.0	9.39373e-05	6.55029e-05	2.83526e-05	0.0	0.00115483	0.00205677	0.00011918200000000001	0.000147289	4.21516e-06	3.47603e-05	0.000618181	5.0825600000000003e-05	0.00020495	6.88592e-05	2.0310299999999998e-05	0.000167793	0.00137549	0.0	0.0914476	5.96915e-06	0.0	8.293000000000001e-05	0.000138594	0.0850962	0.000360169	2.19261e-05	2.26899e-05	0.0790401	0.0	0.000410986	0.00024311700000000002	0.0	0.0	6.75614e-05	0.000129967	1.0357900000000001e-05	1.0730799999999999e-05	0.0	0.0	0.0	1.2358800000000001e-05	0.0	0.0	5.51095e-05	0.0	0.0	0.0	0.0	0.044612200000000005	0.00010286500000000001	0.0	0.0	0.07543269999999999	0.0	0.010752900000000001	0.0553132	0.0120102	0.00221277	0.00116563	0.000151449	0.000262322	0.00144772	0.0006277769999999999	0.000419509	0.0715837	0.000313675	0.0
Sin-APnd_002-Ex1-3G-lcwgs-1-2.clmp.r1r2_fastp	0.085633	0.09839409999999998	0.00289404	0.0042526099999999996	0.0005040369999999999	0.0007677389999999999	0.000176914	0.0003338	0.00036718	7.67739e-05	0.000894583	0.00162894	0.00182255	6.67599e-06	0.144378	0.00118165	0.00296414	0.00012016799999999999	0.000637557	0.000263702	0.000130182	0.052893899999999994	0.0	1.3352e-05	0.0	0.0	0.0	3.338e-06	9.680189999999999e-05	0.0008478509999999999	2.3366e-05	8.34499e-05	0.111863	3.3456200000000003e-06	1.00636e-05	0.000168251	0.000253324	8.47928e-05	0.00516226	2.39736e-05	6.8881900000000005e-06	0.000679168	2.7906499999999998e-05	0.0	0.101288	0.0	0.00075667	0.000822144	0.0	0.0	0.000116463	7.604e-05	0.000123202	0.0988643	0.000640734	1.6049200000000002e-05	0.0	0.0934035	0.0	0.00132495	0.09814089999999999	3.54105e-05	0.0	0.0	0.0	0.0	0.198523	0.0	0.13772	3.12396e-05	3.72894e-05	3.27169e-05	0.00107782	8.010540000000001e-05	0.0477699	0.136977	6.17305e-06	0.0	0.0007486610000000001	0.0896209	0.0	0.00179706	0.0	4.49686e-05	6.175399999999999e-05	4.77236e-05	0.0	0.001023	0.0017709	0.00010804799999999999	0.00014877800000000002	0.0	2.9789999999999998e-05	0.00062633	2.1242299999999998e-05	0.000175842	4.55049e-05	0.0	9.764479999999999e-05	0.00136628	0.0	0.08813589999999999	0.0	0.0	0.00010622500000000001	9.45281e-05	0.082357	0.000339768	0.0	0.0	0.0797789	0.0	0.000350017	0.00017124300000000001	0.0	0.0	0.0	0.00010020399999999999	0.0	0.0	2.8213899999999998e-05	0.0	0.0	0.0	0.0	0.0	0.000143489	0.0	0.0	0.0	0.0	0.044378799999999996	9.14241e-05	0.0	4.9586e-05	0.0782443	0.0	0.00959727	0.055024100000000006	0.012519899999999999	0.0017855599999999998	0.0016665999999999999	0.00013907	0.00014501099999999998	0.000984093	0.00047572300000000005	0.000250261	0.0719188	9.69394e-05	0.0
Sin-APnd_003-Ex1-3H-lcwgs-1-2.clmp.r1r2_fastp	0.0858942	0.09954619999999999	0.00292396	0.00453983	0.000516395	0.000783142	0.00020348	0.000328304	0.000494166	6.49768e-05	0.000937034	0.0016209999999999998	0.0021032	5.12975e-06	0.151859	0.00121917	0.00321122	0.000129954	0.0006839659999999999	0.000295816	0.000140213	0.0574292	0.0	5.12975e-06	0.0	0.0	0.0	6.8396600000000005e-06	0.000124824	0.00103108	2.0519e-05	0.000119694	0.127312	1.1985999999999998e-05	3.94479e-05	0.000214808	0.00030833799999999996	0.00014508299999999998	0.00591433	4.8671e-05	5.23434e-06	0.000867263	2.6402e-05	0.0	0.111926	0.0	0.0007242910000000001	0.0010832700000000001	0.0	1.8434300000000002e-06	0.000180373	0.000121987	0.000119389	0.108274	0.000735464	2.34895e-05	0.0	0.102717	0.0	0.00147768	0.10826799999999999	4.8668e-05	0.0	0.0	0.0	0.0	0.21898299999999998	6.975010000000001e-06	0.149918	2.6486800000000002e-05	7.356299999999999e-06	3.74716e-05	0.00118387	5.97028e-05	0.0496782	0.14602700000000002	2.7580200000000002e-06	0.0	0.000854725	0.0933893	0.0	0.00169538	0.0	8.38069e-05	4.95194e-05	2.02949e-05	0.0	0.0010274	0.00199496	8.23412e-05	0.00018060599999999998	7.89319e-06	0.000101381	0.0007335730000000001	2.14264e-05	0.000198331	7.70874e-05	0.0	0.000182642	0.00138616	0.0	0.0909703	2.7084e-05	0.0	4.60865e-05	0.000112954	0.0832972	0.000240638	6.53882e-06	1.35043e-05	0.0791049	0.0	0.000305156	0.000253808	0.0	0.0	6.79672e-05	9.66167e-05	1.81657e-05	1.87869e-05	0.0	0.0	1.0388e-05	1.07432e-05	0.0	0.0	8.336039999999999e-05	0.0	0.0	2.64181e-05	0.0	0.046080699999999995	8.79491e-05	0.0	4.71555e-05	0.0749507	0.0	0.010378499999999999	0.056702	0.011628600000000001	0.00229146	0.00112028	0.00010565200000000001	0.00010962500000000001	0.00129864	0.00042751599999999996	0.000348064	0.0741349	8.565870000000001e-05	0.0
Sin-APnd_004-Ex1-4A-lcwgs-1-2.clmp.r1r2_fastp	0.08847100000000001	0.10310199999999999	0.0034427900000000003	0.00522521	0.000652797	0.000945136	0.000280986	0.000334913	0.000604546	9.65004e-05	0.00102745	0.00191014	0.0023358800000000002	1.70295e-05	0.173238	0.00148724	0.00391678	0.000175971	0.000854312	0.000312207	0.000164618	0.06746229999999999	0.0	5.67649e-06	0.0	0.0	0.0	1.98677e-05	0.000187324	0.00131127	2.8382499999999998e-05	0.000130559	0.15015499999999998	1.7073399999999998e-05	5.9937000000000006e-05	0.000303596	0.00039980599999999995	0.000106924	0.006687299999999999	4.96695e-05	2.35222e-05	0.000988857	2.08814e-05	3.00765e-06	0.12042299999999999	3.06376e-06	0.0009688149999999999	0.00128605	0.0	3.20361e-06	0.000240106	0.000131526	0.00015337100000000002	0.11246500000000001	0.00079335	1.04667e-05	0.0	0.106934	0.0	0.00175222	0.112243	4.65257e-05	0.0	0.0	0.0	0.0	0.225686	8.764019999999999e-06	0.153331	1.83271e-05	1.4063399999999998e-05	5.27772e-05	0.00126235	6.03587e-05	0.053241	0.148196	5.41234e-06	0.0	0.000894091	0.0933243	0.0	0.00201335	0.0	9.738849999999999e-05	8.00588e-05	3.42891e-05	0.0	0.0012186	0.00206757	9.21867e-05	0.000221457	0.0	0.000134273	0.000752322	8.913150000000001e-06	0.00022050099999999998	0.000142095	0.0	0.00012100700000000002	0.00126941	0.0	0.09094479999999999	0.0	0.0	4.87455e-05	0.000226701	0.0850896	0.000201757	0.0	0.0	0.0786353	0.0	0.000349139	0.000147661	0.0	0.0	3.62847e-05	0.000150046	0.0	0.0	0.0	0.0	0.0	2.2855399999999998e-05	0.0	0.0	0.00015176300000000002	0.0	0.0	2.80097e-05	0.0	0.0458859	6.19539e-05	0.0	0.0	0.0747125	0.0	0.0104165	0.0537455	0.012418199999999999	0.0020112	0.00132185	0.00013254	0.000183067	0.000949882	0.00034624199999999997	0.00036217	0.0754446	5.96743e-05	0.0
Sin-APnd_005-Ex1-4B-lcwgs-1-2.clmp.r1r2_fastp	0.0869131	0.100418	0.00305431	0.00451263	0.000577895	0.0009230810000000001	0.000234649	0.000331611	0.000475115	7.563060000000001e-05	0.000905628	0.0017046	0.00207112	9.696229999999999e-06	0.159348	0.00125275	0.0032811999999999997	0.00012799	0.000800909	0.00028313	0.000139626	0.059564000000000006	0.0	7.75699e-06	0.0	0.0	0.0	7.75699e-06	0.000116355	0.00111895	1.16355e-05	0.000100841	0.126218	9.7254e-06	4.6848300000000003e-05	0.000162693	0.00031521	8.32064e-05	0.00579648	2.00674e-05	1.21295e-05	0.000921078	2.0555200000000003e-05	2.07487e-06	0.10830499999999998	2.11874e-06	0.000741512	0.00112795	0.0	2.2262999999999998e-06	0.000171575	0.00014889	0.000141859	0.103286	0.000693956	3.6631e-05	0.0	0.098163	0.0	0.00139976	0.10288299999999999	4.37052e-05	0.0	0.0	0.0	0.0	0.209591	3.1089199999999997e-06	0.143447	2.60711e-05	0.0	2.05308e-05	0.00115766	6.11638e-05	0.0487212	0.141539	0.0	0.0	0.0007846849999999999	0.0883256	0.0	0.00160916	0.0	9.945510000000001e-05	8.78093e-05	2.5133600000000003e-05	0.0	0.00099905	0.0016201700000000002	3.41158e-05	0.000176057	0.0	0.000125162	0.000556025	2.00456e-05	0.00022793	0.00012141900000000001	1.47765e-05	9.93859e-05	0.00125006	0.0	0.09055099999999999	0.0	0.0	3.76615e-05	0.000214709	0.0865688	0.000241081	1.08665e-05	1.12645e-05	0.0784677	0.0	0.000477139	0.000273466	0.0	0.0	4.36093e-05	6.0306499999999996e-05	3.12852e-05	1.62232e-05	0.0	0.0	0.0	1.8756099999999998e-05	0.0	0.0	0.000104744	0.0	6.76616e-05	0.0	0.0	0.0445853	0.000182838	0.0	0.0	0.0791994	0.0	0.00959293	0.057188300000000004	0.011545999999999999	0.00176593	0.000698377	0.00019077200000000002	0.000237637	0.0007824669999999999	0.00047252400000000005	0.000404967	0.073784	0.000207712	0.0
Sin-APnd_006-Ex1-4C-lcwgs-1-2.clmp.r1r2_fastp	0.0872103	0.100768	0.00311976	0.00465624	0.00051736	0.000735743	0.00025738	0.00032237499999999996	0.000577155	8.57934e-05	0.00102432	0.00176266	0.00211364	2.07984e-05	0.160366	0.00117771	0.0033173400000000002	0.000111791	0.000766941	0.000270379	0.000116991	0.0619792	0.0	2.5998e-06	2.5998e-06	0.0	0.0	7.7994e-06	0.000176786	0.00103732	1.2998999999999999e-05	9.359280000000001e-05	0.13753700000000002	1.30136e-05	4.69143e-05	0.000180138	0.00039764300000000004	0.000123247	0.006513	4.48383e-05	1.05875e-05	0.0009965710000000001	8.00886e-06	0.0	0.120352	5.43197e-06	0.000787711	0.00126511	0.0	0.0	0.000167152	0.00012311899999999998	0.000150579	0.113851	0.0007510479999999999	3.6105799999999996e-05	0.0	0.109563	0.0	0.00195313	0.113985	7.276779999999999e-05	0.0	0.0	0.0	0.0	0.239018	1.11538e-05	0.158444	1.94166e-05	1.5888600000000002e-05	8.9428e-05	0.00153563	0.000123605	0.0534198	0.155334	4.59153e-06	0.0	0.0008075339999999999	0.097773	0.0	0.00182377	0.0	0.000105238	6.83719e-05	2.93124e-05	0.0	0.00119309	0.00254755	0.000112132	0.000224371	7.01039e-06	7.95504e-05	0.000671437	7.69889e-06	0.00041324600000000003	0.000147698	1.6950999999999997e-05	0.000113836	0.0012847899999999998	0.0	0.0977201	0.0	0.0	4.27079e-05	0.00020983	0.0893893	0.000212689	3.66793e-05	0.0	0.0835206	0.0	0.000308413	0.00023213499999999999	1.5017400000000001e-05	0.0	0.0	0.00013325900000000002	0.0	1.78417e-05	0.0	0.0	0.0	0.0	0.0	0.0	0.000317816	0.0	2.4327999999999998e-05	2.5180999999999998e-05	0.0	0.049571399999999995	5.5887600000000003e-05	0.0	0.0	0.0715365	0.0	0.011035900000000001	0.054167400000000004	0.012301099999999999	0.00275527	0.0011225	0.000321114	0.000291486	0.0013845700000000001	0.000315608	0.0005666569999999999	0.0760484	0.000109107	0.0
Sin-APnd_007-Ex1-4D-lcwgs-1-2.clmp.r1r2_fastp	0.08684990000000001	0.09741119999999999	0.002981	0.004517	0.000530774	0.0007430840000000001	0.000220975	0.000249139	0.00048744600000000005	6.93256e-05	0.000992223	0.00153383	0.0020581	1.73314e-05	0.154358	0.00115254	0.0032561400000000002	0.000149483	0.000680258	0.00026647	0.000127819	0.0566325	0.0	1.73314e-05	0.0	0.0	0.0	2.16643e-06	0.000110488	0.00100739	2.59971e-05	9.53228e-05	0.12272999999999999	1.30238e-05	4.13391e-05	0.00021818500000000003	0.000286815	6.81393e-05	0.005594620000000001	4.21596e-05	1.5619500000000002e-05	0.0008711449999999999	1.80854e-05	0.0	0.105049	2.31745e-06	0.000716029	0.00110886	0.0	2.41881e-06	0.000225304	8.68427e-05	0.000103137	0.10114799999999999	0.000629459	1.8417699999999998e-05	0.0	0.0981013	0.0	0.0013964700000000001	0.10056699999999999	3.50531e-05	0.0	0.0	0.0	0.0	0.205981	1.31909e-05	0.141336	2.4119e-05	1.4095700000000001e-05	3.96585e-05	0.00118444	9.06567e-05	0.0483385	0.13881	4.06087e-06	0.0	0.000802638	0.0912249	0.0	0.0016927099999999998	0.0	9.23931e-05	7.49367e-05	3.59399e-05	0.0	0.00100957	0.00181475	8.619e-05	0.000189248	6.08922e-06	8.15394e-05	0.0006656230000000001	4.66218e-05	0.000199105	9.91176e-05	0.0	0.000203471	0.00122121	0.0	0.0864945	8.55748e-06	0.0	7.306000000000001e-05	0.00017935099999999998	0.0854473	0.000221939	1.04323e-05	2.1575899999999998e-05	0.0802655	0.0	0.00047781799999999997	0.000234908	1.2799099999999999e-05	0.0	6.86222e-05	0.00018473	0.0	1.5237400000000001e-05	0.0	0.0	0.0	0.0	0.0	0.0	0.00015609899999999998	0.0	0.0	0.0	0.0	0.044740600000000005	7.2686e-05	0.0	0.0	0.07934920000000001	0.0	0.00924075	0.0533047	0.0114935	0.00252362	0.00105922	0.000177481	0.000221255	0.00130437	0.00048041999999999996	0.000377462	0.0740131	4.83401e-05	0.0
Sin-APnd_008-Ex1-4E-lcwgs-1-2.clmp.r1r2_fastp	0.0861683	0.0996339	0.00323382	0.00458555	0.00056484	0.000840793	0.000247926	0.000372967	0.000549749	9.05469e-05	0.000976613	0.0018605199999999998	0.00225936	1.2935300000000001e-05	0.167316	0.0013625199999999999	0.00352702	0.0001466	0.0008688190000000001	0.000375123	0.000161691	0.0646138	0.0	4.31176e-06	0.0	0.0	0.0	1.7247e-05	0.00021558799999999998	0.00117927	1.7247e-05	0.000144444	0.143351	1.07978e-05	5.62633e-05	0.000208247	0.00047866299999999994	0.000146269	0.00645613	4.18188e-05	1.3270099999999999e-05	0.0010273300000000001	1.7896699999999998e-05	2.25208e-06	0.11985699999999999	6.86112e-06	0.0008951720000000001	0.00122733	0.0	7.13437e-06	0.000192441	0.00013878399999999998	0.000135632	0.112869	0.00083638	3.85757e-05	0.0	0.10659300000000001	0.0	0.00146908	0.11138999999999999	5.39188e-05	0.0	0.0	0.0	0.0	0.22857899999999998	9.55072e-06	0.15562399999999998	2.98718e-05	1.6955e-05	3.81192e-05	0.0013318800000000001	0.00011227700000000001	0.053228300000000006	0.14926099999999998	0.0	0.0	0.000959921	0.0940766	0.0	0.00171561	0.0	0.000115044	9.91446e-05	9.68978e-06	0.0	0.00106734	0.0019093399999999998	0.000102382	0.000221488	5.6911e-06	9.363359999999999e-05	0.00068001	3.0948500000000004e-05	0.000235571	0.00010480899999999999	4.71999e-05	0.000124943	0.00132929	0.0	0.0925945	1.55924e-05	0.0	2.4814299999999997e-05	0.000179044	0.08714229999999999	0.00027168	9.336110000000001e-06	1.92475e-05	0.0798586	0.0	0.000369025	0.00039126600000000003	0.0	0.0	5.95759e-05	6.1425e-05	1.26693e-05	0.0	0.0	0.0	0.0	0.0	0.0	0.0	9.71655e-05	0.0	0.0	1.77898e-05	0.0	0.0449597	0.000136788	0.0	2.07985e-05	0.0764146	0.0	0.009804120000000001	0.055019900000000004	0.0132199	0.00159659	0.00123429	0.00021710000000000002	0.00028045999999999995	0.00101627	0.00054282	0.000283086	0.0765866	0.000143849	0.0
Sin-APnd_009-Ex1-4F-lcwgs-1-2.clmp.r1r2_fastp	0.08484789999999999	0.0973375	0.00298401	0.0044030399999999996	0.00046043299999999995	0.0008101600000000001	0.00015851	0.00031953499999999997	0.000498173	5.5352599999999996e-05	0.000940993	0.00174612	0.00206566	1.25801e-05	0.157116	0.00114228	0.0031777399999999996	0.000148445	0.000729647	0.000249086	0.00017109	0.0595795	0.0	1.25801e-05	0.0	0.0	0.0	7.54808e-06	9.30929e-05	0.0010995	2.2644200000000003e-05	8.55449e-05	0.128199	2.0168199999999998e-05	4.2957800000000004e-05	0.00021538200000000002	0.00034576699999999997	9.69738e-05	0.00563006	1.54472e-05	5.17563e-06	0.000788561	7.85659e-06	5.274e-06	0.110184	5.35865e-06	0.000816436	0.00104546	0.0	5.57758e-06	0.000158015	0.00010285199999999998	0.000144733	0.104549	0.000729486	2.7204e-05	0.0	0.10143	0.0	0.00150241	0.103647	4.3577899999999995e-05	0.0	0.0	0.0	0.0	0.21315	1.1386e-05	0.146269	2.78101e-05	8.13581e-06	6.250570000000001e-05	0.00129378	0.00010068	0.050177299999999994	0.143014	4.72727e-06	0.0	0.0007980180000000001	0.0907453	0.0	0.0016581	0.0	0.00010325399999999998	4.72479e-05	2.4333699999999997e-05	0.0	0.0010532	0.00191898	7.56056e-05	0.00029078400000000004	7.32036e-06	7.56068e-05	0.00064819	4.8414999999999996e-05	0.000183444	7.75833e-05	8.91588e-06	9.224e-05	0.0010117799999999999	0.0	0.0908119	1.0583e-05	1.0959e-05	6.812059999999999e-05	0.000282426	0.0852677	0.000164338	0.0	0.0	0.0788813	0.0	0.000454821	0.000235941	0.0	0.0	7.03073e-05	0.000145904	0.0	1.96512e-05	0.0	0.0	0.0	0.0	0.0	0.0	0.00012771199999999999	0.0	2.7560600000000002e-05	0.0	0.0	0.045521400000000004	0.00019251099999999997	0.0	0.0	0.0770603	0.0	0.0106382	0.0557339	0.013308300000000002	0.0022900100000000003	0.00119459	0.00023909799999999998	0.000199054	0.0018162	0.000651456	0.000342199	0.07216	0.000198725	0.0
Sin-APnd_010-Ex1-4G-lcwgs-1-2.clmp.r1r2_fastp	0.0866289	0.0994185	0.0030351	0.00457074	0.0005025	0.000739679	0.00020301	0.00030954	0.00050049	9.44699e-05	0.0010311300000000001	0.00167634	0.00217281	1.6080000000000002e-05	0.159841	0.00122811	0.00333057	0.00011256	0.0008341490000000001	0.00027135	0.00011256	0.0606276	0.0	8.03999e-06	0.0	0.0	0.0	2.0100000000000002e-06	0.00016884	0.00110148	1.2060000000000001e-05	0.00011256	0.132569	6.04175e-06	3.8352599999999996e-05	0.000182157	0.000410169	0.000105967	0.006240280000000001	2.46611e-05	1.23911e-05	0.000923956	1.6708499999999998e-05	2.10205e-06	0.11262	4.2659900000000005e-06	0.000713949	0.0010520500000000001	0.0	0.0	0.000189887	9.93689e-05	0.000111936	0.10654799999999999	0.0007444870000000001	2.13483e-05	0.0	0.10328799999999999	0.0	0.00148005	0.105826	6.22521e-05	0.0	0.0	0.0	0.0	0.216522	0.0	0.149661	1.80117e-05	9.1914e-06	3.4409800000000004e-05	0.00118854	6.85495e-05	0.0508406	0.14410799999999999	0.0	0.0	0.000841022	0.0928394	0.0	0.00165111	0.0	4.54589e-05	9.32703e-05	4.35081e-06	0.0	0.0010183899999999999	0.0018429	7.75007e-05	0.000239043	1.5364e-05	8.43182e-05	0.000672498	2.23308e-05	0.000201176	7.10438e-05	6.100349999999999e-06	0.00011945200000000001	0.0012962199999999998	0.0	0.0891181	2.84132e-05	0.0	6.805440000000001e-05	0.000195192	0.0860062	0.00027467400000000003	2.5791400000000002e-05	2.66412e-05	0.080082	0.0	0.000450507	0.000222654	0.0	0.0	2.2365800000000002e-05	0.000150302	0.0	2.47196e-05	0.0	0.0	0.0	0.0	0.0	0.0	0.00010953200000000001	0.0	0.0	1.7348299999999998e-05	0.0	0.045081800000000005	0.000115451	0.0	0.0	0.076217	0.0	0.0101527	0.0542118	0.012837699999999999	0.00202998	0.00130954	0.000138647	0.00034520499999999996	0.00116591	0.000561123	0.000391619	0.0771931	0.00015039300000000002	0.0
Sin-APnd_011-Ex1-4H-lcwgs-1-2.clmp.r1r2_fastp	0.0866565	0.099739	0.0031810000000000002	0.00475973	0.000563057	0.0008382490000000001	0.000246224	0.00038925200000000003	0.000619182	0.00010500699999999999	0.0009595510000000001	0.00177426	0.00220154	1.4483799999999998e-05	0.165434	0.0013144	0.00343809	0.000128544	0.0008074709999999999	0.000340369	0.000128544	0.0626822	0.0	1.08628e-05	0.0	0.0	0.0	1.4483799999999998e-05	0.000123112	0.0010718	2.17257e-05	9.23341e-05	0.135639	7.260059999999999e-06	7.09944e-05	0.00018630899999999998	0.000342976	0.000119758	0.0063348400000000004	2.60689e-05	5.62027e-06	0.0010731	2.08968e-05	0.0	0.113966	1.9495500000000002e-06	0.000907737	0.00114429	0.0	2.03679e-06	0.00019800000000000002	0.00012748000000000002	0.000116531	0.106168	0.000752649	1.77255e-05	0.0	0.102684	0.0	0.0016473800000000002	0.105321	6.146810000000001e-05	0.0	0.0	0.0	0.0	0.21744899999999998	2.7756e-06	0.146785	4.0612700000000005e-05	1.4837200000000001e-05	3.0367799999999997e-05	0.00129943	0.000114584	0.0502788	0.14438199999999998	1.71221e-05	0.0	0.0007851889999999999	0.0926838	0.0	0.00162772	0.0	6.9828e-05	7.59749e-05	3.9048900000000005e-05	0.0	0.00100495	0.00205391	9.71799e-05	0.000170068	5.15034e-06	3.71339e-05	0.000579283	5.067570000000001e-05	0.000179881	7.77464e-05	1.2332e-05	9.53845e-05	0.00125264	0.0	0.09027249999999999	2.1584999999999997e-05	0.0	6.12824e-05	0.000181907	0.0858359	0.000210722	0.0	8.98595e-06	0.0778716	0.0	0.000276932	0.000214432	0.0	0.0	2.24902e-05	0.000116104	0.0	1.2375000000000001e-05	0.0	0.0	0.0	0.0	0.0	0.0	0.000139185	0.0	0.0	0.0	0.0	0.0429412	0.000187301	0.0	0.0	0.0747858	0.0	0.0104065	0.0546309	0.0112905	0.00189884	0.00103389	0.00020853499999999998	0.000134673	0.00119874	0.000492047	0.000422543	0.07490720000000001	0.000138042	0.0
Sin-APnd_012-Ex1-5A-lcwgs-1-2.clmp.r1r2_fastp	0.0873881	0.101569	0.00329112	0.0051522700000000005	0.0005836169999999999	0.000930578	0.00024066700000000002	0.000367017	0.000645789	6.81889e-05	0.0011191	0.0018992599999999998	0.00235452	1.40389e-05	0.169367	0.00133771	0.00373435	0.00016245000000000002	0.000838323	0.000316878	0.000184511	0.0661553	0.0	1.00278e-05	0.0	0.0	0.0	1.00278e-05	0.00015442800000000002	0.00125548	1.805e-05	0.000116322	0.146694	4.01737e-06	7.44598e-05	0.000256138	0.00039636200000000004	0.00011358800000000001	0.00664946	4.08639e-05	1.23122e-05	0.00103922	1.4511200000000001e-05	4.17081e-06	0.123387	4.22919e-06	0.000925028	0.00133712	0.0	0.0	0.000248017	0.000141073	0.00012688199999999998	0.11714	0.000815712	3.0625e-05	0.0	0.11188999999999999	0.0	0.0019202999999999998	0.11770800000000001	4.3916200000000005e-05	0.0	0.0	0.0	0.0	0.23765599999999998	5.7558200000000006e-06	0.161534	3.29276e-05	1.83278e-05	7.17167e-05	0.00153451	9.103980000000001e-05	0.0553173	0.157876	1.3884399999999999e-05	0.0	0.000893384	0.0979812	0.0	0.00184216	3.98862e-06	0.000114403	7.11815e-05	3.86314e-05	0.0	0.00121471	0.00235876	5.23295e-05	0.00017096399999999998	1.00346e-05	8.7655e-05	0.000662481	2.72449e-05	0.00019612700000000001	0.00011528800000000001	5.93178e-06	0.00020152199999999999	0.00141467	0.0	0.0959775	1.37302e-05	0.0	7.28892e-05	0.0002631	0.0878825	0.000287752	3.2986999999999994e-05	0.0	0.08196819999999999	0.0	0.000439486	0.00020267	0.0	0.0	7.43672e-05	0.000142611	0.0	0.0	0.0	0.0	0.0	1.33102e-05	0.0	0.0	0.000147025	0.0	0.0	0.0	0.0	0.0490563	0.000107947	0.0	1.92577e-05	0.075562	0.0	0.010744700000000001	0.05538439999999999	0.012762	0.0022259199999999997	0.00146877	0.00023245099999999997	0.000375061	0.00128062	0.00034849299999999996	0.000243491	0.077368	7.04172e-05	0.0
Sin-APnd_013-Ex1-5B-lcwgs-1-2.clmp.r1r2_fastp	0.088556	0.100967	0.0031927400000000003	0.0047531100000000005	0.000543345	0.00093344	0.000260063	0.000315791	0.000568887	7.19817e-05	0.00105651	0.00191564	0.00212926	4.64398e-06	0.16423200000000002	0.00137462	0.00353175	0.000146285	0.0007592899999999999	0.000313469	0.000123065	0.0627494	0.0	1.62539e-05	0.0	0.0	0.0	9.28796e-06	0.000148607	0.00117957	2.55419e-05	0.00010449	0.136245	9.30837e-06	4.4332599999999996e-05	0.000238753	0.000411237	8.9696e-05	0.00623948	1.67017e-05	7.2035100000000004e-06	0.000981798	2.19357e-05	0.0	0.11260599999999998	2.5080699999999998e-06	0.00087761	0.00117325	0.0	2.63681e-06	0.00021939100000000001	8.42251e-05	0.00011044599999999999	0.104922	0.000746007	3.20255e-05	0.0	0.10165099999999999	0.0	0.0016710599999999998	0.10407700000000002	2.96274e-05	0.0	0.0	0.0	0.0	0.213161	3.7912000000000002e-06	0.146269	2.39296e-05	4.09292e-06	3.36136e-05	0.00141946	9.305509999999999e-05	0.0503076	0.144572	4.81051e-06	0.0	0.0007941020000000001	0.0908697	0.0	0.00150462	0.0	5.88847e-05	6.67488e-05	2.502e-05	0.0	0.000938036	0.00203881	0.000127522	0.000168204	7.550319999999999e-06	3.8998800000000003e-05	0.0006768599999999999	1.66515e-05	0.000215116	0.000115626	1.83963e-05	0.00010467099999999999	0.00117153	0.0	0.0910749	1.09006e-05	1.12832e-05	0.00011681900000000001	0.00020574200000000002	0.0864496	0.000272726	2.69142e-05	0.0	0.08129259999999999	0.0	0.000341351	0.000225165	0.0	0.0	5.37777e-05	9.29121e-05	0.0	3.99587e-05	0.0	0.0	0.0	2.30806e-05	0.0	0.0	0.00010314599999999999	0.0	0.0	0.0	0.0	0.04447	6.44829e-05	0.0	0.0	0.0767207	0.0	0.0107684	0.053950700000000004	0.0115404	0.0025114	0.0011029800000000001	0.000382259	0.00019868000000000002	0.00119004	0.0005406629999999999	0.000283793	0.0784492	0.0	0.0
Sin-APnd_014-Ex1-5C-lcwgs-1-2.clmp.r1r2_fastp	0.0874592	0.101109	0.0034370399999999997	0.00513921	0.0005664849999999999	0.0009178140000000001	0.000239667	0.000337712	0.000645466	8.170450000000001e-05	0.00114931	0.0020180999999999997	0.0023312999999999997	1.3617400000000001e-05	0.170152	0.00138625	0.00363857	0.000236943	0.000819769	0.000348606	0.000204261	0.0644295	0.0	1.08939e-05	0.0	0.0	0.0	1.63409e-05	0.00010621599999999999	0.00119289	3.54053e-05	0.000149792	0.14119600000000002	1.91113e-05	4.38138e-05	0.00025284	0.00039474999999999997	9.98798e-05	0.0066548	4.49306e-05	1.97982e-05	0.00107766	3.16372e-05	2.90409e-06	0.11611099999999999	5.93903e-06	0.0008869700000000001	0.00138631	0.0	0.0	0.000191235	0.00013610899999999998	0.00012531399999999999	0.10895600000000001	0.000759864	2.79274e-05	0.0	0.10403000000000001	0.0	0.0016086199999999998	0.107067	4.77936e-05	0.0	0.0	0.0	0.0	0.221602	1.3908900000000002e-05	0.150091	1.959e-05	2.51849e-05	7.774e-05	0.00138682	9.335349999999999e-05	0.0516882	0.14544	0.0	0.0	0.000843593	0.0948128	0.0	0.0017147699999999998	0.0	9.7448e-05	6.1976e-05	1.60174e-05	0.0	0.0011055499999999998	0.0018629200000000001	0.00011021800000000001	0.00018072	0.0	8.16888e-05	0.0005715690000000001	3.2928e-05	0.00023901100000000002	0.00010626400000000001	1.2251999999999999e-05	0.000165326	0.00124116	0.0	0.0894743	1.47711e-05	0.0	6.37674e-05	0.000149148	0.0848503	0.000322178	5.58306e-05	1.93496e-05	0.0777896	0.0	0.000304505	0.000271345	0.0	0.0	0.0	0.000185294	0.0	0.0	0.0	0.0	0.0	0.0	0.0	0.0	3.76193e-05	0.0	0.0	0.0	0.0	0.0451911	0.000142863	0.0	5.1520399999999995e-05	0.07402389999999999	0.0	0.0107581	0.050890899999999996	0.012635700000000001	0.00230748	0.0012392	7.16994e-05	0.00022399700000000003	0.00109122	0.000734936	0.000343962	0.0720869	0.00020176700000000002	0.0
Sin-APnd_015-Ex1-5D-lcwgs-1-2.clmp.r1r2_fastp	0.0886504	0.10086500000000001	0.00336815	0.00495544	0.000594543	0.0009872169999999999	0.000229521	0.00035396	0.000591777	9.95513e-05	0.00107018	0.00186935	0.0022565000000000003	1.38266e-05	0.16500399999999998	0.0013162900000000001	0.00364745	0.000163154	0.000804706	0.000351195	0.000168684	0.063027	0.0	1.10613e-05	2.7653100000000003e-06	0.0	0.0	1.10613e-05	0.000132735	0.00130523	1.10613e-05	0.000116143	0.141545	8.30984e-06	3.60826e-05	0.000205894	0.000382341	8.68161e-05	0.00645538	4.2364e-05	1.70324e-05	0.00101925	1.72408e-05	2.89408e-06	0.116639	2.9428e-06	0.0009061760000000001	0.0013868300000000001	0.0	9.21484e-06	0.000205312	0.000160794	0.000140697	0.111659	0.000791261	4.02183e-05	0.0	0.105589	0.0	0.00195618	0.110573	2.62419e-05	0.0	3.90984e-06	0.0	0.0	0.226188	1.2851000000000001e-05	0.151788	1.7996300000000003e-05	4.61391e-06	8.52148e-05	0.0015112399999999998	9.979679999999999e-05	0.0519168	0.148928	0.0	0.0	0.000957879	0.0940203	0.0	0.00181094	0.0	0.00011980800000000002	7.552189999999999e-05	3.54184e-05	0.0	0.00110973	0.00239382	8.86165e-05	0.00023314600000000002	0.0	0.00011578599999999999	0.000746497	0.0	0.00019749400000000002	0.000153378	1.05946e-05	0.000131736	0.00136545	0.0	0.09262190000000001	2.5348400000000003e-05	0.0	5.454e-05	0.000127381	0.0846932	0.000198136	1.5821799999999998e-05	1.64219e-05	0.0827051	0.0	0.000680413	0.00024827	0.0	0.0	0.00012850199999999998	0.000155719	0.0	4.80165e-05	0.0	0.0	0.0	0.0	0.0	0.0	0.0001883	0.0	0.0	0.0	0.0	0.0440051	0.000197866	0.0	0.0	0.0777987	0.0	0.0110956	0.0525728	0.012522799999999999	0.00328065	0.00137017	0.000118923	0.000371524	0.0016158	0.0005414489999999999	0.000855242	0.0712505	8.345479999999999e-05	0.0
Sin-APnd_016-Ex1-5E-lcwgs-1-2.clmp.r1r2_fastp	0.0886768	0.102494	0.00366696	0.0050263999999999994	0.0005894229999999999	0.0009179939999999999	0.000223228	0.00040883399999999996	0.000539259	6.77209e-05	0.0010283500000000001	0.00211189	0.00236271	1.25409e-05	0.17216700000000001	0.00141461	0.0037998899999999998	0.000198146	0.000815159	0.00039880099999999995	0.00022072	0.0658398	0.0	1.00327e-05	0.0	0.0	0.0	2.00655e-05	0.000188114	0.00127416	2.25736e-05	0.000150491	0.14435599999999998	1.5093e-05	6.81568e-05	0.00020531599999999998	0.00044075200000000004	0.00010762	0.00646045	2.8576300000000003e-05	5.23813e-06	0.00109141	2.6688999999999998e-05	0.0	0.115813	2.76562e-06	0.0009028729999999999	0.00136294	0.0	2.9380799999999997e-06	0.000251107	0.00017655699999999998	0.000161311	0.105868	0.0008202039999999999	4.28732e-05	0.0	0.103081	0.0	0.0017442700000000002	0.105561	4.54923e-05	0.0	0.0	0.0	0.0	0.21950899999999998	4.4362800000000005e-06	0.14746399999999998	2.3459499999999998e-05	3.3797099999999995e-05	5.4668300000000006e-05	0.0014326500000000002	0.000126461	0.0503265	0.145821	5.76724e-06	0.0	0.0008344810000000001	0.0917252	0.0	0.00165982	0.0	8.63549e-05	3.71834e-05	4.61254e-05	0.0	0.00115919	0.00229683	9.68214e-05	0.00012755999999999998	1.88649e-05	5.86207e-05	0.00070853	3.14628e-05	0.000336937	0.00014645900000000002	1.16827e-05	0.00020601099999999998	0.00128226	0.0	0.08935030000000001	1.40285e-05	0.0	3.0220899999999997e-05	0.000204046	0.0838452	0.000186234	0.0	0.0	0.0786879	0.0	0.0004095	0.000233949	0.0	0.0	4.7720300000000005e-05	0.000223073	0.0	0.0	0.0	0.0	0.0	3.10864e-05	0.0	0.0	0.000139538	0.0	0.0	0.0	0.0	0.0417169	8.78437e-05	0.0	0.0	0.074815	0.0	0.010086600000000001	0.054071	0.011864	0.0021721	0.0007555039999999999	6.548180000000001e-05	0.00020427099999999998	0.0008517900000000001	0.0005941060000000001	0.000312331	0.07255	0.0	0.0
Sin-APnd_017-Ex1-5F-lcwgs-1-2.clmp.r1r2_fastp	0.08624140000000001	0.0996488	0.00310972	0.00468107	0.0005187859999999999	0.000863643	0.000191921	0.000311871	0.000623742	6.897150000000001e-05	0.00110055	0.00175428	0.00213512	1.1995000000000001e-05	0.17070500000000002	0.0014424	0.0033976	0.000176927	0.000809666	0.00031487	0.000152937	0.06556189999999999	0.0	8.99628e-06	0.0	0.0	0.0	8.99628e-06	0.00016493199999999999	0.00111554	1.1995000000000001e-05	0.000122949	0.144132	9.016789999999999e-06	8.43908e-05	0.000190509	0.00043723700000000004	0.00012201800000000001	0.006157719999999999	3.39343e-05	1.2422499999999998e-05	0.000979329	1.89284e-05	3.1834699999999997e-06	0.117103	3.25087e-06	0.000953968	0.00108273	0.0	3.42576e-06	0.00020173799999999997	0.00013783599999999999	0.000161728	0.10941200000000001	0.0008008059999999999	4.17531e-05	0.0	0.10459099999999999	0.0	0.00168933	0.108631	0.000103375	0.0	0.0	0.0	0.0	0.22130000000000002	0.0	0.149392	1.05012e-05	2.15754e-05	6.0975300000000006e-05	0.00111112	9.37519e-05	0.051352600000000005	0.14652300000000001	6.3834699999999995e-06	0.0	0.0008805289999999999	0.0917761	0.0	0.0016760199999999999	0.0	0.000126248	2.4428800000000002e-05	5.88383e-05	0.0	0.00112096	0.00216866	8.6214e-05	0.000138651	0.0	6.35823e-05	0.000712789	2.27025e-05	0.000246752	0.00014600599999999998	2.52091e-05	0.00013061399999999998	0.0014348100000000001	0.0	0.0908517	0.0	0.0	8.094620000000001e-05	0.00026873800000000003	0.0853724	0.000343343	3.7497e-05	0.0	0.0782167	0.0	0.00047812299999999995	0.000270594	0.0	0.0	2.52176e-05	0.000104669	0.0	0.0	0.0	0.0	0.0	0.0	0.0	0.0	0.000146392	0.0	0.0	0.0	0.0	0.044218099999999996	9.17275e-05	0.0	4.9462599999999996e-05	0.07415279999999999	0.0	0.010337599999999999	0.0555025	0.0137856	0.0021951	0.000916064	0.00020414800000000002	0.00042460100000000004	0.0012537199999999998	0.000540116	0.000405305	0.0721478	0.0	0.0
Sin-APnd_018-Ex1-5G-lcwgs-1-2.clmp.r1r2_fastp	0.08831460000000001	0.09955090000000001	0.0030369	0.004696570000000001	0.000538664	0.000821098	0.000203819	0.000358139	0.0005328399999999999	4.65871e-05	0.000940478	0.00174411	0.00208477	3.20287e-05	0.155796	0.00123747	0.00339213	0.000168878	0.000739571	0.000296993	0.000186349	0.058833699999999996	0.0	1.16468e-05	0.0	0.0	0.0	2.0381900000000002e-05	0.000125203	0.00114721	2.0381900000000002e-05	0.00011937999999999999	0.12518500000000002	2.04228e-05	5.55683e-05	0.000219981	0.00038854400000000005	9.16187e-05	0.00603614	1.79071e-05	3.00197e-06	0.0009155529999999999	1.8261700000000002e-05	3.06812e-06	0.10742600000000001	6.251439999999999e-06	0.000777065	0.00111498	0.0	0.0	0.000199327	0.000104504	0.00012324799999999998	0.101164	0.000721938	3.9625e-05	0.0	0.098108	0.0	0.0015419700000000001	0.10192599999999999	4.4697500000000004e-05	0.0	0.0	0.0	0.0	0.211238	0.0	0.142429	3.4533500000000004e-05	5.06654e-06	2.6032399999999998e-05	0.0010115	0.00011007600000000001	0.0493847	0.14138	1.20054e-05	0.0	0.000701265	0.0896255	0.0	0.0017070899999999999	0.0	5.21914e-05	6.161779999999999e-05	1.59197e-05	0.0	0.0011829400000000002	0.00185806	0.000127597	0.00021705799999999998	0.0	9.11865e-05	0.000588124	2.1781599999999998e-05	0.000158153	9.37691e-05	2.43347e-05	8.844030000000001e-05	0.00146967	0.0	0.08862969999999999	0.0	0.0	0.00011118099999999999	0.00024775299999999997	0.0869532	0.000267967	1.85795e-05	1.93273e-05	0.0817662	0.0	0.000457283	0.000226626	0.0	0.0	7.66936e-05	0.00026606	0.0	2.88311e-05	0.0	0.0	0.0	0.0	0.0	0.0	3.82151e-05	0.0	0.0	0.0	0.0	0.0474694	0.0	0.0	5.286669999999999e-05	0.0742483	0.0	0.0104275	0.05540439999999999	0.0119524	0.00109274	0.0013586100000000001	0.000298386	0.00038895300000000004	0.0013815099999999999	0.000511322	0.000448938	0.0755854	0.0	0.0
Sin-APnd_019-Ex1-5H-lcwgs-1-2.clmp.r1r2_fastp	0.0883946	0.10184700000000001	0.00348355	0.00504947	0.000602274	0.00093232	0.000301137	0.000380637	0.000585411	9.15457e-05	0.0011081799999999998	0.00199714	0.0022501	2.16819e-05	0.16927999999999999	0.00138041	0.00374855	0.000190319	0.000874502	0.000305955	0.000192728	0.0654287	0.0	1.44546e-05	0.0	0.0	0.0	1.20455e-05	0.00015900000000000002	0.00120696	2.16819e-05	0.00013972800000000001	0.144654	1.20672e-05	5.07915e-05	0.00022551100000000002	0.000469483	0.00012450999999999999	0.00693255	3.94046e-05	9.90255e-06	0.00105829	1.25315e-05	0.0	0.11985399999999999	2.56686e-06	0.000919957	0.00136671	0.0	1.33945e-05	0.000200757	0.000115473	0.000144995	0.11278600000000001	0.000827754	3.21309e-05	0.0	0.106762	0.0	0.0017025599999999999	0.112159	4.8894300000000004e-05	0.0	0.0	0.0	0.0	0.228473	3.7101500000000004e-06	0.154169	7.39075e-05	3.1883e-05	5.7195e-05	0.00158776	0.000133215	0.053415199999999996	0.150906	0.0	0.0	0.0008495929999999999	0.0945357	0.0	0.00173185	0.0	9.62777e-05	7.000189999999999e-05	4.2077e-05	0.0	0.00114383	0.0020635199999999997	0.000122445	0.00021767599999999998	7.250809999999999e-06	7.491279999999999e-05	0.000773957	2.40017e-05	0.00025637800000000003	5.9858099999999995e-05	0.0	0.000164782	0.00141166	0.0	0.0932336	0.0	0.0	3.3810500000000004e-05	0.000221962	0.087401	0.000376417	7.805790000000001e-05	1.34867e-05	0.081468	0.0	0.000496184	0.00023391499999999999	0.0	0.0	5.22186e-05	0.000144435	0.0	3.88493e-05	0.0	0.0	0.0	0.0	0.0	0.0	0.00012565500000000002	0.0	0.0	0.0	0.0	0.0453506	9.43625e-05	0.0	0.0	0.0769752	0.0	0.0118528	0.0527511	0.012105399999999999	0.00232577	0.0011237999999999999	0.000327417	0.000194644	0.0015727699999999998	0.000424828	0.000390885	0.0748997	0.00013045599999999999	0.0
Sin-APnd_020-Ex1-6A-lcwgs-1-2.clmp.r1r2_fastp	0.0908577	0.105846	0.00383389	0.0058801899999999995	0.0006849260000000001	0.00112599	0.000309595	0.00043046500000000005	0.000725216	7.4218e-05	0.00115992	0.00227743	0.0027079	1.90846e-05	0.187632	0.0017155	0.0044446	0.0002481	0.00102845	0.000402898	0.000231136	0.0759229	0.0	1.0602599999999999e-05	0.0	0.0	0.0	8.482059999999999e-06	0.000137833	0.00153313	1.90846e-05	0.000178123	0.170786	1.06238e-05	8.306169999999999e-05	0.000309673	0.000497175	0.000111864	0.00770691	4.1252500000000005e-05	1.09155e-05	0.00122566	2.6538000000000002e-05	0.0	0.131951	2.26755e-06	0.00111536	0.00159039	0.0	1.42277e-05	0.000295572	0.00011942200000000001	0.000168211	0.121184	0.0010217	4.41741e-05	0.0	0.113461	0.0	0.00209812	0.1203	7.004879999999999e-05	0.0	3.04689e-06	0.0	0.0	0.23986799999999997	0.0	0.159855	3.86249e-05	1.44026e-05	6.27989e-05	0.00172486	7.39309e-05	0.0553853	0.154364	0.0	0.0	0.00102085	0.09632389999999999	0.0	0.00174245	9.99023e-06	8.2284e-05	4.76773e-05	4.36694e-05	0.0	0.000957375	0.00254366	3.70463e-05	0.000165678	1.3155999999999999e-05	0.000122308	0.0008213290000000001	2.17636e-05	0.000224886	7.74893e-05	8.01463e-06	0.000116087	0.00140702	0.0	0.0923953	1.8991100000000002e-05	0.0	6.10598e-05	0.000168756	0.0853563	0.000339578	3.51965e-05	0.0	0.0798301	0.0	0.000487279	0.000196355	0.0	0.0	0.0	0.000129655	0.0	0.0	0.0	0.0	0.0	0.0	0.0	0.0	0.000224165	0.0	0.0	0.0	0.0	0.0451896	0.00011184500000000001	0.0	3.0106999999999998e-05	0.0741081	0.0	0.00957026	0.0529975	0.0128212	0.0024423500000000002	0.0012330800000000001	0.00020686099999999997	0.000344017	0.0010309800000000001	0.00065677	0.000394888	0.0738554	0.0	0.0
Sin-APnd_021-Ex1-6B-lcwgs-1-2.clmp.r1r2_fastp	0.0873157	0.10100300000000001	0.00323299	0.00507923	0.000575738	0.000869143	0.000221438	0.000384748	0.000592346	9.964699999999999e-05	0.00112656	0.0018102500000000002	0.00223929	1.38399e-05	0.16703300000000001	0.00132309	0.0035264	0.000105183	0.000838695	0.000282333	0.00013286300000000002	0.06466809999999999	0.0	1.9375800000000002e-05	0.0	0.0	0.0	5.53594e-06	0.000138399	0.00109888	3.32157e-05	0.000110719	0.14535399999999998	1.94147e-05	5.2820200000000006e-05	0.000245307	0.000330018	0.000109472	0.006527359999999999	3.96348e-05	1.70707e-05	0.0010269699999999999	5.75545e-06	0.0	0.119385	0.0	0.0008329640000000001	0.0011364300000000001	0.0	6.0981900000000005e-06	0.000169483	8.10111e-05	0.000154468	0.11166399999999999	0.00079192	3.93089e-05	0.0	0.105719	0.0	0.00168424	0.111267	3.58556e-05	0.0	0.0	0.0	0.0	0.225072	3.989639999999999e-06	0.154361	8.29692e-06	1.2698599999999999e-05	5.184679999999999e-05	0.0014116	4.9556800000000006e-05	0.053287799999999996	0.152357	4.81048e-06	0.0	0.000951694	0.0949204	0.0	0.00179423	5.53618e-06	5.67299e-05	6.39834e-05	4.17621e-05	0.0	0.00114967	0.0019349999999999999	9.27346e-05	0.000197331	1.3983500000000001e-05	8.62669e-05	0.000783487	7.60258e-06	0.00021898799999999998	7.24292e-05	8.28459e-06	0.00020476	0.00113356	0.0	0.0924154	0.0	0.0	6.11971e-05	0.000168369	0.0863808	0.00024641400000000003	1.15596e-05	0.0	0.0812057	0.0	0.000550882	0.00027083399999999996	0.0	0.0	8.95474e-05	0.000169581	0.0	0.0	0.0	0.0	0.0	0.0	0.0	0.0	0.000124326	0.0	0.0	2.29544e-05	0.0	0.046975100000000006	2.5446800000000002e-05	0.0	0.0	0.0743361	0.0	0.0104565	0.052391799999999995	0.0126417	0.00187185	0.00123842	0.000146835	0.000342704	0.00146447	0.000825547	0.000259588	0.0714815	0.000451028	0.0
Sin-APnd_022-Ex1-6C-lcwgs-1-2.clmp.r1r2_fastp	0.0886471	0.09921349999999998	0.0030532	0.00493303	0.000466887	0.000798623	0.00023958699999999998	0.00033787899999999997	0.0005221760000000001	6.757579999999999e-05	0.000927631	0.00161568	0.00206413	1.2286500000000002e-05	0.16200399999999998	0.00112422	0.00309006	0.000129008	0.000933774	0.000288733	0.000147438	0.061776500000000005	0.0	6.143250000000001e-06	0.0	0.0	0.0	6.143250000000001e-06	8.60055e-05	0.0011119300000000001	1.2286500000000002e-05	8.60055e-05	0.13525	6.154099999999999e-06	3.08366e-05	0.000346247	0.000310123	8.71464e-05	0.00613111	6.27823e-05	6.3099599999999995e-06	0.000882048	1.2770100000000002e-05	0.0	0.112241	0.0	0.000619487	0.00105792	0.0	0.0	0.000178755	0.00010439700000000001	0.000148057	0.104309	0.000579944	7.35782e-06	0.0	0.103074	0.0	0.00143724	0.103349	2.4419999999999997e-05	0.0	8.45305e-06	0.0	0.0	0.213994	0.0	0.148596	9.5894e-06	1.9618800000000003e-05	8.03099e-05	0.001038	0.00010524300000000001	0.050255600000000004	0.14502099999999998	0.0	0.0	0.000870613	0.0906126	0.0	0.00163944	0.0	6.81392e-05	7.005829999999999e-05	1.44117e-05	0.0	0.00102279	0.0016193099999999999	8.09767e-05	0.000267036	0.0	5.32269e-05	0.0005856860000000001	5.66531e-05	0.000116922	0.000120687	0.0	0.000107278	0.00133017	0.0	0.0877356	2.4442299999999998e-05	0.0	0.00010455	0.000189336	0.0874909	0.000260523	0.0	0.0	0.0800237	0.0	0.00044703399999999996	7.11911e-05	0.0	0.0	3.9530400000000004e-05	0.00016369	0.0	0.0	4.53687e-05	0.0	0.0	0.0	0.0	0.0	0.000111699	0.0	0.0	0.0	0.0	0.0477552	0.0	0.0	0.0	0.0809234	0.0	0.0100845	0.048713	0.0120817	0.0017397800000000002	0.000856181	9.85587e-05	0.000204254	0.00106033	0.00022094099999999997	0.0005778679999999999	0.0780209	0.0	0.0
Sin-APnd_023-Ex1-6D-lcwgs-1-2.clmp.r1r2_fastp	0.0919184	0.10668100000000001	0.00379568	0.005776969999999999	0.0007758260000000001	0.00116838	0.000290549	0.000408004	0.000720189	9.58192e-05	0.00116838	0.0022440199999999998	0.00256239	2.78185e-05	0.18379399999999999	0.00162893	0.00417895	0.000182366	0.00107565	0.000386368	0.000194729	0.074059	0.0	1.54547e-05	0.0	0.0	0.0	6.1818799999999995e-06	0.00015763799999999998	0.00159493	1.8545599999999997e-05	0.00015763799999999998	0.171263	1.2380000000000002e-05	7.129759999999999e-05	0.000360261	0.00046071499999999994	0.000127967	0.00809561	3.45537e-05	1.89208e-05	0.00115285	3.81914e-05	6.40002e-06	0.138444	0.0	0.0011493599999999999	0.00153714	0.0	3.3514800000000003e-06	0.000253899	0.000157395	0.00018687400000000001	0.131969	0.000982302	2.87446e-05	0.0	0.123767	0.0	0.00225069	0.132692	7.07999e-05	0.0	0.0	0.0	0.0	0.269878	0.0	0.179199	3.1968800000000005e-05	1.86523e-05	8.57433e-05	0.00187399	6.965850000000001e-05	0.0612969	0.171611	5.32561e-06	0.0	0.00118382	0.10570099999999999	0.0	0.0019287	6.1599900000000005e-06	0.00012003	8.42689e-05	3.99218e-05	0.0	0.0013191400000000001	0.00296274	0.000162974	0.000266515	0.0	0.000217403	0.000869627	1.7045e-05	0.000306914	0.000180502	0.0	0.00024886600000000004	0.0017548800000000001	0.0	0.10099	2.15463e-05	0.0	5.71963e-05	0.000200505	0.0923244	0.000275811	2.58572e-05	3.99982e-05	0.0846189	0.0	0.0005555499999999999	0.00039195600000000005	0.0	0.0	0.000115853	0.000256112	0.0	3.63601e-05	0.0	0.0	0.0	2.0595e-05	0.0	0.0	6.80013e-05	0.0	0.0	2.4970799999999998e-05	0.0	0.049345	2.7524000000000003e-05	0.0	2.9396999999999997e-05	0.07454329999999999	0.0	0.010940700000000001	0.0531922	0.013213100000000002	0.00304635	0.00105467	0.00039011099999999995	0.000161665	0.0009233459999999999	0.0006999829999999999	0.000320935	0.07590039999999999	5.3267400000000004e-05	0.0
Sin-APnd_024-Ex1-6E-lcwgs-1-2.clmp.r1r2_fastp	0.08573059999999999	0.0970762	0.00312442	0.00447062	0.000544739	0.0007388410000000001	0.000150273	0.000331852	0.000513432	0.000100182	0.0010206	0.00171561	0.00205373	1.2522699999999998e-05	0.15906399999999998	0.0012147	0.00324965	0.00016279600000000002	0.00068875	0.000300546	0.000200364	0.060253100000000004	0.0	0.0	0.0	0.0	0.0	6.26137e-06	0.00011270500000000001	0.00108322	1.2522699999999998e-05	0.000100182	0.13026100000000002	6.27122e-06	3.76993e-05	0.000207812	0.000359951	7.60171e-05	0.00598252	2.55338e-05	6.41289e-06	0.000799301	6.48333e-06	0.0	0.111362	0.0	0.0008087099999999999	0.00107968	0.0	0.0	0.000244238	5.65388e-05	0.000107455	0.104237	0.0007891869999999999	0.0	0.0	0.10102	0.0	0.0015412899999999998	0.10548	5.83841e-05	0.0	8.68442e-06	0.0	0.0	0.21482900000000002	0.0	0.145323	9.93768e-06	3.05439e-05	7.3041e-05	0.00102701	9.87512e-05	0.0495291	0.14199099999999998	0.0	0.0	0.0008145489999999999	0.0894103	0.0	0.0017859999999999998	0.0	5.7770500000000005e-05	5.94972e-05	0.0	0.0	0.00110733	0.00218372	0.000103983	0.000125206	0.0	5.7213299999999997e-05	0.0006304549999999999	2.03575e-05	0.000273567	8.70122e-05	0.0	6.98333e-05	0.0013731	0.0	0.090633	2.6704900000000002e-05	0.0	0.0	0.00026716099999999997	0.08597210000000001	0.000318754	3.30438e-05	0.0	0.08099859999999999	0.0	0.000228945	0.000118692	0.0	0.0	4.41421e-05	4.57897e-05	0.0	4.9238899999999994e-05	0.0	0.0	0.0	0.0	0.0	0.0	6.36422e-05	0.0	0.0	0.0	0.0	0.0461313	7.95248e-05	0.0	0.0	0.0756056	0.0	0.010576100000000001	0.0519872	0.0119629	0.00249193	0.000677691	0.000704335	0.0	0.00139793	0.000929731	0.000418222	0.0706275	0.0	0.0
Sin-APnd_025-Ex1-6F-lcwgs-1-2.clmp.r1r2_fastp	0.0849611	0.0968609	0.00301968	0.00439937	0.000569444	0.000846032	0.000205	0.000328651	0.000501111	8.460319999999999e-05	0.000933889	0.00166603	0.00199468	1.9523799999999998e-05	0.152556	0.0011519	0.0031075399999999998	0.000126905	0.0007679369999999999	0.000312381	0.000133413	0.057289400000000004	0.0	6.50794e-06	0.0	0.0	0.0	6.50794e-06	0.000120397	0.001025	6.50794e-06	8.13492e-05	0.121598	9.77805e-06	5.552e-05	0.00023898099999999998	0.00035131400000000003	0.000118593	0.00559484	2.65661e-05	0.0	0.000811773	3.37449e-06	0.0	0.10658200000000001	0.0	0.000723909	0.0010014	0.0	7.1795099999999995e-06	0.000199798	0.00010668699999999999	0.000115586	0.101551	0.000725499	4.28937e-05	0.0	0.09891349999999999	0.0	0.00153023	0.100953	6.08525e-05	0.0	0.0	0.0	0.0	0.207994	4.95838e-06	0.143602	3.64421e-05	5.33882e-06	8.21717e-05	0.0011640399999999999	6.93025e-05	0.0484273	0.14196899999999998	0.0	0.0	0.000697725	0.0890515	0.0	0.0016418799999999999	0.0	8.4962e-05	4.78208e-05	2.4682300000000003e-05	0.0	0.00103575	0.00173263	6.56539e-05	0.000135818	0.0	6.23584e-05	0.000624244	1.11517e-05	0.000196468	0.000155712	0.0	0.00012886499999999998	0.00145758	0.0	0.087961	0.0	0.0	6.45297e-05	0.000217941	0.0863739	0.000307862	1.88243e-05	7.82931e-05	0.079805	0.0	0.000418289	0.000183215	0.0	0.0	0.0	8.06284e-05	0.0	0.0	3.0311400000000003e-05	0.0	0.0	0.0	0.0	0.0	0.000115837	0.0	0.0	0.0	0.0	0.0475781	0.0	0.0	0.0	0.0798025	0.0	0.008813149999999999	0.052983800000000005	0.011467100000000001	0.0015943900000000002	0.00123383	0.000302986	0.000474302	0.00115757	0.000260269	0.00018299	0.0729447	0.000107346	0.0
Sin-CPnd_013-Ex1-4E-lcwgs-1-2.clmp.r1r2_fastp	0.134892	0.08992810000000001	0.0	0.0	0.0	0.0	0.0	0.0	0.0	0.0	0.0	0.0	0.0	0.0	0.11241000000000001	0.0	0.0	0.0	0.0	0.0	0.0	0.08992810000000001	0.0	0.0	0.0	0.0	0.0	0.0	0.0	0.0	0.0	0.0	0.044964000000000004	0.0	0.0	0.0	0.0	0.0	0.0	0.0	0.0	0.0	0.0	0.0	0.0235682	0.0	0.0	0.0	0.0	0.0	0.0	0.0	0.0	0.0751503	0.0	0.0	0.0	0.0774994	0.0	0.0	0.132556	0.0	0.0	0.0	0.0	0.0	0.139121	0.0	0.141844	0.0	0.0	0.0	0.0	0.0	0.0	0.0917712	0.0	0.0	0.0	0.031918300000000004	0.0	0.0	0.0	0.0	0.0	0.0	0.0	0.0	0.0	0.0	0.0	0.0	0.0	0.0	0.0	0.0	0.0	0.0	0.0	0.0	0.0	0.0	0.0	0.0	0.0	0.0	0.043592	0.0	0.0	0.0	0.0924214	0.0	0.0	0.0	0.0	0.0	0.0	0.0	0.0	0.0	0.0	0.0	0.0	0.0	0.0	0.0	0.0	0.0	0.0	0.0	0.0	0.060423	0.0	0.0	0.0	0.192555	0.0	0.0	0.0	0.0	0.0	0.0	0.0	0.0	0.0	0.0	0.0	0.0	0.0	0.0
Sin-CPnd_015-Ex1-4A-lcwgs-1-2.clmp.r1r2_fastp	0.07662100000000001	0.09577630000000001	0.0	0.0	0.0	0.0	0.0	0.0	0.0	0.0	0.0	0.0	0.0	0.0	0.191553	0.0	0.0	0.0	0.0	0.0	0.0	0.0478881	0.0	0.0	0.0	0.0	0.0	0.0	0.0	0.0	0.0	0.0	0.09577630000000001	0.0	0.0	0.0	0.0	0.0	0.0	0.0	0.0	0.0	0.0	0.0	0.0902075	0.0	0.0	0.0	0.0	0.0	0.0	0.0	0.0	0.107492	0.0	0.0	0.0	0.100592	0.0	0.0	0.103866	0.0	0.0	0.0	0.0	0.0	0.223048	0.0	0.10163900000000001	0.0	0.0	0.0	0.0	0.0	0.08228200000000001	0.166713	0.0	0.0	0.0	0.058875500000000004	0.0	0.0	0.0	0.0	0.0	0.0	0.0	0.0	0.0	0.0	0.0	0.0	0.0	0.0	0.0	0.0	0.0	0.0	0.0	0.0	0.0	0.140449	0.0	0.0	0.0	0.0	0.06493510000000001	0.0	0.0	0.0	0.022805	0.0	0.0	0.0	0.0	0.0	0.0	0.0	0.0	0.0	0.0	0.0	0.0	0.0	0.0	0.0	0.0	0.0	0.0	0.0	0.0	0.061557400000000005	0.0	0.0	0.0	0.0979112	0.0	0.0	0.0688705	0.0	0.0	0.0	0.0	0.0	0.0	0.0	0.0	0.0408998	0.0	0.0
Sin-CPnd_018-Ex1-11A-lcwgs-1-2.clmp.r1r2_fastp	0.08588559999999999	0.0842015	0.00392941	0.00449075	0.0	0.00224537	0.0	0.00112269	0.0	0.0	0.000561344	0.0016840299999999998	0.0016840299999999998	0.0	0.15436899999999998	0.0016840299999999998	0.0016840299999999998	0.0	0.0	0.0016840299999999998	0.0	0.058941099999999996	0.0	0.0	0.0	0.0	0.0	0.0	0.0	0.0	0.0	0.0	0.113953	0.0	0.0	0.00056471	0.0	0.0	0.007413360000000001	0.0	0.0	0.0	0.0	0.0	0.101924	0.0	0.0005984759999999999	0.00120713	0.0	0.0	0.0	0.0	0.0	0.0942429	0.000648706	0.0	0.0	0.100457	0.0	0.00138496	0.0941024	0.0	0.0	0.0	0.0	0.0	0.198225	0.0	0.149955	0.0	0.0	0.0	0.000848904	0.0	0.051858600000000005	0.13772	0.0	0.0	0.0009432809999999999	0.0894093	0.0	0.00498435	0.0	0.0	0.0	0.0	0.0	0.00335548	0.0	0.0	0.0	0.0	0.0	0.00125783	0.0	0.0	0.0	0.0	0.0	0.0	0.0	0.0783792	0.0	0.0	0.0	0.0	0.11415900000000001	0.0	0.0	0.0	0.056533099999999996	0.0	0.0036786299999999996	0.0	0.0	0.0	0.0	0.0	0.0	0.0	0.0	0.0	0.0	0.0	0.0	0.0	0.0	0.0	0.0	0.0	0.0	0.0368489	0.0	0.0	0.0	0.0767656	0.0	0.0118133	0.0481739	0.0153388	0.0031377500000000003	0.00640656	0.0	0.0033298900000000003	0.0	0.0	0.0	0.0779481	0.0	0.0
Sin-CPnd_019-Ex1-1H-lcwgs-1-2.clmp.r1r2_fastp	0.103019	0.10690599999999999	0.00583124	0.00971874	0.0	0.0	0.0019437500000000002	0.0019437500000000002	0.0	0.0	0.0019437500000000002	0.0019437500000000002	0.0019437500000000002	0.0	0.147725	0.0019437500000000002	0.0	0.0	0.0019437500000000002	0.0	0.0	0.0291562	0.0	0.0	0.0	0.0	0.0	0.0	0.0	0.0019437500000000002	0.0	0.0	0.0680312	0.0	0.0	0.00195339	0.0	0.0	0.009835739999999999	0.0	0.0	0.00198491	0.0	0.0	0.0763942	0.0	0.0	0.0	0.0	0.0	0.0	0.0	0.0	0.0660939	0.0	0.0	0.0	0.13925400000000002	0.0	0.0	0.07973569999999999	0.0	0.0	0.0	0.0	0.0	0.16872499999999999	0.0	0.10282100000000001	0.0	0.0	0.0	0.0	0.0	0.0383772	0.147525	0.0	0.0	0.0	0.0685973	0.0	0.0030896599999999997	0.0	0.0	0.0	0.0	0.0	0.0034625999999999997	0.0	0.0	0.0	0.0	0.0	0.0	0.0	0.0	0.0	0.0	0.0	0.0	0.0	0.107602	0.0	0.0	0.0	0.0	0.09510729999999999	0.0	0.0	0.0	0.0702535	0.0	0.0	0.0	0.0	0.0	0.0	0.0	0.0	0.0	0.0	0.0	0.0	0.0	0.0	0.0	0.0	0.0	0.0	0.0	0.0	0.0312695	0.0	0.0	0.0	0.0941398	0.0	0.0125188	0.0773595	0.0	0.0	0.0	0.0	0.0	0.0	0.0163292	0.0	0.0714924	0.0	0.0
Sin-CPnd_020-Ex1-12E-lcwgs-1-2.clmp.r1r2_fastp	0.08542960000000001	0.102144	0.0032500399999999996	0.00371433	0.000464291	0.0	0.0	0.000464291	0.0	0.000464291	0.000464291	0.0013928699999999998	0.0013928699999999998	0.0	0.131394	0.000464291	0.00278575	0.0	0.0	0.000464291	0.0	0.047357699999999996	0.0	0.0	0.0	0.0	0.0	0.0	0.0	0.0009285830000000001	0.0	0.000464291	0.10075100000000001	0.0	0.0	0.0	0.0	0.0	0.00424036	0.0	0.0	0.000477131	0.0	0.0	0.0975506	0.0	0.000491973	0.0	0.0	0.0	0.0	0.0	0.0	0.0893776	0.0	0.0	0.0	0.10211300000000001	0.0	0.000559268	0.0933971	0.0	0.0	0.0	0.0	0.0	0.21190599999999998	0.0	0.14189300000000002	0.0	0.0	0.0	0.000669869	0.0	0.0483786	0.123607	0.0	0.0	0.000737686	0.0809814	0.0	0.000775404	0.0	0.0	0.0	0.0	0.0	0.000862813	0.000878711	0.0	0.0009126000000000001	0.0	0.0	0.0	0.0	0.0	0.0	0.0	0.0010639199999999999	0.0	0.0	0.0858582	0.0	0.0	0.0	0.00122627	0.0863363	0.0	0.0	0.0	0.0937054	0.0	0.0	0.0	0.0	0.0	0.0	0.0	0.0	0.0	0.0	0.0	0.0	0.0	0.0	0.0	0.001889	0.0	0.0	0.0	0.0	0.0315836	0.0	0.0	0.0	0.0687868	0.0	0.0119872	0.0637364	0.012534499999999999	0.0	0.0	0.0	0.0	0.0	0.0	0.0	0.0838483	0.0	0.0
Sin-CPnd_021-Ex1-3D-lcwgs-1-2.clmp.r1r2_fastp	0.0907544	0.10209900000000001	0.0	0.0	0.0	0.0	0.0	0.0	0.0	0.0	0.0	0.0	0.0113443	0.0	0.181509	0.0	0.0	0.0	0.0	0.0	0.0	0.0113443	0.0	0.0	0.0	0.0	0.0	0.0	0.0	0.0	0.0	0.0	0.147476	0.0	0.0	0.0	0.0	0.0	0.0	0.0	0.0	0.0	0.0	0.0	0.0997506	0.0	0.0	0.012973499999999999	0.0	0.0	0.013629500000000001	0.0	0.0	0.08619450000000001	0.0	0.0	0.0	0.0926212	0.0	0.0	0.131191	0.0	0.0	0.0	0.0	0.0	0.14823	0.0	0.13524	0.0	0.0	0.0	0.0	0.0	0.0887115	0.067858	0.0	0.0	0.0	0.14910500000000002	0.0	0.0	0.0	0.0	0.0	0.0	0.0	0.0	0.0	0.0	0.0	0.0	0.0	0.0	0.0	0.0	0.0	0.0	0.0	0.0	0.0	0.119713	0.0	0.0	0.0	0.0	0.0892061	0.0	0.0	0.0	0.145702	0.0	0.0	0.0	0.0	0.0	0.0	0.0	0.0	0.0	0.0	0.0	0.0	0.0	0.0	0.0	0.0	0.0	0.0	0.0	0.0	0.0	0.0	0.0	0.0	0.164474	0.0	0.0	0.0873362	0.0	0.0	0.0	0.0	0.0	0.0	0.0	0.0	0.108932	0.0	0.0
Sin-CPnd_022-Ex1-1D-lcwgs-1-2.clmp.r1r2_fastp	0.0803902	0.0937885	0.0	0.0	0.0	0.0	0.0	0.0	0.0	0.0	0.0	0.0	0.00803902	0.0	0.128624	0.0	0.00267967	0.0	0.00267967	0.0	0.0	0.0375154	0.0	0.0	0.0	0.0	0.0	0.0	0.0	0.0	0.0	0.0	0.0723511	0.0	0.0	0.0	0.0	0.0	0.0	0.0	0.0	0.0	0.0	0.0	0.0928454	0.0	0.0	0.0	0.0	0.0	0.0	0.0	0.0	0.101234	0.0	0.0	0.0	0.10568699999999999	0.0	0.0	0.0955525	0.0	0.0	0.0	0.0	0.0	0.161343	0.0	0.126953	0.0	0.0	0.0	0.0	0.0	0.05021029999999999	0.12629500000000002	0.0	0.0	0.0	0.07777809999999999	0.0	0.0	0.0	0.0	0.0	0.0	0.0	0.0	0.0	0.0	0.0	0.0	0.0	0.0	0.0	0.0	0.0	0.0	0.0	0.0037883100000000005	0.0	0.07713969999999999	0.0	0.0	0.0	0.0	0.0807037	0.0	0.0	0.0	0.0586707	0.0	0.0	0.0	0.0	0.0	0.0	0.0	0.0	0.0	0.0	0.0	0.0	0.0	0.0	0.0	0.0	0.0	0.0	0.0	0.0	0.041867299999999996	0.0	0.0	0.0	0.0766116	0.0	0.0112032	0.0453181	0.00574383	0.0	0.0	0.0	0.0	0.0	0.0	0.0	0.105492	0.0	0.0
Sin-CPnd_023-Ex1-12B-lcwgs-1-2.clmp.r1r2_fastp	0.08213050000000001	0.0768881	0.00582486	0.00349491	0.000582486	0.00232994	0.0	0.00116497	0.0	0.0	0.000582486	0.0040774	0.00116497	0.0	0.133972	0.000582486	0.00232994	0.0	0.000582486	0.00116497	0.0	0.055336199999999995	0.0	0.0	0.0	0.0	0.0	0.0	0.0	0.00116497	0.0	0.0	0.1031	0.0	0.000585261	0.0	0.0	0.0	0.00475511	0.0	0.0	0.0	0.0	0.0	0.092097	0.0	0.0	0.00126999	0.0	0.0	0.0	0.0	0.0	0.0903152	0.0	0.0	0.0	0.09880570000000001	0.0	0.00294729	0.0867361	0.0	0.0	0.0	0.0	0.0	0.190487	0.0	0.157317	0.0	0.0	0.000896459	0.0	0.0	0.0435907	0.11974399999999999	0.0	0.0	0.00102331	0.0761718	0.0	0.0021726099999999997	0.0	0.0	0.0	0.0	0.0	0.0	0.00125545	0.0	0.0	0.0	0.0	0.0	0.0	0.0	0.0	0.0	0.00155637	0.00158904	0.0	0.08970840000000001	0.0	0.0	0.0	0.0	0.0833642	0.0	0.0019352100000000001	0.0	0.0870128	0.0	0.0	0.0	0.0	0.0	0.0	0.0	0.0	0.0	0.0	0.0	0.0	0.0	0.0	0.0	0.0	0.0	0.0	0.0	0.0	0.0253904	0.0	0.0	0.0	0.11038700000000001	0.0	0.010796	0.06983500000000001	0.0	0.0	0.0	0.0	0.0	0.0	0.0	0.0	0.0690068	0.0	0.0
Sin-CPnd_024-Ex1-12C-lcwgs-1-2.clmp.r1r2_fastp	0.0787643	0.100818	0.00236293	0.0055135	0.0	0.0	0.0	0.0	0.0	0.0	0.00157529	0.00236293	0.0	0.0	0.12366	0.0	0.00236293	0.0	0.000787643	0.0	0.0	0.057498	0.0	0.0	0.0	0.0	0.0	0.0	0.0	0.0	0.0	0.0	0.105544	0.0	0.0	0.0	0.0	0.0	0.00321593	0.0	0.0	0.0	0.0	0.0	0.08808060000000001	0.0	0.0	0.00172819	0.0	0.0	0.0	0.0	0.0	0.0835655	0.0	0.0	0.0	0.106178	0.0	0.00202889	0.0773156	0.0	0.0	0.0	0.0	0.0	0.17874500000000001	0.0	0.137926	0.0	0.0	0.0	0.00128598	0.0	0.0509356	0.146541	0.0	0.0	0.0	0.0805333	0.0	0.00311556	0.0	0.0	0.0	0.0	0.0	0.0017805999999999998	0.0018232200000000002	0.0	0.0	0.0	0.0	0.0	0.0	0.0	0.0	0.0	0.0	0.0	0.0	0.078599	0.0	0.0	0.0	0.0	0.09925010000000001	0.0	0.0	0.0	0.09355669999999999	0.0	0.0	0.0	0.0	0.0	0.0	0.0	0.0	0.0	0.0	0.0	0.0	0.0	0.0	0.0	0.0	0.0	0.0	0.0	0.0	0.04725	0.0	0.0	0.0	0.0768955	0.0	0.0106929	0.0381492	0.0	0.0	0.0	0.0	0.0	0.006206550000000001	0.0	0.00652401	0.0813946	0.0	0.0
Sin-CPnd_025-Ex1-3B-lcwgs-1-2.clmp.r1r2_fastp	0.0937592	0.0878992	0.0	0.0	0.0	0.0	0.0	0.0	0.0	0.0	0.0	0.0	0.0	0.0	0.10547899999999999	0.0	0.00585995	0.0	0.0	0.0	0.0	0.0703194	0.0	0.0	0.0	0.0	0.0	0.0	0.0	0.0	0.0	0.0	0.052739499999999995	0.0	0.0	0.0	0.0	0.0	0.005960190000000001	0.0	0.0	0.0	0.0	0.0	0.13528500000000002	0.0	0.0	0.0	0.0	0.0	0.0	0.0	0.0	0.0726121	0.0	0.0	0.0	0.103057	0.0	0.0	0.0706764	0.0	0.0	0.0	0.0	0.0	0.21914899999999998	0.0	0.154787	0.0	0.0	0.0	0.0	0.0	0.0332364	0.168492	0.0	0.0	0.0	0.0710922	0.0	0.00914328	0.0	0.0	0.0	0.0	0.0	0.0	0.0	0.0	0.0	0.0	0.0	0.0	0.0	0.0	0.0	0.0	0.0	0.0	0.0	0.0241022	0.0	0.0	0.0	0.0	0.0779221	0.0	0.0	0.0	0.10966400000000001	0.0	0.0	0.0	0.0	0.0	0.0	0.0	0.0	0.0	0.0	0.0	0.0	0.0	0.0	0.0	0.0	0.0	0.0	0.0	0.0	0.05583470000000001	0.0	0.0	0.0	0.058962299999999995	0.0	0.0	0.0410509	0.0	0.0	0.0	0.0	0.0	0.0	0.0	0.0	0.09820770000000001	0.0	0.0
Sin-CPnd_028-Ex1-12H-lcwgs-1-2.clmp.r1r2_fastp	0.0819951	0.0966513	0.0019805599999999997	0.00356501	0.000792224	0.0	0.0	0.000792224	0.000396112	0.0	0.000396112	0.000792224	0.00237667	0.0	0.130717	0.000396112	0.00237667	0.0	0.000792224	0.000396112	0.0	0.0443645	0.0	0.0	0.0	0.0	0.0	0.0	0.0	0.00158445	0.0	0.0	0.0871446	0.0	0.0	0.00039843699999999997	0.0	0.0	0.00522918	0.0	0.0	0.0	0.0	0.0	0.10097	0.0	0.000418976	0.0	0.0	0.0	0.0	0.0	0.0	0.082702	0.0	0.0	0.0	0.0779623	0.0	0.00140294	0.07888300000000001	0.0	0.0	0.0	0.0	0.0	0.18912099999999998	0.0	0.136776	0.0	0.0	0.0	0.0	0.0	0.040516800000000006	0.15346400000000002	0.0	0.0	0.00058446	0.07991	0.0	0.0012149300000000001	0.0	0.0	0.0	0.0	0.0	0.000657328	0.00133236	0.0	0.0	0.0	0.0	0.0	0.0	0.0	0.0	0.0	0.0	0.000773688	0.0	0.0778637	0.0	0.0	0.0008276780000000001	0.0	0.0909763	0.000861794	0.0	0.0	0.0844102	0.0	0.0	0.0009346490000000001	0.0	0.0	0.0	0.0	0.0	0.0	0.0	0.0	0.0	0.0	0.0	0.0	0.0	0.0	0.0	0.0	0.0	0.0331675	0.00119986	0.0	0.0	0.07620049999999999	0.0	0.00642558	0.0378101	0.014556200000000002	0.00671917	0.0	0.0	0.0	0.0	0.00145252	0.0	0.0827853	0.0	0.0
Sin-CPnd_029-Ex1-4D-lcwgs-1-2.clmp.r1r2_fastp	0.0663696	0.132739	0.00948137	0.0	0.0	0.0	0.0	0.0	0.0	0.0	0.0	0.0	0.00948137	0.0	0.20859	0.0	0.0	0.0	0.0	0.0	0.0	0.075851	0.0	0.0	0.0	0.0	0.0	0.0	0.0	0.0	0.0	0.0	0.104295	0.0	0.0	0.0	0.0	0.0	0.0	0.0	0.0	0.0	0.0	0.0	0.0633781	0.0	0.0108483	0.0	0.0	0.0	0.0	0.0	0.0	0.12235399999999999	0.0	0.0	0.0	0.0924092	0.0	0.0137061	0.154018	0.0	0.0	0.0	0.0	0.0	0.287127	0.0	0.133356	0.0	0.0	0.0	0.0	0.0	0.0382482	0.156678	0.0	0.0	0.0	0.085966	0.0	0.0226193	0.0	0.0	0.0	0.0	0.0	0.0261575	0.0	0.0	0.0	0.0	0.0	0.0	0.0	0.0	0.0	0.0	0.0	0.0	0.0	0.10956900000000001	0.0	0.0	0.0	0.0	0.122699	0.0	0.0	0.0	0.0886918	0.0	0.0	0.0	0.0	0.0	0.0	0.0	0.0	0.0	0.0	0.0	0.0	0.0	0.0	0.0	0.0	0.0	0.0	0.0	0.0	0.07215010000000001	0.0	0.0	0.0	0.0	0.0	0.0	0.0838223	0.0	0.0	0.0	0.0	0.0	0.0	0.0	0.0	0.0	0.0	0.0
Sin-CPnd_031-Ex1-3G-lcwgs-1-2.clmp.r1r2_fastp	0.0621504	0.0621504	0.0	0.0	0.0	0.0	0.0	0.0	0.0	0.0	0.0	0.0	0.0	0.0	0.14205800000000002	0.0	0.0	0.0	0.0	0.0	0.0	0.035514500000000004	0.0	0.0	0.0	0.0	0.0	0.0	0.0	0.0	0.0	0.0	0.133179	0.0	0.0	0.0	0.0	0.0	0.0	0.0	0.0	0.0	0.0	0.0	0.102526	0.0	0.0	0.0	0.0	0.0	0.0	0.0	0.0	0.0497611	0.0	0.0	0.0	0.153641	0.0	0.0	0.06301860000000001	0.0	0.0	0.0	0.0	0.0	0.211299	0.0	0.158856	0.0	0.0	0.0	0.0	0.0	0.0600601	0.145719	0.0	0.0	0.0	0.07604559999999999	0.0	0.0	0.0	0.0	0.0	0.0	0.0	0.0	0.0	0.0	0.0	0.0	0.0	0.0	0.0	0.0	0.0	0.0	0.0	0.0	0.0	0.0990917	0.0	0.0	0.0	0.0	0.141368	0.0	0.0	0.0	0.0558971	0.0	0.0191058	0.0	0.0	0.0	0.0	0.0	0.0	0.0	0.0	0.0	0.0	0.0	0.0	0.0	0.0	0.0	0.0	0.0	0.0	0.0750751	0.0	0.0	0.0	0.05306450000000001	0.0	0.0	0.055725800000000006	0.0282805	0.0	0.029197099999999997	0.0	0.030147699999999996	0.0	0.0	0.0	0.09858689999999999	0.0	0.0
Sin-CPnd_032-Ex1-3E-lcwgs-1-2.clmp.r1r2_fastp	0.11410400000000001	0.0793769	0.00992211	0.004961060000000001	0.0	0.0	0.0	0.004961060000000001	0.0	0.0	0.0	0.004961060000000001	0.0	0.0	0.11410400000000001	0.0	0.004961060000000001	0.0	0.0	0.0	0.0	0.0347274	0.0	0.0	0.0	0.0	0.0	0.0	0.0	0.0	0.0	0.0	0.0793769	0.0	0.0	0.0	0.0	0.0	0.005003	0.0	0.0	0.0	0.0	0.0	0.0762118	0.0	0.0	0.00512926	0.0	0.0	0.0	0.0	0.0	0.11075900000000001	0.0	0.0	0.0	0.145451	0.0	0.0	0.0768429	0.0	0.0	0.0	0.0	0.0	0.223214	0.0	0.098797	0.0	0.0	0.0	0.0059805	0.0	0.06684090000000001	0.20225500000000002	0.0	0.0	0.0	0.0695894	0.0	0.0	0.0	0.0	0.0	0.0	0.0	0.0	0.0	0.0	0.0	0.0	0.0	0.0	0.0	0.0	0.0	0.0	0.0	0.0	0.0	0.0628091	0.0	0.0	0.0	0.0	0.0831117	0.0	0.0	0.0	0.0522466	0.0	0.00894935	0.0	0.0	0.0	0.0	0.0	0.0	0.0	0.0	0.0	0.0	0.0	0.0	0.0	0.0	0.0	0.0	0.0	0.0	0.034274	0.0	0.0	0.0	0.0604961	0.0	0.0	0.088395	0.0	0.0	0.0	0.0	0.0	0.0	0.0	0.0	0.045427	0.0	0.0
Sin-CPnd_033-Ex1-1B-lcwgs-1-2.clmp.r1r2_fastp	0.0	0.0504668	0.0	0.0252334	0.0	0.0	0.0	0.0	0.0	0.0	0.0	0.0	0.0	0.0	0.126167	0.0	0.0	0.0	0.0	0.0	0.0	0.0504668	0.0	0.0	0.0	0.0	0.0	0.0	0.0	0.0	0.0	0.0	0.0252334	0.0	0.0	0.0	0.0	0.0	0.0	0.0	0.0	0.0	0.0	0.0	0.0548546	0.0	0.0	0.0	0.0	0.0	0.0	0.0	0.0	0.12426200000000001	0.0	0.0	0.0	0.131666	0.0	0.0	0.0347222	0.0	0.0	0.0	0.0	0.0	0.155824	0.0	0.12239900000000001	0.0	0.0	0.0	0.0	0.0	0.0	0.190114	0.0	0.0	0.0	0.0524934	0.0	0.0	0.0	0.0	0.0	0.0	0.0	0.0	0.0	0.0	0.0	0.0	0.0	0.0	0.0	0.0	0.0	0.0	0.0	0.0	0.0	0.0	0.0	0.0	0.0	0.0	0.10235400000000001	0.0	0.0	0.0	0.0	0.0	0.0	0.0	0.0	0.0	0.0	0.0	0.0	0.0	0.0	0.0	0.0	0.0	0.0	0.0	0.0	0.0	0.0	0.0	0.0	0.193798	0.0	0.0	0.0	0.0	0.0	0.0	0.0	0.0	0.0	0.0	0.0	0.0	0.0	0.0	0.0	0.285714	0.0	0.0
Sin-CPnd_034-Ex1-3C-lcwgs-1-2.clmp.r1r2_fastp	0.0932015	0.0776679	0.00517786	0.0	0.0	0.0	0.0	0.0	0.0	0.0	0.0	0.0	0.0	0.0	0.11909100000000002	0.0	0.0	0.0	0.0	0.0	0.0	0.0310672	0.0	0.0	0.0	0.0	0.0	0.0	0.0	0.0	0.0	0.0	0.09837929999999999	0.0	0.0	0.0	0.0	0.0	0.0	0.0	0.0	0.0	0.0	0.0	0.101675	0.0	0.0	0.0	0.0	0.0	0.0	0.0	0.0	0.0788599	0.0	0.0	0.0	0.0870726	0.0	0.0	0.10723200000000001	0.0	0.0	0.0	0.0	0.0	0.164328	0.0	0.103219	0.0	0.0	0.0	0.0	0.0	0.076209	0.112249	0.0	0.0	0.0	0.103352	0.0	0.015171100000000002	0.0	0.0	0.0	0.0	0.0	0.00824198	0.0	0.0	0.0	0.0	0.0	0.0	0.0	0.0	0.0	0.0	0.0	0.0	0.0	0.113496	0.0	0.0	0.0	0.0	0.0562303	0.0	0.0	0.0	0.10942199999999999	0.0	0.0	0.0	0.0	0.0	0.0	0.0	0.0	0.0	0.0	0.0	0.0	0.0	0.0	0.0	0.0	0.0	0.0	0.0	0.0	0.0	0.0	0.0	0.0	0.0825423	0.0	0.0	0.0445633	0.0228258	0.0	0.0	0.0	0.0	0.0	0.0	0.0	0.028801800000000002	0.0	0.0
Sin-CPnd_035-Ex1-12D-lcwgs-1-2.clmp.r1r2_fastp	0.0945188	0.0822495	0.00454417	0.00499859	0.0	0.00136325	0.0	0.0009088350000000001	0.0	0.000454417	0.0009088350000000001	0.00318092	0.0018176700000000002	0.0	0.142233	0.000454417	0.00227209	0.0	0.000454417	0.0009088350000000001	0.0	0.053621300000000004	0.0	0.0	0.0	0.0	0.0	0.0	0.0	0.000454417	0.0	0.0	0.0813407	0.0	0.0	0.0	0.00045757400000000003	0.000458713	0.0050608	0.0	0.0	0.0	0.0	0.0	0.0928474	0.0	0.0009528620000000001	0.00047948500000000003	0.0	0.0	0.000489534	0.0	0.0	0.0731951	0.0	0.0	0.0	0.088325	0.0	0.0005296610000000001	0.0764996	0.0	0.0	0.0	0.0	0.0	0.200213	0.0	0.13661700000000002	0.0	0.0	0.000609043	0.0006169109999999999	0.0	0.0379687	0.119936	0.0	0.0	0.0006685209999999999	0.0874606	0.0	0.0013958	0.0	0.0	0.0	0.0	0.0	0.000761336	0.0015449300000000001	0.0	0.0	0.0	0.0	0.0	0.0	0.0	0.0	0.0	0.0	0.000912967	0.0	0.0819294	0.0009567089999999999	0.0	0.0	0.0	0.0681462	0.0	0.0	0.0	0.0790283	0.0	0.0	0.0	0.0	0.0	0.0	0.00120546	0.0	0.0	0.0	0.0	0.0	0.0	0.0	0.0	0.0	0.0	0.0	0.0	0.0	0.0418498	0.0	0.0	0.0	0.0874779	0.0	0.00985011	0.0601433	0.0067996	0.00173094	0.0	0.0	0.0	0.0	0.0	0.0	0.0762914	0.0	0.0
Sin-CPnd_038-Ex1-11C-lcwgs-1-2.clmp.r1r2_fastp	0.0849377	0.09989529999999999	0.0021368	0.0032051999999999996	0.000534199	0.000534199	0.0	0.0	0.0	0.0	0.0010684	0.0010684	0.000534199	0.0	0.134618	0.0010684	0.0032051999999999996	0.0	0.000534199	0.0	0.000534199	0.0544883	0.0	0.0	0.0	0.0	0.0	0.0	0.0	0.002671	0.0	0.0	0.116455	0.0	0.0	0.0	0.0005387899999999999	0.0	0.00379933	0.0	0.0	0.0011002899999999999	0.0	0.0	0.0907212	0.0	0.0	0.0011462500000000001	0.0	0.0	0.0	0.0	0.0	0.092734	0.000612644	0.0	0.0	0.08685179999999999	0.0	0.0006497979999999999	0.084888	0.0	0.0	0.0	0.0	0.0	0.19625900000000002	0.0	0.128595	0.0	0.0	0.0	0.0007806219999999999	0.0	0.0378617	0.127655	0.0	0.0	0.0008581330000000001	0.0819379	0.0	0.0018007	0.0	0.0	0.0	0.0	0.0	0.000995114	0.00202403	0.0	0.0	0.0	0.00216741	0.00220541	0.0	0.0	0.0	0.0	0.0	0.0036547000000000003	0.0	0.0818753	0.0	0.0	0.0	0.0	0.0889619	0.0	0.0	0.0	0.0687828	0.0	0.00151085	0.0	0.0	0.0	0.0	0.00163986	0.0	0.0	0.0	0.0	0.0	0.0	0.0	0.0	0.0	0.0	0.0	0.0	0.0	0.038755700000000004	0.0	0.0	0.0	0.0692716	0.0	0.00223749	0.0545529	0.011543300000000001	0.0023473599999999997	0.0	0.0	0.0	0.0	0.0	0.0	0.0703007	0.0	0.0
Sin-CPnd_039-Ex1-10F-lcwgs-1-2.clmp.r1r2_fastp	0.0814677	0.0926903	0.00166261	0.00041565199999999997	0.00041565199999999997	0.0	0.0	0.00041565199999999997	0.0	0.0	0.0	0.00166261	0.00041565199999999997	0.0	0.12428	0.00124696	0.00290956	0.0	0.0	0.0	0.0	0.0440591	0.0	0.0	0.0	0.0	0.0	0.0	0.0	0.00124696	0.0	0.0	0.0939373	0.0	0.0	0.0	0.0	0.0	0.0021083499999999997	0.0	0.0	0.0012802	0.0	0.0	0.08970589999999999	0.0	0.000438808	0.0008833690000000001	0.0	0.0	0.000451677	0.0	0.0	0.0879996	0.00046737699999999994	0.0	0.0	0.0943601	0.0	0.000491125	0.0754444	0.0	0.0	0.0	0.0	0.0	0.17815699999999998	0.0	0.134698	0.0	0.0	0.0	0.000575103	0.0	0.053766	0.141362	0.0	0.0	0.000624902	0.0963935	0.0	0.000653053	0.0	0.0	0.0	0.0	0.0	0.0	0.0	0.0	0.0	0.0	0.0	0.0007861939999999999	0.0	0.0	0.0	0.0	0.0	0.000866071	0.0	0.0913021	0.0	0.0	0.0	0.0	0.0855582	0.0	0.0	0.0	0.083231	0.0	0.0	0.0	0.0	0.0	0.0	0.0	0.0	0.0	0.0	0.0	0.0	0.0	0.0	0.0	0.0	0.0	0.0	0.0	0.0	0.039908400000000004	0.0	0.0	0.0	0.08235010000000001	0.0	0.00983768	0.06343689999999999	0.015323600000000001	0.0	0.0035343799999999997	0.0	0.0	0.0	0.0	0.0	0.07716049999999999	0.0	0.0
Sin-CPnd_040-Ex1-11E-lcwgs-1-2.clmp.r1r2_fastp	0.0738328	0.0875692	0.00457878	0.00515113	0.0	0.000572348	0.0	0.0	0.0	0.0	0.000572348	0.00171704	0.0011447	0.0	0.152244	0.00228939	0.00286174	0.0	0.0	0.0	0.0	0.0480772	0.0	0.0	0.0	0.0	0.0	0.0	0.0	0.0011447	0.000572348	0.0	0.106457	0.0	0.0	0.0	0.0	0.0	0.0040736999999999995	0.0	0.0	0.00118117	0.0	0.0	0.0825078	0.0	0.000611931	0.000617017	0.0	0.0	0.000634683	0.0	0.0	0.0962773	0.0	0.0	0.0	0.08796709999999999	0.0	0.0	0.087881	0.0	0.0	0.0	0.0	0.0	0.185837	0.0	0.126675	0.0	0.0	0.0	0.0008522679999999999	0.0008650519999999999	0.0500694	0.12137300000000001	0.0	0.0	0.0	0.0894991	0.0	0.0	0.0	0.0	0.0	0.0	0.0	0.0	0.0022150800000000003	0.0	0.0	0.0	0.0	0.00120795	0.0	0.0	0.0012711999999999999	0.0	0.0	0.0	0.0	0.0888346	0.0	0.0	0.0	0.0	0.0816055	0.0	0.0	0.0	0.0695343	0.0	0.0	0.0	0.0	0.0	0.0	0.0	0.0	0.0	0.0	0.0	0.0	0.0	0.0	0.0	0.0	0.0	0.0	0.0	0.0	0.0440457	0.0	0.0	0.0	0.07207659999999999	0.0	0.00257195	0.0576142	0.0080079	0.0	0.0	0.0	0.0	0.0	0.0	0.0	0.07355060000000001	0.0	0.0
Sin-CPnd_042-Ex1-10D-lcwgs-1-2.clmp.r1r2_fastp	0.0831104	0.0815273	0.00633222	0.00474916	0.0015830500000000001	0.00237458	0.0	0.000791527	0.000791527	0.0	0.0	0.0015830500000000001	0.0015830500000000001	0.0	0.120312	0.0	0.00474916	0.0015830500000000001	0.000791527	0.000791527	0.0015830500000000001	0.0482832	0.0	0.0	0.0	0.0	0.0	0.0	0.0	0.000791527	0.0	0.0	0.10052399999999999	0.0	0.0	0.0007973780000000001	0.0	0.0008030579999999999	0.00645468	0.0	0.0	0.0016391700000000001	0.0	0.0	0.108862	0.0	0.0	0.00172116	0.0	0.0	0.0	0.0	0.0	0.09140179999999999	0.0	0.0	0.0	0.0880954	0.0	0.0	0.0987461	0.0	0.0	0.0	0.0	0.0	0.193743	0.0	0.118141	0.0	0.0	0.0	0.0012975	0.0	0.0595568	0.130082	0.0	0.0	0.0	0.0848768	0.0	0.0	0.0	0.0	0.0	0.0	0.0	0.0	0.0	0.0	0.0	0.0	0.0	0.0	0.0	0.0	0.0	0.0	0.0	0.00249919	0.0	0.0897453	0.0	0.0	0.0	0.0	0.0693272	0.0	0.0	0.0	0.07043200000000001	0.0	0.0	0.0	0.0	0.0	0.0	0.0	0.0	0.0	0.0	0.0	0.0	0.0	0.0	0.0	0.0	0.0	0.0	0.0	0.0	0.0234274	0.00601359	0.0	0.0	0.10419400000000001	0.0	0.013725900000000001	0.042402800000000004	0.0	0.0149042	0.0	0.0	0.0	0.0	0.00852806	0.0	0.0644805	0.0	0.0
Sin-CPnd_043-Ex1-1C-lcwgs-1-2.clmp.r1r2_fastp	0.0836268	0.0948843	0.0016082099999999999	0.00804104	0.0	0.0	0.0	0.0	0.0032164199999999998	0.0	0.0	0.0016082099999999999	0.0	0.0	0.106142	0.0	0.0032164199999999998	0.0	0.0	0.0	0.0	0.038597	0.0	0.0	0.0	0.0	0.0	0.0	0.0	0.0	0.0	0.0	0.0900597	0.0	0.0016106199999999999	0.0	0.0	0.0	0.0129569	0.0	0.0	0.0032581199999999998	0.0	0.0	0.09359909999999999	0.0	0.0	0.0	0.0	0.0	0.0	0.0	0.0	0.0849242	0.0017056999999999999	0.0	0.0	0.0796578	0.0	0.0	0.0862236	0.0	0.0	0.0	0.0	0.0	0.19562	0.0	0.140848	0.0	0.0	0.0	0.0	0.0	0.0407553	0.131105	0.0	0.0	0.0	0.0827998	0.0	0.0	0.0	0.0	0.0	0.0	0.0	0.0	0.00219346	0.0	0.0	0.0	0.0	0.0	0.0	0.0	0.0	0.0	0.0	0.0024478	0.0	0.10747300000000001	0.0	0.0	0.0	0.0	0.10039599999999999	0.0	0.0	0.0	0.0664838	0.0	0.0	0.0	0.0	0.0	0.0	0.0	0.0	0.0	0.0	0.0	0.0	0.0	0.0	0.0	0.0	0.0	0.0	0.0	0.0	0.043156200000000006	0.0	0.0	0.0	0.07602830000000001	0.0	0.0156476	0.027785499999999998	0.0161258	0.0	0.0	0.0	0.0	0.004363	0.0	0.0	0.11257	0.0	0.0
Sin-CPnd_044-Ex1-2C-lcwgs-1-2.clmp.r1r2_fastp	0.0216403	0.151482	0.0	0.0	0.0	0.0	0.0	0.0	0.0	0.0	0.0	0.0	0.0	0.0	0.173123	0.0	0.0	0.0	0.0	0.0	0.0	0.0	0.0	0.0	0.0	0.0	0.0	0.0	0.0	0.0	0.0	0.0	0.0432807	0.0	0.0	0.0	0.0	0.0	0.0	0.0	0.0	0.0	0.0	0.0	0.144404	0.0	0.0	0.0	0.0	0.0	0.0	0.0	0.0	0.112296	0.0	0.0	0.0	0.061728399999999996	0.0	0.0	0.033189500000000004	0.0	0.0	0.0	0.0	0.0	0.191571	0.0	0.040518599999999995	0.0	0.0	0.0	0.0	0.0	0.0945626	0.0486855	0.0	0.0	0.0	0.05396650000000001	0.0	0.0	0.0	0.0	0.0	0.0	0.0	0.0	0.06830599999999999	0.0	0.0	0.0	0.0	0.0	0.0	0.0	0.0	0.0	0.0	0.0	0.0	0.19120499999999999	0.0	0.0	0.0	0.0	0.215054	0.0	0.0	0.0	0.0	0.0	0.0	0.0	0.0	0.0	0.0	0.0	0.0	0.0	0.0	0.0	0.0	0.0	0.0	0.0	0.0	0.0	0.0	0.0	0.0	0.194553	0.0	0.0	0.0	0.214592	0.0	0.0	0.23201900000000003	0.0	0.0	0.0	0.0	0.0	0.0	0.0	0.0	0.0	0.0	0.0
Sin-CPnd_045-Ex1-11H-lcwgs-1-2.clmp.r1r2_fastp	0.0830176	0.0958895	0.0025404900000000003	0.00276631	0.000282277	0.00036696	0.0	0.000225822	0.00014113800000000002	2.8227699999999997e-05	0.000423415	0.0013267	0.0017501200000000002	0.0	0.126629	0.0008750580000000001	0.00268163	0.0	0.000423415	0.000254049	5.6455399999999995e-05	0.0458418	0.0	0.0	0.0	0.0	0.0	0.0	2.8227699999999997e-05	0.0007903750000000001	0.0	0.0	0.0888043	2.82469e-05	5.65426e-05	0.00011319900000000001	5.6667000000000005e-05	5.674530000000001e-05	0.00377921	0.0	0.0	0.000514284	0.0	0.0	0.08683500000000001	5.7729299999999996e-05	0.000405317	0.00046468400000000004	0.0	0.0	0.0	0.0	2.95881e-05	0.0920845	0.000268616	2.99843e-05	0.0	0.08604440000000001	0.0	0.00107068	0.0886153	0.0	0.0	0.0	0.0	0.0	0.181378	0.0	0.133063	0.0	0.0	0.0	0.00046516700000000005	6.69378e-05	0.0448852	0.131132	0.0	0.0	0.0008003140000000001	0.0850441	0.0	0.00110606	0.0	3.62977e-05	0.0	0.00011084300000000001	0.0	0.000489182	0.00121528	7.667939999999999e-05	0.0	0.0	7.89301e-05	0.000558017	0.0	4.06675e-05	4.1082000000000004e-05	0.0	8.38842e-05	0.00131394	0.0	0.0899793	0.0	0.0	0.00013423	9.04873e-05	0.0823979	0.00023135700000000001	0.0	0.0	0.0786037	0.0	0.000686587	4.9625199999999994e-05	0.0	0.0	0.0	0.00015627099999999998	0.0	0.0	0.0	0.0	0.0	0.0	0.0	0.0	0.00023351100000000002	0.0	0.0	0.0	0.0	0.0437235	0.0	0.0	6.499090000000001e-05	0.07895390000000001	0.0	0.010240500000000001	0.0581695	0.012583599999999999	0.00213153	0.0015903	0.000146828	0.000223753	0.0015175	0.00038672900000000004	0.0005538510000000001	0.070425	0.000173438	0.0
Sin-CPnd_049-Ex1-4C-lcwgs-1-2.clmp.r1r2_fastp	0.0983422	0.0842933	0.0	0.0140489	0.0	0.0	0.0	0.0	0.0	0.0	0.0	0.0	0.0140489	0.0	0.12644	0.0	0.0	0.0	0.0	0.0	0.0	0.0280978	0.0	0.0	0.0	0.0	0.0	0.0	0.0	0.0	0.0	0.0	0.0842933	0.0	0.0	0.0	0.0	0.0	0.0	0.0	0.0	0.0	0.0	0.0	0.122268	0.0	0.0	0.0	0.0	0.0	0.0	0.0	0.0	0.18978599999999998	0.0	0.0	0.0	0.0185219	0.0	0.0	0.11709599999999999	0.0	0.0	0.0	0.0	0.0	0.173724	0.0	0.135501	0.0	0.0	0.0	0.0	0.0	0.025568900000000002	0.208768	0.0	0.0	0.0	0.142005	0.0	0.0	0.0	0.0	0.0	0.0	0.0	0.0	0.0	0.0	0.0	0.0	0.0	0.0	0.0	0.0	0.0	0.0	0.0	0.0	0.0	0.0	0.0	0.0	0.0	0.0	0.25113	0.0	0.0	0.0	0.10840100000000001	0.0	0.0	0.0	0.0	0.0	0.0	0.0	0.0	0.0	0.0	0.0	0.0	0.0	0.0	0.0	0.0	0.0	0.0	0.0	0.0	0.0849618	0.0	0.0	0.0	0.0	0.0	0.0	0.0	0.0	0.0	0.0	0.0	0.0	0.0	0.0	0.0	0.125313	0.0	0.0
Sin-CPnd_050-Ex1-9B-lcwgs-1-2.clmp.r1r2_fastp	0.0853237	0.10740000000000001	0.0	0.00298335	0.000596669	0.0	0.0	0.0	0.000596669	0.0	0.000596669	0.0	0.00358002	0.0	0.142604	0.0	0.00417669	0.0	0.000596669	0.0	0.0	0.0501202	0.0	0.0	0.0	0.0	0.0	0.0	0.0	0.0	0.0	0.0	0.10203000000000001	0.0	0.0	0.0	0.000605719	0.0	0.0049001900000000004	0.0	0.0	0.000625383	0.0	0.0	0.0932626	0.0	0.0	0.0	0.0	0.0	0.0	0.0	0.0	0.0868476	0.0	0.0	0.0	0.10448199999999999	0.0	0.0008020210000000001	0.08418679999999999	0.0	0.0	0.0	0.0	0.0	0.20153900000000002	0.0	0.144034	0.0	0.0	0.0	0.00105101	0.0	0.0539392	0.14313399999999998	0.0	0.0	0.0	0.0959131	0.0	0.0	0.0	0.0	0.0	0.0	0.0	0.0	0.0	0.0	0.0	0.0	0.0	0.0	0.0	0.0	0.0	0.0	0.0	0.00214358	0.0	0.0952878	0.0	0.0	0.0	0.0	0.0862227	0.0	0.0	0.0	0.0906221	0.0	0.0	0.0	0.0	0.0	0.0	0.0	0.0	0.0	0.0	0.0	0.0	0.0	0.0	0.0	0.0	0.0	0.0	0.0	0.0	0.0628634	0.0	0.0	0.0	0.0880333	0.0	0.00620848	0.0382824	0.00656642	0.0	0.0	0.0	0.0	0.0	0.0	0.0	0.08547010000000001	0.0	0.0
Sin-CPnd_051-Ex1-12G-lcwgs-1-2.clmp.r1r2_fastp	0.08757469999999999	0.10053	0.00466374	0.00259097	0.0005181939999999999	0.0	0.0	0.0	0.0	0.0	0.0005181939999999999	0.0015545799999999999	0.0015545799999999999	0.0	0.12384799999999999	0.0	0.0031091599999999997	0.0	0.0	0.0	0.0	0.0559649	0.0	0.0	0.0	0.0	0.0	0.0	0.0	0.00103639	0.0	0.0	0.115557	0.0	0.0	0.0	0.000523807	0.0	0.00422295	0.0	0.0	0.000536184	0.0	0.0	0.0952605	0.0	0.0	0.000561858	0.0	0.0	0.0	0.0005850009999999999	0.0	0.0940052	0.0	0.0	0.0	0.0958132	0.0	0.000648038	0.0907363	0.0	0.0	0.0	0.0	0.0	0.189716	0.0	0.134826	0.0	0.0	0.0	0.0	0.0	0.0459924	0.14755300000000002	0.0	0.0	0.0	0.0896132	0.0	0.000961899	0.0	0.0	0.0	0.0	0.0	0.0010889299999999999	0.0	0.0	0.0011588400000000002	0.0	0.0	0.0	0.0	0.0	0.0	0.0	0.0	0.0	0.0	0.0986643	0.0	0.0	0.0	0.0	0.0818331	0.0	0.0	0.0	0.0713127	0.0	0.0	0.0	0.0	0.0	0.0	0.0	0.0	0.0	0.0	0.0	0.0	0.0	0.0	0.0	0.0	0.0	0.0	0.0	0.0	0.0463797	0.0	0.0	0.0	0.0618302	0.0	0.012256	0.0593806	0.0191418	0.0	0.00333422	0.0	0.0	0.0	0.0	0.0	0.0698731	0.0	0.0
Sin-CPnd_053-Ex1-9G-lcwgs-1-2.clmp.r1r2_fastp	0.0904007	0.092805	0.00384684	0.00384684	0.0	0.000480855	0.0	0.0	0.0	0.0	0.000480855	0.00096171	0.00192342	0.0	0.14810299999999998	0.000480855	0.0033659799999999998	0.0	0.00096171	0.000480855	0.0	0.045681200000000005	0.0	0.0	0.0	0.0	0.0	0.0	0.0	0.0014425599999999998	0.0	0.0	0.0918433	0.0	0.0	0.0	0.0	0.0	0.00492766	0.0	0.0	0.000503119	0.0	0.0	0.08982359999999999	0.0	0.0005267119999999999	0.0005327649999999999	0.0	0.0	0.0	0.0	0.0005680819999999999	0.102067	0.00117086	0.0	0.0	0.101326	0.0	0.00127201	0.0958661	0.0	0.0	0.0	0.0	0.0	0.185037	0.0	0.13914	0.0	0.0	0.0	0.000833646	0.0	0.0445913	0.12086200000000001	0.0	0.0	0.0	0.07921500000000001	0.0	0.0010412	0.0	0.0	0.0	0.0	0.0	0.0	0.00125224	0.0	0.0	0.0	0.0	0.0	0.0	0.0	0.0	0.0	0.0	0.0	0.0	0.108249	0.0	0.0	0.0	0.0	0.0708333	0.0	0.0	0.0	0.081686	0.0	0.0	0.0	0.0	0.0	0.0	0.0	0.0	0.0	0.0	0.0	0.0	0.0	0.0	0.0	0.0	0.0	0.0	0.0	0.0	0.050492300000000004	0.0	0.0	0.0	0.0563222	0.0	0.0198708	0.10209800000000001	0.010485999999999999	0.00539636	0.00555833	0.0	0.0	0.0	0.0	0.0	0.06067549999999999	0.0	0.0
Sin-CPnd_058-Ex1-9D-lcwgs-1-2.clmp.r1r2_fastp	0.08510530000000001	0.101103	0.0019196699999999998	0.00319945	0.0	0.000639889	0.000639889	0.000639889	0.0	0.0	0.0019196699999999998	0.00127978	0.000639889	0.0	0.127338	0.0	0.00127978	0.0	0.000639889	0.0	0.0	0.0479917	0.0	0.0	0.0	0.0	0.0	0.0	0.0	0.0	0.0	0.0	0.09662330000000001	0.0	0.0	0.0	0.0	0.0	0.00392408	0.0	0.0	0.0	0.0	0.0	0.0914976	0.0	0.0	0.0	0.0	0.0	0.0	0.0	0.0	0.0898014	0.0	0.0	0.0	0.10215700000000001	0.0	0.0	0.07865259999999999	0.0	0.0	0.0	0.0	0.0	0.192654	0.0	0.136769	0.0	0.0	0.0	0.0	0.0	0.0357654	0.12051799999999999	0.0	0.0	0.0	0.0889307	0.0	0.00275262	0.0	0.0	0.0	0.0	0.0	0.00161606	0.0	0.0	0.0	0.0	0.0	0.00191267	0.0	0.0	0.0	0.0	0.0	0.0	0.0	0.118549	0.0	0.0	0.0	0.0	0.10407299999999998	0.0	0.0	0.0	0.0634156	0.0	0.0	0.0	0.0	0.0	0.0	0.0	0.0	0.0	0.0	0.0	0.0	0.0	0.0	0.0	0.0	0.0	0.0	0.0	0.0	0.0653867	0.00610948	0.0	0.0	0.07355890000000001	0.0	0.0142025	0.029289000000000003	0.022661999999999998	0.00781128	0.0	0.0	0.0	0.0	0.0	0.0	0.11768200000000001	0.0	0.0
Sin-CPnd_061-Ex1-9A-lcwgs-1-2.clmp.r1r2_fastp	0.0948182	0.101337	0.00237045	0.004148300000000001	0.0	0.0	0.0	0.0	0.000592614	0.0	0.00118523	0.00118523	0.000592614	0.0	0.126227	0.00177784	0.00237045	0.0	0.000592614	0.0	0.0	0.0545205	0.0	0.0	0.0	0.0	0.0	0.0	0.0	0.0	0.0	0.0	0.096596	0.0	0.0	0.0	0.000599743	0.0	0.00302601	0.0	0.0	0.0	0.0	0.0	0.100062	0.0	0.000640952	0.0	0.0	0.0	0.000668436	0.0	0.0	0.104045	0.0014056700000000001	0.0	0.0	0.0769265	0.0	0.0	0.10729999999999999	0.000778871	0.0	0.0	0.0	0.0	0.20378800000000002	0.0	0.13579	0.0	0.0	0.0	0.0009426310000000001	0.0	0.0430352	0.137554	0.0	0.0	0.0	0.08610949999999999	0.0	0.0	0.0	0.0	0.0	0.0	0.0	0.0	0.0	0.0	0.0	0.0	0.0	0.0	0.0	0.0	0.0	0.0	0.0	0.0	0.0	0.0958305	0.0	0.0	0.0	0.0	0.09689740000000001	0.0	0.0	0.0	0.07679409999999999	0.0	0.0	0.0	0.0	0.0	0.0	0.0	0.0	0.0	0.0	0.0	0.0	0.0	0.0	0.0	0.0	0.0	0.0	0.0	0.0	0.0420901	0.0	0.0	0.0	0.0808695	0.0	0.00672314	0.05479080000000001	0.0279408	0.0	0.007274050000000001	0.0	0.0	0.00385119	0.0	0.0	0.0920194	0.0	0.0
Sin-CPnd_062-Ex1-11D-lcwgs-1-2.clmp.r1r2_fastp	0.07433000000000001	0.0936977	0.0041876	0.00523451	0.0	0.0010469	0.0	0.0	0.0	0.0	0.0026172500000000002	0.0026172500000000002	0.0031406999999999997	0.0	0.147613	0.0005234510000000001	0.0015703499999999999	0.0	0.0015703499999999999	0.0005234510000000001	0.0	0.047634	0.0	0.0	0.0	0.0	0.0	0.0	0.0	0.0010469	0.0	0.0	0.0942211	0.0	0.0	0.0	0.0	0.0	0.0037163499999999998	0.0	0.0	0.000537733	0.0	0.0	0.0858679	0.0	0.000554382	0.0	0.0	0.0	0.0	0.0	0.0	0.083909	0.000597418	0.0	0.0	0.0929328	0.0	0.0	0.0851146	0.0	0.0	0.0	0.0	0.0	0.177655	0.0	0.13334600000000002	0.0	0.0	0.0	0.0	0.0	0.048884899999999995	0.14352	0.0	0.0	0.000861787	0.09401960000000001	0.0	0.0	0.0	0.0	0.0	0.0	0.0	0.0	0.00104931	0.0	0.0	0.0	0.0	0.00116275	0.0	0.0	0.0	0.0	0.0	0.00263574	0.0	0.101727	0.0	0.0	0.0	0.0	0.09954210000000001	0.0015633799999999998	0.0	0.0	0.07492259999999999	0.0	0.0017380700000000002	0.0	0.0	0.0	0.0	0.0	0.0	0.0	0.0	0.0	0.0	0.0	0.0	0.0	0.0	0.0	0.0	0.0	0.0	0.0513202	0.0	0.0	0.0	0.0749729	0.0	0.0115473	0.0707234	0.012040200000000001	0.00307806	0.0	0.0	0.0	0.00335402	0.0	0.0	0.06592920000000001	0.0039145099999999995	0.0
Sin-CPnd_063-Ex1-9F-lcwgs-1-2.clmp.r1r2_fastp	0.0757334	0.0955684	0.0012021199999999999	0.0030053	0.000601059	0.000601059	0.0	0.0	0.0	0.0	0.0	0.000601059	0.000601059	0.0	0.140047	0.000601059	0.0024042399999999998	0.0	0.0	0.0	0.0	0.07032390000000001	0.0	0.0	0.0	0.0	0.0	0.0	0.0	0.0024042399999999998	0.0	0.0	0.124419	0.0	0.0	0.0	0.0	0.0	0.0049317599999999994	0.0	0.0	0.0	0.0	0.0	0.08404769999999999	0.0	0.0	0.00267228	0.0	0.0	0.000693573	0.0	0.0	0.092753	0.000735895	0.0	0.0	0.0998112	0.0	0.000802028	0.0865794	0.0	0.0	0.0	0.0	0.0	0.21004499999999998	0.0	0.117404	0.0	0.0	0.0	0.0	0.0	0.0365016	0.134844	0.0	0.0	0.0012208199999999998	0.093845	0.0	0.0	0.0	0.0	0.0	0.0	0.0	0.0	0.0015804800000000002	0.0	0.0	0.0	0.00175985	0.0	0.0	0.0	0.0	0.0	0.0	0.0021277	0.0	0.0920872	0.0	0.0	0.0	0.0	0.08998819999999999	0.0	0.0	0.0	0.0744495	0.0	0.0	0.0	0.0	0.0	0.0	0.0	0.0	0.0	0.0	0.0	0.0	0.0	0.0	0.0	0.0	0.0	0.0	0.0	0.0	0.039599999999999996	0.0	0.0	0.0	0.0828455	0.0	0.0	0.0238479	0.0	0.00626841	0.0	0.0	0.0	0.0	0.0	0.0	0.0544959	0.0	0.0
Sin-CPnd_065-Ex1-11B-lcwgs-1-2.clmp.r1r2_fastp	0.0935292	0.10522000000000001	0.0045748	0.00559142	0.00101662	0.00101662	0.000508311	0.000508311	0.0	0.000508311	0.00101662	0.00101662	0.00152493	0.0	0.166726	0.00101662	0.00304987	0.000508311	0.0	0.0	0.0	0.047781199999999996	0.0	0.0	0.0	0.0	0.0	0.0	0.0	0.00152493	0.0	0.000508311	0.0904793	0.0	0.0	0.00102381	0.0005135550000000001	0.0	0.00414169	0.0	0.0	0.0005261970000000001	0.0	0.0	0.102112	0.0	0.0	0.0011032000000000001	0.0	0.0	0.0	0.0	0.0	0.0860038	0.0	0.0	0.0	0.0886662	0.0	0.000638227	0.081564	0.0	0.0	0.0	0.0	0.0	0.18846500000000002	0.0	0.12285	0.0	0.0	0.0	0.000789677	0.0	0.0441801	0.142591	0.0	0.0	0.000883096	0.0630585	0.0	0.000936786	0.0	0.0	0.0	0.0	0.0	0.00106224	0.00108567	0.0	0.00113371	0.0	0.0	0.0	0.0	0.00126247	0.0	0.0	0.0	0.00275285	0.0	0.0876349	0.0	0.0	0.0	0.0	0.0864221	0.00163575	0.0	0.0	0.09079319999999999	0.0	0.00364445	0.0	0.0	0.0	0.0	0.00202881	0.0	0.0	0.0	0.0	0.0	0.0	0.0	0.0	0.0	0.0	0.0	0.0	0.0	0.0411839	0.0	0.0	0.0	0.0898123	0.0	0.00938233	0.07033919999999999	0.0196483	0.0	0.0034313600000000005	0.0	0.0	0.0	0.0	0.00387913	0.0727155	0.0	0.0
Sin-CPnd_067-Ex1-9C-lcwgs-1-2.clmp.r1r2_fastp	0.0816467	0.09757779999999999	0.00398277	0.00398277	0.0	0.0	0.0	0.0	0.0	0.000663795	0.000663795	0.00265518	0.00265518	0.0	0.15068099999999998	0.000663795	0.0033189699999999996	0.0	0.000663795	0.0	0.0	0.051776	0.0	0.0	0.0	0.0	0.0	0.0	0.0	0.000663795	0.0	0.0	0.0862933	0.0	0.0	0.0	0.0	0.0	0.00543892	0.0	0.0	0.0	0.0	0.0	0.0903554	0.0	0.0	0.0	0.0	0.0	0.0	0.0	0.0	0.0976818	0.0	0.0	0.0	0.0980434	0.0	0.000874669	0.0935187	0.0	0.0	0.0	0.0	0.0	0.20228	0.0	0.137028	0.0	0.0	0.0	0.0022591499999999997	0.0	0.0531237	0.160607	0.0	0.0	0.00129257	0.0913206	0.0	0.0	0.0	0.0	0.0	0.0	0.0	0.0	0.00164875	0.0	0.0	0.0	0.0	0.00186801	0.0	0.0	0.0	0.0	0.0	0.00217704	0.0	0.0847885	0.0	0.0	0.0	0.0	0.0729889	0.0	0.0	0.0	0.0749733	0.0	0.0	0.0	0.0	0.0	0.0	0.0	0.0	0.0	0.0	0.0	0.0	0.0	0.0	0.0	0.0	0.0	0.0	0.0	0.0	0.038580199999999995	0.0	0.0	0.0	0.111495	0.0	0.00558909	0.0630445	0.0	0.0	0.0	0.0	0.0	0.0	0.0	0.0	0.0664305	0.0	0.0
Sin-CPnd_074-Ex1-12A-lcwgs-1-2.clmp.r1r2_fastp	0.0894362	0.09218810000000001	0.00206391	0.0048158	0.00206391	0.000687971	0.000687971	0.0	0.0	0.0	0.000687971	0.0	0.00275188	0.0	0.14172200000000001	0.000687971	0.00343985	0.0	0.0	0.0	0.00137594	0.051597800000000006	0.0	0.0	0.0	0.0	0.0	0.0	0.0	0.00206391	0.0	0.000687971	0.106635	0.0	0.0	0.0	0.0	0.0	0.00910562	0.0	0.0	0.0021333	0.0	0.0	0.09136720000000001	0.0	0.0	0.000742611	0.0	0.0	0.0	0.000772493	0.0	0.08140750000000001	0.0	0.0	0.0	0.100615	0.0	0.00171015	0.0859017	0.0	0.0	0.0	0.0	0.0	0.211716	0.0	0.145156	0.0	0.0	0.0	0.00104803	0.0	0.0379894	0.11038	0.0	0.0	0.0	0.06635229999999999	0.0	0.0036836499999999997	0.0	0.0	0.0	0.0	0.0	0.0027365	0.0	0.0	0.0	0.0	0.0	0.0	0.0	0.0	0.0	0.0	0.0	0.0	0.0	0.08704150000000001	0.0	0.0	0.0	0.0	0.08789229999999999	0.0	0.0	0.0	0.100834	0.0	0.0	0.0	0.0	0.0	0.0	0.0	0.0	0.0	0.0	0.0	0.0	0.0	0.0	0.0	0.0	0.0	0.0	0.0	0.0	0.0453186	0.0	0.0	0.0	0.0807103	0.0	0.0167045	0.0373527	0.0034559	0.0	0.0	0.00365283	0.0	0.0	0.00387582	0.0	0.094328	0.0	0.0
Sin-CPnd_075-Ex1-11G-lcwgs-1-2.clmp.r1r2_fastp	0.08968809999999999	0.10543799999999999	0.00262502	0.00306252	0.0008750049999999999	0.0	0.000437503	0.0	0.000437503	0.0	0.00218751	0.0008750049999999999	0.00218751	0.0	0.14218799999999998	0.00262502	0.00393752	0.000437503	0.000437503	0.0	0.000437503	0.050312800000000005	0.0	0.0	0.0	0.0	0.0	0.0	0.0	0.0017500099999999998	0.0	0.000437503	0.107188	0.0	0.0	0.000440327	0.0008834349999999999	0.0	0.00267134	0.0	0.0	0.000452112	0.0	0.0	0.0921523	0.0	0.0014046899999999999	0.000945072	0.0	0.0	0.0	0.0	0.0	0.100687	0.00101882	0.0	0.0	0.0917519	0.0	0.00163776	0.0830795	0.0	0.0	0.0	0.0	0.0	0.192591	0.0	0.12604700000000002	0.0	0.0	0.0	0.0	0.0	0.0468168	0.13752	0.0	0.0	0.00230831	0.0888267	0.0	0.00328378	0.0	0.0	0.0	0.0	0.0	0.00376772	0.00482025	0.0	0.0	0.0	0.0	0.00216988	0.0	0.0	0.0	0.0	0.0	0.0012550200000000001	0.0	0.0685293	0.0	0.0	0.0	0.0	0.09090100000000001	0.0	0.0	0.0	0.0820398	0.0	0.0	0.0	0.0	0.0	0.0	0.0	0.0	0.0	0.0	0.0	0.0	0.0	0.0	0.0	0.0	0.0	0.0	0.0	0.0	0.051115100000000004	0.0	0.0	0.0	0.088506	0.0	0.0092604	0.0726744	0.00972195	0.00332215	0.0	0.0	0.0	0.00731261	0.0	0.0038844	0.0688398	0.0	0.0
Sin-CPnd_076-Ex1-10E-lcwgs-1-2.clmp.r1r2_fastp	0.0848817	0.0864392	0.0011681	0.00389366	0.0011681	0.00155746	0.0	0.0	0.00038936600000000004	0.0	0.000778731	0.0	0.0011681	0.0	0.124986	0.00038936600000000004	0.00194683	0.0	0.0011681	0.00038936600000000004	0.0	0.0424409	0.0	0.0	0.0	0.0	0.0	0.0	0.0	0.00194683	0.0	0.00038936600000000004	0.0950052	0.0	0.0	0.0	0.0	0.0	0.00473631	0.0	0.0	0.0	0.0	0.0	0.09571160000000001	0.0	0.000821322	0.000413418	0.0	0.0	0.0	0.0	0.0	0.0846814	0.000438387	0.0	0.0	0.09544230000000001	0.0	0.0013873099999999999	0.08560240000000001	0.0	0.0	0.0	0.0	0.0	0.182198	0.0	0.131269	0.0	0.0	0.0	0.0	0.0	0.038547	0.126673	0.0	0.0	0.0	0.0896668	0.0	0.003177	0.0	0.0	0.0	0.0	0.0	0.00211977	0.0021591	0.0	0.0	0.0	0.0	0.0	0.0	0.0	0.0	0.0	0.0	0.0008889439999999999	0.0	0.0685033	0.0	0.0	0.0	0.0010056400000000001	0.10279899999999999	0.0	0.0	0.0	0.0862021	0.0	0.0	0.00119521	0.0	0.0	0.0	0.0	0.0	0.0	0.0	0.0	0.0	0.0	0.0	0.0	0.0	0.0	0.0	0.0	0.0	0.0447171	0.0	0.0	0.0	0.0963069	0.0	0.00413514	0.0381259	0.0173509	0.0022239	0.0	0.0	0.0	0.0	0.0	0.0	0.0925926	0.0	0.0
Sin-CPnd_079-Ex1-9H-lcwgs-1-2.clmp.r1r2_fastp	0.08443250000000001	0.10627900000000001	0.0017713100000000001	0.000590437	0.000590437	0.0	0.0	0.000590437	0.0	0.0	0.0	0.000590437	0.00413306	0.0	0.16178	0.000590437	0.0017713100000000001	0.0	0.000590437	0.0	0.0	0.051958500000000005	0.0	0.0	0.0	0.0	0.0	0.0	0.0	0.000590437	0.0	0.0	0.10864	0.0	0.0	0.0	0.0	0.0	0.0036317	0.0	0.0	0.0	0.0	0.0	0.0792584	0.0	0.0012948299999999999	0.00131055	0.0	0.0	0.0	0.0	0.0	0.09861930000000001	0.000720451	0.0	0.0	0.0779199	0.0	0.0	0.0924789	0.0	0.0	0.0	0.0	0.0	0.20957800000000001	0.0	0.157835	0.0	0.0	0.0	0.00101912	0.0	0.0351887	0.130877	0.0	0.0	0.0	0.0756775	0.0	0.00126226	0.0	0.0	0.0	0.0	0.0	0.0	0.0	0.0	0.0	0.0	0.0	0.0	0.0	0.0	0.0	0.0	0.0	0.00204998	0.0	0.0996793	0.0	0.0	0.0	0.0	0.0723354	0.0	0.0	0.0	0.0978282	0.0	0.0	0.0	0.0	0.0	0.0	0.0	0.0	0.0	0.0	0.0	0.0	0.0	0.0	0.0	0.0	0.0	0.0	0.0	0.0	0.049892700000000005	0.0	0.0	0.0	0.08346780000000001	0.0	0.017614900000000003	0.0603792	0.006202699999999999	0.0	0.0	0.0	0.0	0.00713216	0.0	0.00763767	0.0798594	0.0	0.0
Sin-CPnd_080-Ex1-2E-lcwgs-1-2.clmp.r1r2_fastp	0.0830565	0.114203	0.0	0.0103821	0.0	0.0	0.0	0.0	0.0	0.0	0.0	0.0	0.0	0.0	0.0726744	0.0	0.0	0.0	0.0	0.0	0.0	0.0415282	0.0	0.0	0.0	0.0	0.0	0.0	0.0	0.0	0.0	0.0	0.124585	0.0	0.0	0.0	0.0	0.0	0.0	0.0	0.0	0.0	0.0	0.0	0.106975	0.0	0.0	0.0	0.0	0.0	0.0	0.0	0.0	0.06726460000000001	0.0	0.0	0.0	0.057431699999999995	0.0	0.0	0.128896	0.0	0.0	0.0	0.0	0.0	0.183531	0.0	0.111663	0.0	0.0	0.0	0.0	0.0	0.0651721	0.13128499999999999	0.0	0.0	0.0	0.0953029	0.0	0.0	0.0	0.0	0.0	0.0	0.0	0.0	0.0	0.0	0.0	0.0	0.0	0.0	0.0	0.0	0.0	0.0	0.0	0.0	0.0	0.102041	0.0	0.0	0.0	0.0	0.0539374	0.0	0.0	0.0	0.132175	0.0	0.0	0.0	0.0	0.0	0.0	0.0	0.0	0.0	0.0	0.0	0.0	0.0	0.0	0.0	0.0	0.0	0.0	0.0	0.0	0.0493097	0.0	0.0	0.0	0.0785135	0.0	0.026925099999999997	0.027382300000000002	0.0	0.0	0.0	0.0	0.0	0.0	0.0	0.0	0.0977199	0.0	0.0
Sin-CPnd_081-Ex1-10G-lcwgs-1-2.clmp.r1r2_fastp	0.0822544	0.0904799	0.00205636	0.0028789099999999997	0.0	0.0	0.000411272	0.0	0.000411272	0.000411272	0.000822544	0.00123382	0.000411272	0.0	0.14559	0.00123382	0.0032901799999999998	0.0	0.00123382	0.0	0.0	0.0481188	0.0	0.0	0.0	0.0	0.0	0.0	0.0	0.00123382	0.0	0.0	0.102818	0.0	0.0	0.00041376900000000003	0.00041496199999999995	0.0	0.0020888300000000003	0.0	0.0	0.00042327299999999994	0.0	0.0	0.0994511	0.0	0.00043627700000000005	0.0008793259999999999	0.0	0.0	0.00045070799999999997	0.0	0.0	0.0820546	0.000468351	0.0	0.0	0.08857440000000001	0.0	0.00049541	0.0917606	0.0	0.0	0.0	0.0	0.0	0.204469	0.0	0.152833	0.0	0.0	0.0	0.0	0.0	0.043913999999999995	0.12767399999999998	0.0	0.0	0.00130129	0.09133630000000001	0.0	0.0020521800000000002	0.0	0.0	0.0	0.0	0.0	0.00151675	0.0	0.0	0.0	0.0	0.0	0.0	0.0	0.0	0.0	0.0	0.0	0.000943049	0.0	0.0959599	0.0	0.0	0.0	0.0	0.08174150000000001	0.0	0.0	0.0	0.08127909999999999	0.0	0.0	0.0	0.0	0.0	0.0	0.0	0.0	0.0	0.0	0.0	0.0	0.0	0.0	0.0	0.0	0.0	0.0	0.0	0.0	0.0572459	0.0	0.0	0.0	0.0789073	0.0	0.00586613	0.0399098	0.010179800000000001	0.0	0.0021282899999999997	0.0	0.0	0.0	0.0	0.0	0.05214799999999999	0.0	0.0
Sin-CPnd_085-Ex1-4H-lcwgs-1-2.clmp.r1r2_fastp	0.070498	0.0997289	0.00171946	0.0034389299999999998	0.0	0.000573155	0.0	0.0	0.000573155	0.0	0.0	0.000573155	0.0	0.0	0.130106	0.00171946	0.0028657699999999997	0.0	0.0	0.000573155	0.0	0.0435597	0.0	0.0	0.0	0.0	0.0	0.0	0.0	0.0	0.0	0.0	0.088839	0.0	0.0	0.0	0.0	0.0	0.00230465	0.0	0.0	0.0	0.0	0.0	0.0859416	0.0	0.0011652	0.000583655	0.0	0.0	0.0	0.0	0.0	0.0975148	0.0011845199999999999	0.0	0.0	0.0805508	0.0	0.000599689	0.096207	0.0	0.0	0.0	0.0	0.0	0.168475	0.0	0.138828	0.0	0.0	0.0	0.0	0.0	0.0397765	0.11983600000000001	0.0	0.0	0.00192823	0.0878286	0.0	0.00130453	0.0	0.0006592519999999999	0.0	0.0	0.0	0.0	0.000677654	0.0	0.0	0.0	0.0	0.00139864	0.0	0.0	0.0	0.0	0.0	0.000729368	0.0	0.07404770000000001	0.0	0.0	0.0	0.0	0.0831383	0.0	0.0	0.0	0.0820841	0.0	0.0	0.0	0.0	0.0	0.0	0.0008496830000000001	0.0	0.0	0.0	0.0	0.0	0.0	0.0	0.0	0.0	0.0	0.0	0.0	0.0	0.044123300000000004	0.0	0.0	0.0	0.0645115	0.0	0.0157254	0.05198610000000001	0.017187300000000003	0.0	0.0011029500000000001	0.0	0.0	0.00114829	0.0	0.00119225	0.0663537	0.0	0.0
Sin-CPnd_088-Ex1-2D-lcwgs-1-2.clmp.r1r2_fastp	0.14997000000000002	0.10497900000000002	0.0	0.0	0.0	0.0	0.0	0.0	0.0	0.0	0.0	0.0	0.0	0.0	0.17996399999999999	0.0	0.0	0.0	0.0	0.0	0.0	0.07498500000000001	0.0	0.0	0.0	0.0	0.0	0.0	0.0	0.0	0.0	0.0	0.07498500000000001	0.0	0.0	0.0	0.0	0.0	0.0	0.0	0.0	0.0	0.0	0.0	0.0339213	0.0	0.0	0.0	0.0	0.0	0.0	0.0	0.0	0.101051	0.0	0.0	0.0	0.11098799999999999	0.0	0.0	0.215724	0.0	0.0	0.0	0.0	0.0	0.111204	0.0	0.029455099999999998	0.0	0.0	0.0	0.0	0.0	0.10348399999999999	0.21306799999999998	0.0	0.0	0.0	0.235386	0.0	0.0	0.0	0.0	0.0	0.0	0.0	0.0	0.0	0.0	0.0	0.0	0.0	0.0	0.0	0.0	0.0	0.0	0.0	0.0	0.0	0.21536300000000003	0.0	0.0	0.0	0.0	0.08090610000000001	0.0	0.0	0.0	0.09025269999999999	0.0	0.0	0.0	0.0	0.0	0.0	0.0	0.0	0.0	0.0	0.0	0.0	0.0	0.0	0.0	0.0	0.0	0.0	0.0	0.0	0.0	0.0	0.0	0.0	0.0	0.0	0.0	0.0	0.0	0.0	0.0	0.0	0.0	0.0	0.0	0.0	0.0	0.0	0.0
Sin-CPnd_089-Ex1-9E-lcwgs-1-2.clmp.r1r2_fastp	0.07785239999999999	0.097081	0.00281394	0.005158889999999999	0.00046898999999999997	0.0018759599999999999	0.0	0.0	0.00046898999999999997	0.0	0.0018759599999999999	0.0009379810000000001	0.00046898999999999997	0.0	0.149139	0.0009379810000000001	0.0009379810000000001	0.0	0.00140697	0.0	0.0	0.04643	0.0	0.0	0.0	0.0	0.0	0.0	0.0	0.0009379810000000001	0.0	0.00046898999999999997	0.099426	0.0	0.0	0.00047237500000000003	0.000948074	0.0	0.006690979999999999	0.0	0.0	0.000485503	0.0	0.0	0.0926867	0.0	0.00100764	0.0	0.0	0.0	0.0	0.0	0.000534191	0.101554	0.0	0.0	0.0	0.099158	0.0	0.00174441	0.10017999999999999	0.0	0.0	0.0	0.0	0.0	0.193498	0.0	0.141798	0.0	0.0	0.0	0.0007056370000000001	0.0	0.0481239	0.140847	0.0	0.0	0.0	0.077826	0.0	0.00164514	0.0	0.0	0.0	0.0	0.0	0.0009174140000000001	0.00186694	0.0	0.0	0.0	0.0	0.0	0.0	0.0	0.0	0.0	0.0	0.00230415	0.0	0.0922266	0.0	0.0	0.0	0.0	0.0753331	0.0013474	0.0	0.0	0.082984	0.0	0.0014881200000000001	0.0	0.0	0.0	0.0	0.0	0.0	0.0	0.0	0.0	0.0	0.0	0.0	0.0	0.0	0.0	0.0	0.0	0.0	0.0480255	0.0	0.0	0.0	0.0973271	0.0	0.017316400000000003	0.0454614	0.0154711	0.0	0.00269935	0.0	0.0	0.00288709	0.0	0.0	0.0662837	0.00337747	0.0
Sin-CPnd_090-Ex1-12F-lcwgs-1-2.clmp.r1r2_fastp	0.08134569999999999	0.0930461	0.00232151	0.00232151	0.0	9.28603e-05	9.28603e-05	0.000185721	9.28603e-05	0.0	0.0005571619999999999	0.0008357429999999999	0.0015786300000000001	0.0	0.132697	0.0007428830000000001	0.00250723	0.0	0.0005571619999999999	0.0	9.28603e-05	0.0443872	0.0	0.0	0.0	0.0	0.0	0.0	0.0	0.000185721	0.0	0.0	0.0867316	0.0	0.0	9.300339999999999e-05	0.0	0.000186278	0.00419514	0.0	0.0	0.00037412700000000003	0.0	0.0	0.0878038	0.0	0.000188448	0.000188797	0.0	0.0	9.49673e-05	0.0	0.0	0.0868334	0.000191758	0.0	0.0	0.0866166	0.0	0.0007778990000000001	0.0886561	0.0	0.0	0.0	0.0	0.0	0.187526	0.0	0.134286	0.0	0.0	0.0	0.000101889	0.00020461499999999998	0.048291799999999996	0.132386	0.0	0.0	0.000836507	0.0860267	0.0	0.0016960699999999998	0.0	0.0	0.000107551	0.0	0.0	0.0009825839999999999	0.0009875679999999999	0.0	0.000110875	0.0	0.000112068	0.000901396	0.0	0.0	0.000114584	0.0	0.000231792	0.000816057	0.0	0.0896649	0.0	0.0	0.00012014	0.00012089	0.0807808	0.000122427	0.0	0.0	0.0829948	0.0	0.000505878	0.00012733999999999998	0.0	0.0	0.0	0.000130871	0.0	0.0	0.0	0.0	0.0	0.0	0.0	0.0	0.0	0.0	0.0	0.0	0.0	0.0464882	0.0	0.0	0.0	0.0804563	0.0	0.00992694	0.0627244	0.0119814	0.00141483	0.00206638	0.0	0.000648533	0.00245957	0.000332474	0.000507363	0.0703506	0.0	0.0
Sin-CPnd_092-Ex1-11F-lcwgs-1-2.clmp.r1r2_fastp	0.0938482	0.08375060000000001	0.0035638600000000003	0.0029698800000000003	0.0	0.000593976	0.000593976	0.0	0.000593976	0.0	0.0	0.0011879500000000001	0.0017819300000000001	0.0	0.131863	0.0011879500000000001	0.0023759000000000002	0.0	0.0	0.000593976	0.0	0.0564277	0.0	0.0	0.0	0.0	0.0	0.0	0.000593976	0.000593976	0.0	0.0	0.117607	0.0	0.0	0.0005983259999999999	0.0	0.0	0.0036342099999999997	0.0	0.0	0.0	0.0	0.0	0.10640000000000001	0.0	0.00064098	0.00129485	0.0	0.0	0.0013381600000000001	0.0	0.0	0.0791167	0.0007036550000000001	0.0	0.0	0.100694	0.0	0.000757782	0.08317290000000001	0.0	0.0	0.0	0.0	0.0	0.20185099999999997	0.0	0.137758	0.0	0.0	0.0	0.0	0.0	0.048124600000000003	0.146389	0.0	0.0	0.0	0.0736648	0.0	0.0	0.0	0.0	0.0	0.0	0.0	0.0	0.0013740999999999998	0.0	0.0	0.0	0.0	0.0	0.0	0.0	0.0	0.0	0.0	0.0	0.0	0.0967802	0.0	0.0	0.0	0.0	0.0880263	0.0	0.0	0.0	0.0759249	0.0	0.0	0.0	0.0	0.0	0.0	0.0	0.0	0.0	0.0	0.0	0.0	0.0	0.0	0.0	0.0	0.0	0.0	0.0	0.0	0.047876800000000004	0.0	0.0	0.0	0.09643199999999999	0.0	0.0209925	0.0686666	0.0219443	0.0	0.0	0.00470124	0.0	0.0	0.0	0.0	0.113171	0.0	0.0
Sin-CPnd_093-Ex1-10C-lcwgs-1-2.clmp.r1r2_fastp	0.0883047	0.0957972	0.00214072	0.0026758999999999997	0.00053518	0.00160554	0.0	0.0	0.00053518	0.0	0.00053518	0.00107036	0.00214072	0.00053518	0.131119	0.00107036	0.00321108	0.0	0.0	0.0	0.0	0.0524476	0.0	0.0	0.0	0.0	0.0	0.0	0.00053518	0.00053518	0.0	0.0	0.10007900000000002	0.0	0.0	0.0	0.000540091	0.0	0.0038061500000000003	0.0	0.0	0.000550746	0.0	0.0	0.0952338	0.0	0.0	0.0	0.0	0.0	0.0	0.0	0.0	0.08958100000000001	0.0	0.0	0.0	0.08958329999999999	0.0	0.00128236	0.08953019999999999	0.0	0.0	0.0	0.0	0.0	0.191869	0.0	0.13960999999999998	0.0	0.0	0.0	0.0	0.0	0.0466371	0.137103	0.0	0.0	0.0	0.09843009999999999	0.0	0.00343956	0.0	0.0	0.0	0.0	0.0	0.000942436	0.000957121	0.0	0.0	0.0	0.0	0.0	0.0	0.0	0.0	0.0	0.0	0.00341177	0.0	0.0868769	0.0	0.0	0.0	0.0	0.0826142	0.0	0.0	0.0	0.0827063	0.0	0.0	0.0	0.0	0.0	0.0	0.0	0.0	0.0	0.0	0.0	0.0	0.0	0.0	0.0	0.0	0.0	0.0	0.0	0.0	0.0415455	0.0	0.0	0.0	0.0683926	0.0	0.0145518	0.0422538	0.0064453800000000006	0.0	0.0	0.0	0.0	0.00234891	0.0	0.00245393	0.07609579999999999	0.0	0.0
Sin-CPnd_094-Ex1-3H-lcwgs-1-2.clmp.r1r2_fastp	0.0850569	0.0975973	0.00181745	0.00254444	0.000363491	0.000545236	0.000181745	0.000181745	0.0	0.000181745	0.000181745	0.000726982	0.00254444	0.0	0.120497	0.000908727	0.0021809499999999996	0.0	0.000545236	0.0	0.0	0.0465268	0.0	0.0	0.0	0.0	0.0	0.0	0.000181745	0.000545236	0.0	0.0	0.08941879999999999	0.0	0.0	0.0	0.000181923	0.0	0.00473339	0.0	0.0	0.000729282	0.0	0.0	0.0951774	0.0	0.00036594	0.0	0.0	0.0	0.0	0.0	0.0	0.08276800000000001	0.0	0.0	0.0	0.0849496	0.0	0.000372281	0.0855896	0.0	0.0	0.0	0.0	0.0	0.19047	0.0	0.12480799999999999	0.0	0.0	0.0	0.00019224	0.0	0.0449006	0.142931	0.0	0.0	0.000392791	0.08399119999999999	0.0	0.0011928499999999999	0.0	0.0	0.0	0.0	0.0	0.00102233	0.000616624	0.0	0.0	0.0	0.0	0.00042308000000000005	0.0	0.0	0.0	0.0	0.0	0.000659961	0.0	0.0910414	0.0	0.0	0.0	0.0	0.0869642	0.000233783	0.0	0.0	0.0745628	0.0	0.0	0.00024628	0.0	0.0	0.0	0.000255573	0.0	0.0	0.0	0.0	0.0	0.0	0.0	0.0	0.000280319	0.0	0.0	0.0	0.0	0.0394243	0.00029977	0.0	0.0	0.0788717	0.0	0.013055599999999999	0.054171899999999995	0.0111091	0.00265134	0.00134531	0.000340751	0.0	0.0017529200000000003	0.000356777	0.0	0.0848453	0.0	0.0
Sin-CPnd_095-Ex1-2B-lcwgs-1-2.clmp.r1r2_fastp	0.0929668	0.0967613	0.0037945599999999998	0.00664048	0.0	0.0009486410000000001	0.0	0.0	0.0	0.0	0.0	0.0009486410000000001	0.0009486410000000001	0.0	0.140399	0.0018972799999999999	0.0	0.0	0.0	0.0	0.0	0.0493293	0.0	0.0	0.0	0.0	0.0	0.0	0.0	0.0	0.0	0.0	0.11194	0.0	0.0	0.0	0.0	0.0	0.00581722	0.0	0.0	0.0	0.0	0.0	0.07166940000000001	0.0	0.0	0.00103643	0.0	0.0	0.0	0.0	0.0	0.103519	0.0	0.0	0.0	0.102522	0.0	0.00118002	0.08607909999999999	0.0	0.0	0.0	0.0	0.0	0.169393	0.0	0.118188	0.0	0.0	0.0	0.0	0.0	0.0332341	0.131934	0.0	0.0	0.0015331099999999999	0.0808571	0.0	0.00160095	0.0016259599999999999	0.0	0.0	0.0	0.0	0.0	0.00178129	0.0	0.0	0.0	0.0	0.0	0.0	0.0	0.0	0.0	0.0	0.0	0.0	0.0858671	0.0	0.0	0.0	0.0	0.06241000000000001	0.0	0.0	0.0	0.09529449999999999	0.0	0.0	0.0	0.0	0.0	0.0	0.0	0.0	0.0	0.0	0.0	0.0	0.0	0.0	0.0	0.0	0.0	0.0	0.0	0.0	0.026606900000000003	0.0	0.0	0.0	0.0739098	0.0	0.0213502	0.0523629	0.00890591	0.00455166	0.0	0.0	0.0	0.0049781	0.0	0.0	0.0706368	0.00578603	0.0
Undetermined.clmp.r1r2_fastp	0.19245600000000002	0.235945	0.00539163	0.012238599999999999	0.007014319999999999	0.0063415	0.0038890500000000002	0.0036265900000000003	0.0032252599999999998	0.024811899999999998	0.006668540000000001	0.0030114	0.008725199999999999	0.000873492	0.15886699999999998	0.00543121	0.014554300000000001	0.0010325	0.0012303899999999998	0.000666576	0.00029023799999999995	0.060848	8.81825e-05	0.000107624	2.08305e-06	3.47175e-06	6.943500000000001e-07	0.000165255	0.00614916	0.00473686	0.000181225	0.00304611	0.128473	2.15765e-05	0.000145883	0.00234542	0.00940088	0.00019990299999999997	0.0177062	0.00299889	0.00117283	0.0013880799999999999	0.00012597	2.93534e-06	0.109445	2.9870499999999998e-05	0.00416139	0.00642013	4.62023e-06	6.23089e-06	0.0010279	0.000318502	0.000168225	0.0948697	0.00979568	0.00190178	0.0	0.106923	1.50468e-05	0.00215386	0.0954172	0.00011929	3.0363000000000004e-05	0.000328613	0.0	0.0	0.208391	0.00038462399999999997	0.146232	0.00161591	1.7812e-05	7.053889999999999e-05	0.00209121	0.000656528	0.0495188	0.142433	3.31369e-05	0.0	0.0020658200000000003	0.0871543	0.000665723	0.00864794	0.00678951	0.000183491	0.000661739	0.000107162	0.0	0.00664325	0.00305144	0.000305149	0.00412518	0.000841666	0.000159188	0.0028997	0.000201358	0.00021139300000000001	0.000152276	0.000503851	0.00211443	0.0195413	0.0	0.09108000000000001	0.00022323499999999999	0.0	0.00044685700000000005	0.0019613400000000002	0.0887669	0.00192066	7.49849e-05	0.00471378	0.0800906	2.39804e-05	0.00381036	0.00122669	3.75233e-06	4.64192e-05	0.000111656	0.000246601	0.000343197	5.677600000000001e-05	4.50168e-06	0.0	0.000119446	9.84684e-06	3.04473e-05	0.0	0.0110797	0.0	0.000125796	8.83612e-05	0.0	0.0467829	0.000148081	0.0	0.000231984	0.0808324	0.0	0.0195907	0.0670726	0.056716199999999994	0.00275159	0.00324777	0.000313687	0.00046669299999999996	0.00261187	0.00102644	0.0008187810000000001	0.0774567	0.000172119	0.0
