Sample	1	2	3	4	5	6	7	8	9	10	11	12	13	14	15	16	17	18	19	20	21	22	23	24	25	26	27	28	29	30	31	32	33	34	35	36	37	38	39	40	41	42	43	44	45	46	47	48	49	50	51	52	53	54	55	56	57	58	59	60	61	62	63	64	65	66	67	68	69	70	71	72	73	74	75	76	77	78	79	80	81	82	83	84	85	86	87	88	89	90	91	92	93	94	95	96	97	98	99	100	101	102	103	104	105	106	107	108	109	110	111	112	113	114	115	116	117	118	119	120	121	122	123	124	125	126	127	128	129	130	131	132	133	134	135	136	137	138	139	140	141	142	143	144	145	146	147	148	149	150
Sin-APnd_001-Ex1-6G-lcwgs-1-2.clmp.r1r2_fastp	38.8351	38.9844	39.0441	39.0653	39.1388	39.1718	39.1404	39.1543	39.1893	39.1425	39.1439	39.1185	39.1447	39.1297	39.056	39.1783	39.161	39.1819	39.1712	39.1559	39.1669	39.133	39.1649	39.1477	39.1403	38.9235	38.9239	38.8793	38.9016	38.8815	38.8998	38.8769	38.8147	38.8803	38.846	38.8426	38.8384	38.8353	38.8442	38.8321	38.8352	38.8212	38.8308	38.8061	38.754	38.8041	38.7925	38.771	38.7523	38.7367	38.7145	38.7233	38.7294	38.6723	38.7219	38.7224	38.6997	38.6361	38.6803	38.672	38.5984	38.6572	38.6298	38.6177	38.5956	38.5775	38.4678	38.5535	38.4717	38.5016	38.4663	38.4273	38.4085	38.3851	38.3176	38.2439	38.2682	38.2341	38.1836	38.1008	38.0772	38.0245	37.9585	37.8828	37.8094	37.7073	37.6548	37.5672	37.4812	37.3737	37.2515	37.1282	37.0167	36.8699	36.6922	36.5365	36.3717	36.1397	35.9307	35.716	35.4926	35.1812	34.9812	34.7069	34.4619	34.2668	34.0425	33.8895	33.6868	33.4564	33.3053	33.1218	32.9599	32.7285	32.4649	32.1965	32.0077	31.7965	31.575	31.2641	31.043	30.8426	30.6381	30.4353	30.2079	29.9617	29.816	29.6784	29.5286	29.5565	29.3871	29.0497	28.8534	28.9358	28.5682	28.5219	28.4116	28.4028	28.3394	28.2264	28.1009	27.9025	27.9584	27.7429	27.693	27.6992	27.8488	28.1392	28.992	32.3706
Sin-APnd_002-Ex1-3G-lcwgs-1-2.clmp.r1r2_fastp	38.9443	39.0848	39.1562	39.1821	39.2515	39.2763	39.2621	39.2744	39.3119	39.2887	39.2941	39.2778	39.3004	39.287	39.2217	39.319	39.308	39.3259	39.3239	39.314	39.3201	39.2932	39.3206	39.313	39.308	39.1438	39.141	39.1006	39.1189	39.1059	39.1222	39.1076	39.0585	39.1112	39.0822	39.0799	39.0803	39.078	39.0832	39.0755	39.075	39.068	39.0767	39.0581	39.0131	39.0576	39.0505	39.0328	39.0221	39.0098	38.994	38.9976	39.0042	38.9586	38.9993	38.9995	38.9873	38.9373	38.9747	38.9712	38.9098	38.9607	38.9452	38.9345	38.9168	38.9033	38.812	38.8906	38.8218	38.8502	38.8233	38.7917	38.7781	38.7631	38.7025	38.6432	38.6732	38.6453	38.605	38.5348	38.5231	38.4836	38.4313	38.368	38.3079	38.22	38.1724	38.0993	38.0258	37.9299	37.8211	37.7095	37.5965	37.4577	37.2894	37.1338	36.9712	36.7348	36.5252	36.3041	36.0745	35.7681	35.5607	35.2785	35.0297	34.8367	34.5989	34.4386	34.2354	34.0071	33.8392	33.6588	33.4944	33.2638	33.0061	32.7567	32.5555	32.3548	32.1221	31.8174	31.5852	31.3893	31.2038	30.9982	30.762	30.5282	30.3805	30.2356	30.1036	30.1206	29.9412	29.6268	29.4032	29.4879	29.1195	29.0904	28.9648	28.9448	28.862	28.7645	28.614	28.4204	28.475	28.2443	28.1697	28.1399	28.2678	28.5368	29.3238	32.5689
Sin-APnd_003-Ex1-3H-lcwgs-1-2.clmp.r1r2_fastp	38.8392	38.998	39.0735	39.1026	39.1776	39.2041	39.1869	39.2011	39.2423	39.2186	39.2225	39.2069	39.2301	39.216	39.1472	39.2487	39.2361	39.2551	39.2548	39.2423	39.2489	39.2196	39.2498	39.2404	39.2332	39.0385	39.033	38.9891	39.0099	38.9935	39.0089	38.9955	38.9392	38.9959	38.9664	38.9652	38.9624	38.9589	38.9633	38.9579	38.9558	38.9486	38.9561	38.9356	38.8845	38.93	38.9233	38.9047	38.8909	38.8786	38.8604	38.8651	38.8697	38.8164	38.862	38.8628	38.8456	38.7892	38.8312	38.8255	38.756	38.8125	38.7911	38.7811	38.7614	38.7438	38.6409	38.7247	38.6483	38.6782	38.6482	38.6128	38.597	38.578	38.5124	38.4458	38.4774	38.4463	38.4017	38.3251	38.3096	38.2667	38.2111	38.1443	38.0767	37.9827	37.9353	37.8591	37.777	37.6811	37.5645	37.4501	37.3342	37.1886	37.0177	36.8631	36.693	36.4558	36.2483	36.0242	35.796	35.4861	35.2788	35.0032	34.757	34.5689	34.3404	34.1868	33.9849	33.7609	33.6053	33.4217	33.2763	33.0508	32.7835	32.5482	32.3506	32.1554	31.936	31.623	31.4075	31.2081	31.0207	30.8226	30.5925	30.3708	30.2301	30.0936	29.9748	30.0069	29.8328	29.495	29.305	29.3991	29.0296	29.0023	28.9037	28.8901	28.8161	28.7087	28.5858	28.3801	28.4499	28.2445	28.1715	28.146	28.2986	28.5482	29.318	32.5499
Sin-APnd_004-Ex1-4A-lcwgs-1-2.clmp.r1r2_fastp	38.7872	38.9748	39.0523	39.0747	39.1487	39.1732	39.1436	39.1561	39.1984	39.1625	39.1543	39.1392	39.1603	39.151	39.0747	39.1856	39.1643	39.1848	39.1785	39.1597	39.1689	39.1366	39.172	39.1553	39.1502	38.9352	38.9313	38.886	38.9081	38.8876	38.9045	38.8811	38.818	38.8833	38.8515	38.8493	38.834	38.8365	38.8419	38.83	38.8301	38.8201	38.8256	38.8028	38.7471	38.793	38.7816	38.7574	38.7421	38.7231	38.6989	38.703	38.7103	38.6553	38.7004	38.7015	38.6768	38.6123	38.6503	38.6435	38.5716	38.6261	38.5981	38.5833	38.5549	38.5454	38.4318	38.5133	38.4287	38.458	38.4234	38.3878	38.3653	38.3369	38.2688	38.1914	38.2114	38.1833	38.1319	38.0466	38.0171	37.9643	37.8942	37.8156	37.7526	37.6483	37.5976	37.5111	37.4241	37.3138	37.1918	37.0744	36.9599	36.8198	36.6415	36.4917	36.3329	36.1104	35.9086	35.7035	35.4906	35.1843	34.999	34.7277	34.4919	34.3001	34.0759	33.9251	33.7129	33.4753	33.34	33.1599	33.0015	32.7737	32.5046	32.213	32.0329	31.8413	31.6354	31.3338	31.1203	30.9272	30.7449	30.5327	30.3153	30.0414	29.8924	29.758	29.6294	29.6518	29.4966	29.1725	28.9786	29.0462	28.6792	28.6359	28.5292	28.5083	28.442	28.3451	28.2144	28.0091	28.0645	27.8764	27.8331	27.8061	27.9436	28.2253	29.0688	32.4302
Sin-APnd_005-Ex1-4B-lcwgs-1-2.clmp.r1r2_fastp	38.9265	39.0821	39.1602	39.1754	39.2475	39.2685	39.2492	39.2584	39.2944	39.2591	39.2623	39.2394	39.2638	39.247	39.1743	39.2783	39.2618	39.2808	39.2777	39.265	39.2723	39.2412	39.27	39.2567	39.2518	39.0694	39.0691	39.0271	39.0478	39.0293	39.0464	39.0267	38.9737	39.0269	38.9986	38.9983	38.9903	38.9881	38.9909	38.9843	38.984	38.9748	38.9815	38.96	38.9117	38.9587	38.9488	38.93	38.9149	38.8994	38.8811	38.8875	38.8914	38.8402	38.8833	38.8835	38.8657	38.8103	38.8502	38.8409	38.7731	38.8272	38.8062	38.7949	38.7746	38.7583	38.658	38.7373	38.6631	38.6915	38.6601	38.6242	38.6088	38.5896	38.527	38.4606	38.4879	38.4579	38.4129	38.3397	38.3184	38.2742	38.2181	38.1484	38.0877	37.9961	37.9475	37.8731	37.791	37.6908	37.5814	37.4692	37.3572	37.224	37.0544	36.9102	36.7513	36.5258	36.3227	36.1096	35.8855	35.5838	35.3858	35.1111	34.8703	34.67	34.4421	34.2846	34.0776	33.8427	33.6792	33.4971	33.3297	33.0987	32.83	32.5683	32.3613	32.1622	31.9265	31.6187	31.3972	31.1899	30.9892	30.7701	30.5449	30.3061	30.1515	30.0241	29.8753	29.8924	29.7366	29.3906	29.1934	29.2655	28.9088	28.8573	28.7704	28.7452	28.67	28.5684	28.4464	28.246	28.3081	28.0744	28.0004	27.9695	28.1152	28.3762	29.1986	32.4943
Sin-APnd_006-Ex1-4C-lcwgs-1-2.clmp.r1r2_fastp	38.8403	39.0107	39.09	39.108	39.1848	39.2078	39.1873	39.1951	39.2347	39.2007	39.2034	39.1818	39.2078	39.1885	39.1141	39.2193	39.2041	39.2256	39.221	39.2074	39.2158	39.1819	39.2132	39.201	39.1947	38.9867	38.9832	38.9414	38.9613	38.9438	38.9592	38.94	38.8795	38.9363	38.9059	38.9023	38.9005	38.9	38.9026	38.8973	38.8946	38.884	38.8931	38.8698	38.8165	38.8672	38.857	38.8381	38.8211	38.806	38.783	38.7881	38.7933	38.7353	38.7825	38.7807	38.761	38.701	38.7416	38.7317	38.6559	38.714	38.69	38.676	38.6523	38.6311	38.5198	38.6057	38.5225	38.5503	38.515	38.474	38.4535	38.4299	38.3579	38.2838	38.3102	38.2719	38.22	38.1354	38.1104	38.0565	37.9924	37.9112	37.8351	37.7306	37.6762	37.5852	37.4983	37.389	37.2641	37.1406	37.024	36.8747	36.6951	36.5404	36.3677	36.1302	35.915	35.6926	35.4648	35.1474	34.9439	34.6654	34.4138	34.2174	33.9884	33.8256	33.6259	33.3929	33.2187	33.0319	32.8694	32.6472	32.3713	32.126	31.9271	31.7205	31.505	31.1703	30.9592	30.7587	30.5577	30.3567	30.1281	29.8986	29.7673	29.6252	29.4835	29.5074	29.3317	28.9959	28.805	28.9045	28.5262	28.4998	28.3835	28.3679	28.2967	28.1689	28.0637	27.8632	27.9132	27.7132	27.6473	27.6438	27.8016	28.062	28.8865	32.2847
Sin-APnd_007-Ex1-4D-lcwgs-1-2.clmp.r1r2_fastp	38.9342	39.1053	39.1826	39.2004	39.2688	39.2924	39.2715	39.2772	39.3119	39.2822	39.2801	39.261	39.2818	39.2685	39.1982	39.2967	39.2842	39.3018	39.2989	39.286	39.292	39.2621	39.29	39.2791	39.2734	39.1008	39.0967	39.0566	39.0763	39.0596	39.073	39.0584	39.0041	39.0594	39.0269	39.0264	39.023	39.0189	39.0231	39.0143	39.0148	39.0072	39.0128	38.9922	38.9456	38.9874	38.9796	38.9617	38.9468	38.9326	38.9147	38.917	38.9218	38.8726	38.9147	38.9135	38.8966	38.8424	38.8813	38.8743	38.8083	38.8587	38.8393	38.8271	38.8063	38.7894	38.6936	38.7708	38.6948	38.723	38.6906	38.6553	38.6374	38.618	38.554	38.4864	38.5109	38.4769	38.4313	38.3499	38.3291	38.2809	38.2198	38.1466	38.0773	37.9773	37.9236	37.8409	37.7563	37.6509	37.5349	37.42	37.3048	37.1642	36.9926	36.843	36.682	36.4561	36.2564	36.0465	35.8286	35.5261	35.334	35.064	34.8295	34.6436	34.4198	34.2785	34.0907	33.8699	33.7178	33.5406	33.3925	33.1736	32.9233	32.6749	32.4915	32.2939	32.0805	31.7782	31.5744	31.3826	31.1933	30.991	30.7756	30.5551	30.4141	30.281	30.1586	30.1803	30.0277	29.7058	29.5245	29.6087	29.2471	29.2157	29.1156	29.1131	29.0456	28.9389	28.8164	28.6209	28.6648	28.4734	28.4009	28.3924	28.5366	28.7943	29.5872	32.7693
Sin-APnd_008-Ex1-4E-lcwgs-1-2.clmp.r1r2_fastp	38.8048	38.9799	39.0578	39.0823	39.1566	39.1827	39.1601	39.1701	39.2087	39.1733	39.1725	39.1519	39.1742	39.1593	39.0848	39.1932	39.1762	39.1963	39.1912	39.1749	39.1831	39.1509	39.1837	39.1676	39.1609	38.95	38.9479	38.9022	38.9233	38.9039	38.9191	38.8968	38.8355	38.8961	38.8697	38.8649	38.8548	38.8524	38.8575	38.846	38.8464	38.8353	38.8402	38.8168	38.7607	38.8091	38.7978	38.7749	38.758	38.739	38.7167	38.7205	38.7252	38.668	38.713	38.7128	38.69	38.6265	38.6653	38.6551	38.5815	38.6371	38.6084	38.5956	38.5704	38.5553	38.4418	38.5256	38.4434	38.47	38.4337	38.394	38.3703	38.3454	38.276	38.2017	38.2247	38.1888	38.1378	38.0517	38.0246	37.9697	37.9049	37.8268	37.7518	37.6503	37.5942	37.5073	37.4177	37.3086	37.1864	37.0665	36.9519	36.8079	36.6301	36.4818	36.3143	36.0817	35.8802	35.6722	35.4526	35.1465	34.9484	34.6825	34.4413	34.2506	34.0281	33.8825	33.6756	33.4537	33.2976	33.1187	32.9645	32.7418	32.4842	32.2225	32.0413	31.8411	31.6268	31.329	31.1067	30.9199	30.7363	30.5284	30.3132	30.0805	29.9381	29.8194	29.6815	29.7127	29.5528	29.226	29.0419	29.1343	28.7843	28.7359	28.6409	28.6389	28.5675	28.4648	28.3459	28.1538	28.2107	28.0199	27.9559	27.9547	28.1112	28.3581	29.1846	32.5103
Sin-APnd_009-Ex1-4F-lcwgs-1-2.clmp.r1r2_fastp	38.9226	39.0861	39.1594	39.1798	39.2481	39.2704	39.2518	39.2591	39.2933	39.2611	39.2623	39.2439	39.2642	39.2488	39.1781	39.2797	39.2663	39.2834	39.2794	39.2665	39.2742	39.2437	39.2714	39.2597	39.2546	39.0757	39.0727	39.0323	39.0498	39.0347	39.0478	39.0317	38.9747	39.0301	38.9995	38.9982	38.9922	38.9918	38.9975	38.9897	38.9871	38.9791	38.9835	38.9647	38.9138	38.9596	38.9523	38.9344	38.9187	38.9043	38.8845	38.8885	38.8934	38.8426	38.8877	38.8861	38.8679	38.8122	38.8518	38.8462	38.7803	38.8323	38.8118	38.8014	38.7795	38.7636	38.6642	38.7437	38.6666	38.6951	38.6663	38.6311	38.6147	38.595	38.5288	38.4608	38.488	38.4574	38.4111	38.3336	38.3134	38.2674	38.2094	38.1364	38.0724	37.9773	37.9255	37.8454	37.7636	37.6633	37.5496	37.4341	37.3233	37.1832	37.0137	36.8641	36.7031	36.478	36.2761	36.0674	35.8432	35.5394	35.3412	35.0686	34.8303	34.6356	34.4101	34.253	34.0474	33.817	33.6513	33.4695	33.3058	33.0872	32.8202	32.567	32.3689	32.1684	31.95	31.6431	31.4135	31.224	31.028	30.8293	30.6076	30.3718	30.234	30.0968	29.9566	29.9835	29.8017	29.4761	29.2891	29.357	28.9952	28.9543	28.8495	28.8377	28.764	28.6562	28.5264	28.3186	28.3789	28.1677	28.0902	28.0891	28.2226	28.4893	29.3212	32.602
Sin-APnd_010-Ex1-4G-lcwgs-1-2.clmp.r1r2_fastp	38.8583	39.0423	39.1176	39.1373	39.2094	39.2355	39.2136	39.2236	39.26	39.2278	39.2244	39.2068	39.2295	39.2177	39.1462	39.2487	39.2337	39.2546	39.2509	39.2363	39.2447	39.2123	39.244	39.2306	39.2258	39.0365	39.035	38.9922	39.013	38.9963	39.0112	38.9917	38.9346	38.9978	38.9641	38.9609	38.9564	38.955	38.9628	38.9529	38.9528	38.9425	38.9487	38.9284	38.8769	38.9228	38.9142	38.8942	38.8794	38.8645	38.8457	38.8504	38.8569	38.8043	38.8495	38.8504	38.8297	38.7724	38.8128	38.8059	38.7385	38.791	38.7683	38.7564	38.7365	38.7217	38.6172	38.6992	38.6211	38.6499	38.6182	38.5829	38.566	38.5438	38.4769	38.4098	38.434	38.4034	38.3561	38.2783	38.2562	38.2084	38.147	38.0752	38.0111	37.9164	37.8621	37.7821	37.6985	37.5955	37.478	37.3635	37.2495	37.1067	36.9363	36.7865	36.6204	36.3959	36.1926	35.9822	35.7614	35.4568	35.2555	34.988	34.7436	34.5533	34.33	34.1749	33.969	33.7411	33.5904	33.4079	33.2512	33.0281	32.7675	32.4859	32.3034	32.107	31.895	31.5911	31.3782	31.1817	30.9942	30.7825	30.5643	30.3185	30.1735	30.0413	29.911	29.9484	29.7799	29.4529	29.2635	29.3424	28.974	28.94	28.8287	28.8223	28.7513	28.6435	28.5238	28.3226	28.3875	28.1701	28.11	28.0945	28.2434	28.5004	29.3039	32.5828
Sin-APnd_011-Ex1-4H-lcwgs-1-2.clmp.r1r2_fastp	38.8513	39.0143	39.0888	39.1093	39.1817	39.2083	39.1876	39.198	39.2322	39.1985	39.1962	39.1757	39.1977	39.183	39.1112	39.2163	39.2011	39.2205	39.2168	39.2016	39.2109	39.1777	39.2084	39.1952	39.189	38.9901	38.9872	38.9444	38.965	38.9472	38.9627	38.9422	38.8843	38.943	38.9134	38.909	38.9026	38.9005	38.9063	38.8986	38.8968	38.8855	38.8921	38.8689	38.8177	38.8645	38.8556	38.8346	38.8196	38.8024	38.7823	38.7863	38.7917	38.7394	38.7837	38.7838	38.7642	38.7032	38.7426	38.7355	38.6682	38.7203	38.6973	38.6866	38.6639	38.6469	38.5432	38.6225	38.5459	38.5733	38.5412	38.5027	38.4831	38.4594	38.3926	38.3215	38.3463	38.3149	38.2645	38.1852	38.1605	38.1145	38.0491	37.9751	37.9075	37.8094	37.7576	37.6754	37.5906	37.4864	37.3678	37.2513	37.1394	36.9955	36.8234	36.6748	36.5092	36.2843	36.077	35.8668	35.6467	35.3403	35.143	34.8665	34.6296	34.4331	34.2073	34.0501	33.8422	33.6127	33.4567	33.2674	33.1035	32.8818	32.6132	32.3554	32.1596	31.9587	31.7312	31.4267	31.2048	31.0079	30.8082	30.594	30.3741	30.1371	29.9915	29.8599	29.7164	29.7374	29.5659	29.2378	29.0429	29.1231	28.7724	28.7356	28.6344	28.6267	28.5449	28.4338	28.3229	28.1176	28.1799	27.9766	27.8986	27.8848	28.0404	28.303	29.1213	32.4574
Sin-APnd_012-Ex1-5A-lcwgs-1-2.clmp.r1r2_fastp	38.8006	38.9519	39.0167	39.0406	39.1101	39.1395	39.1084	39.1246	39.1623	39.1173	39.1153	39.0938	39.1148	39.1026	39.0299	39.1473	39.1301	39.1492	39.1397	39.123	39.1317	39.0974	39.1307	39.1144	39.1094	38.883	38.8825	38.8373	38.8583	38.8388	38.853	38.831	38.7691	38.8311	38.7989	38.7978	38.7863	38.7865	38.7925	38.7822	38.7796	38.7702	38.7762	38.7528	38.6978	38.7459	38.7353	38.7114	38.6948	38.6757	38.6509	38.6548	38.6604	38.6043	38.652	38.6523	38.6287	38.5626	38.6036	38.5948	38.5167	38.5714	38.5451	38.5282	38.503	38.4866	38.3699	38.4545	38.3687	38.3971	38.3594	38.3199	38.2952	38.2678	38.1968	38.116	38.1397	38.1041	38.0489	37.9642	37.934	37.8777	37.8065	37.7278	37.6525	37.5437	37.488	37.4003	37.3101	37.1961	37.0711	36.948	36.8336	36.6893	36.5074	36.3491	36.1862	35.9587	35.7492	35.5376	35.3177	35.0072	34.8053	34.542	34.3002	34.1133	33.8818	33.737	33.5279	33.2914	33.1413	32.9722	32.8089	32.5937	32.3198	32.044	31.8675	31.6597	31.4544	31.1405	30.9242	30.7317	30.547	30.3407	30.1266	29.8801	29.7385	29.5985	29.4728	29.4967	29.3489	28.9976	28.8183	28.9201	28.5619	28.5092	28.4003	28.3832	28.3253	28.2271	28.1115	27.8951	27.9835	27.7878	27.7254	27.7407	27.9015	28.1766	29.0297	32.418
Sin-APnd_013-Ex1-5B-lcwgs-1-2.clmp.r1r2_fastp	38.8681	39.0181	39.0858	39.1105	39.1796	39.2091	39.1806	39.1909	39.2249	39.1819	39.1839	39.1565	39.1807	39.1656	39.0918	39.2097	39.1923	39.2123	39.2021	39.187	39.1966	39.1635	39.1947	39.177	39.1703	38.9675	38.9668	38.9227	38.9453	38.9267	38.943	38.9189	38.8614	38.9194	38.8891	38.8915	38.8795	38.8785	38.882	38.8763	38.8775	38.8681	38.8756	38.8498	38.8008	38.8462	38.8362	38.8152	38.7995	38.7839	38.7631	38.7688	38.7755	38.7229	38.7661	38.7669	38.7442	38.6845	38.7265	38.7157	38.6473	38.7005	38.6756	38.6625	38.6389	38.6207	38.5168	38.5943	38.5149	38.5421	38.5078	38.4675	38.4468	38.4232	38.3545	38.2815	38.3012	38.2679	38.2164	38.1317	38.1043	38.0499	37.9803	37.9026	37.8282	37.7254	37.6685	37.5835	37.4933	37.383	37.2619	37.1397	37.0261	36.8799	36.7056	36.5574	36.3938	36.169	35.9679	35.7566	35.5412	35.2366	35.0351	34.7774	34.5372	34.3477	34.1247	33.9858	33.7912	33.5553	33.4034	33.2317	33.0666	32.8537	32.5859	32.3179	32.131	31.922	31.71	31.4014	31.1899	30.9857	30.801	30.5838	30.3714	30.1208	29.9903	29.8562	29.7134	29.7388	29.5785	29.2573	29.0651	29.159	28.7991	28.7425	28.6481	28.6401	28.5721	28.4829	28.3532	28.1648	28.1985	28.0021	27.9277	27.9162	28.0639	28.3392	29.1958	32.5202
Sin-APnd_014-Ex1-5C-lcwgs-1-2.clmp.r1r2_fastp	38.8901	39.0254	39.0892	39.1096	39.1758	39.2043	39.176	39.1894	39.2199	39.1743	39.1745	39.1497	39.1735	39.1599	39.0838	39.2048	39.1874	39.2054	39.195	39.1789	39.188	39.1538	39.186	39.17	39.162	38.959	38.959	38.9134	38.9357	38.9148	38.9315	38.9088	38.8468	38.9079	38.8757	38.8734	38.8667	38.8697	38.8739	38.8672	38.8653	38.8541	38.861	38.8386	38.7862	38.8336	38.8247	38.8034	38.7873	38.7699	38.7475	38.7528	38.7583	38.704	38.751	38.7516	38.7268	38.6658	38.7077	38.7006	38.629	38.6812	38.658	38.6437	38.6197	38.6034	38.4952	38.5742	38.4948	38.5213	38.4863	38.4476	38.4257	38.4002	38.3316	38.2591	38.2776	38.2426	38.1926	38.1084	38.0828	38.0297	37.9647	37.8831	37.8081	37.7127	37.6556	37.571	37.4846	37.3732	37.2561	37.133	37.0219	36.8787	36.7016	36.5483	36.3888	36.1662	35.9655	35.7513	35.5321	35.2252	35.0283	34.7627	34.5144	34.3247	34.1065	33.9527	33.735	33.499	33.3436	33.1659	32.9959	32.7739	32.4885	32.2111	32.026	31.8159	31.5896	31.2717	31.0471	30.8447	30.6381	30.4208	30.1918	29.9209	29.7782	29.6419	29.4926	29.4801	29.3175	28.9732	28.778	28.8419	28.4667	28.4095	28.2887	28.2725	28.1926	28.0807	27.9495	27.7387	27.7808	27.5616	27.5037	27.4788	27.6379	27.9563	28.8573	32.3154
Sin-APnd_015-Ex1-5D-lcwgs-1-2.clmp.r1r2_fastp	38.9027	39.037	39.1013	39.1241	39.1896	39.2163	39.1878	39.2018	39.2335	39.1918	39.1925	39.1704	39.191	39.1759	39.1047	39.2211	39.2075	39.2226	39.2144	39.1999	39.2067	39.1744	39.204	39.1897	39.1828	38.9826	38.9805	38.9392	38.9598	38.9409	38.9558	38.935	38.8752	38.9369	38.9023	38.9008	38.8963	38.8919	38.8957	38.8892	38.8887	38.8772	38.8847	38.8611	38.8103	38.8562	38.8455	38.8255	38.8097	38.7927	38.7708	38.7751	38.7806	38.7248	38.7705	38.7707	38.7499	38.6901	38.7283	38.7212	38.6494	38.7039	38.6779	38.6648	38.6407	38.6249	38.5158	38.5982	38.518	38.547	38.5128	38.4755	38.4552	38.4311	38.3624	38.2895	38.315	38.2804	38.2297	38.1461	38.1254	38.0748	38.0099	37.9345	37.8614	37.7644	37.7154	37.6289	37.5436	37.4342	37.3194	37.1975	37.0888	36.9483	36.7768	36.6256	36.4633	36.2428	36.0371	35.8258	35.6083	35.3005	35.0995	34.8349	34.591	34.3901	34.1666	34.0123	33.8056	33.5669	33.4091	33.2251	33.0615	32.8351	32.5664	32.2947	32.1095	31.8955	31.6768	31.3614	31.1388	30.9412	30.7388	30.5245	30.3	30.0438	29.8947	29.7556	29.6172	29.6265	29.4531	29.1291	28.918	28.9993	28.637	28.5836	28.4654	28.4363	28.352	28.2473	28.1136	27.9195	27.9553	27.755	27.6987	27.6884	27.848	28.1397	28.9953	32.4146
Sin-APnd_016-Ex1-5E-lcwgs-1-2.clmp.r1r2_fastp	38.9051	39.0373	39.1025	39.1262	39.1937	39.2213	39.192	39.2041	39.2366	39.1926	39.1915	39.167	39.1884	39.1733	39.1001	39.2201	39.2036	39.2206	39.2101	39.1937	39.205	39.1703	39.2	39.182	39.1732	38.9734	38.9727	38.9294	38.9508	38.9301	38.9453	38.9228	38.861	38.9228	38.8941	38.8909	38.8818	38.8801	38.8844	38.8767	38.8768	38.8654	38.8701	38.8452	38.793	38.8414	38.8301	38.8095	38.7928	38.7737	38.754	38.7577	38.7639	38.7094	38.7538	38.754	38.733	38.6697	38.7102	38.7028	38.6321	38.6856	38.6612	38.646	38.6214	38.6051	38.4985	38.578	38.4998	38.5257	38.4927	38.4529	38.4326	38.4066	38.3372	38.2654	38.2875	38.2533	38.2034	38.1203	38.0905	38.0379	37.972	37.8976	37.8238	37.7213	37.6673	37.5851	37.4908	37.3873	37.2644	37.1434	37.0299	36.8894	36.7145	36.5616	36.3992	36.1744	35.9714	35.7665	35.5451	35.245	35.0458	34.7861	34.5462	34.3533	34.1333	33.9812	33.7731	33.5369	33.3911	33.2101	33.0445	32.8197	32.5522	32.278	32.0925	31.8794	31.6607	31.3556	31.1356	30.9416	30.7429	30.528	30.3068	30.057	29.9014	29.7678	29.6213	29.6454	29.4562	29.1328	28.945	29.0129	28.6493	28.607	28.5003	28.4569	28.4017	28.2882	28.1516	27.9666	27.987	27.801	27.736	27.7168	27.8925	28.1789	29.0616	32.472
Sin-APnd_017-Ex1-5F-lcwgs-1-2.clmp.r1r2_fastp	38.9134	39.0554	39.1211	39.1444	39.2089	39.2347	39.2097	39.2214	39.2533	39.2097	39.2089	39.187	39.2077	39.1937	39.1179	39.2349	39.2204	39.2356	39.2263	39.2096	39.2203	39.1855	39.2148	39.1984	39.1931	38.9967	38.9951	38.9531	38.9744	38.9546	38.9682	38.9484	38.8846	38.946	38.9153	38.9131	38.906	38.9065	38.9141	38.9061	38.9029	38.8923	38.8984	38.8764	38.8232	38.8707	38.8596	38.84	38.824	38.8086	38.785	38.7912	38.7972	38.7419	38.7876	38.7903	38.7662	38.7057	38.7481	38.7402	38.6693	38.7233	38.7005	38.6859	38.6628	38.6495	38.5419	38.6226	38.5467	38.5727	38.539	38.5012	38.4836	38.4597	38.3925	38.3204	38.346	38.3118	38.2641	38.1857	38.1592	38.1077	38.0429	37.9706	37.9028	37.8039	37.7552	37.6718	37.5854	37.4815	37.3641	37.2502	37.138	36.9992	36.8233	36.6759	36.5124	36.2917	36.0895	35.8765	35.6609	35.3593	35.1583	34.8941	34.6541	34.4663	34.2335	34.0747	33.8693	33.6334	33.47	33.2858	33.125	32.8971	32.6229	32.3678	32.1657	31.9629	31.7343	31.4166	31.2013	30.9917	30.7997	30.5817	30.36	30.1091	29.9656	29.8292	29.6821	29.6994	29.5214	29.18	28.9791	29.0629	28.7097	28.6591	28.5667	28.5237	28.4659	28.3271	28.2057	28.0119	28.066	27.8706	27.7981	27.7711	27.9314	28.2135	29.0985	32.4656
Sin-APnd_018-Ex1-5G-lcwgs-1-2.clmp.r1r2_fastp	38.948	39.1058	39.1733	39.1951	39.2601	39.2883	39.264	39.2733	39.3039	39.2659	39.2658	39.2446	39.2661	39.2517	39.1839	39.2918	39.28	39.2971	39.2886	39.2783	39.2838	39.252	39.2806	39.268	39.2603	39.0876	39.0849	39.0451	39.0653	39.0478	39.0631	39.0446	38.9904	39.0464	39.016	39.0136	39.0125	39.0092	39.0162	39.0053	39.0065	38.996	39.003	38.9819	38.9356	38.9803	38.9724	38.954	38.9399	38.9254	38.9056	38.9122	38.9183	38.8658	38.9087	38.9091	38.8916	38.8383	38.8745	38.8674	38.8013	38.8539	38.8314	38.8195	38.7999	38.7815	38.6836	38.7617	38.6867	38.7135	38.68	38.6452	38.627	38.6062	38.5407	38.472	38.4965	38.4647	38.4148	38.3361	38.3135	38.2642	38.2005	38.1258	38.0571	37.9561	37.9004	37.815	37.7306	37.624	37.4993	37.3843	37.2733	37.1248	36.9511	36.7995	36.6299	36.4025	36.195	35.9805	35.7557	35.4494	35.241	34.9771	34.7318	34.5381	34.3048	34.1574	33.9568	33.7202	33.5693	33.3825	33.2204	32.9938	32.7313	32.4786	32.2691	32.0606	31.8334	31.5276	31.306	31.0938	30.8948	30.6782	30.4515	30.2094	30.0723	29.9289	29.7765	29.8032	29.6179	29.2924	29.0829	29.1713	28.8089	28.7589	28.6521	28.6388	28.5716	28.4408	28.3196	28.105	28.153	27.9481	27.9031	27.8912	28.0362	28.3073	29.1693	32.5031
Sin-APnd_019-Ex1-5H-lcwgs-1-2.clmp.r1r2_fastp	38.845	38.9942	39.0621	39.0855	39.1559	39.1834	39.1571	39.1675	39.2017	39.1593	39.1577	39.1338	39.1572	39.1421	39.0683	39.1871	39.1709	39.1875	39.1776	39.1617	39.1713	39.137	39.1694	39.1519	39.1445	38.9333	38.932	38.8863	38.9079	38.8884	38.9027	38.8802	38.8183	38.8809	38.8505	38.8463	38.8364	38.8345	38.8414	38.833	38.8323	38.8193	38.8255	38.8022	38.7463	38.7936	38.7824	38.7613	38.7442	38.7253	38.7018	38.706	38.7115	38.6533	38.6998	38.6997	38.6745	38.6116	38.6509	38.6422	38.5658	38.6219	38.5957	38.5797	38.552	38.5329	38.4218	38.5029	38.4197	38.4448	38.4088	38.3659	38.3426	38.3152	38.2413	38.1659	38.1832	38.1446	38.0922	38.0031	37.9731	37.9178	37.8418	37.7591	37.6821	37.5742	37.5177	37.4254	37.3301	37.2191	37.0907	36.9658	36.8498	36.7004	36.5195	36.3614	36.1985	35.9706	35.7603	35.5498	35.3297	35.018	34.8213	34.5557	34.3115	34.1242	33.9002	33.7545	33.5544	33.3233	33.1638	32.9916	32.838	32.6168	32.3487	32.0774	31.8914	31.6917	31.4757	31.1664	30.9522	30.7591	30.5582	30.3519	30.1267	29.8861	29.7502	29.6212	29.4641	29.4981	29.3436	29.0014	28.8062	28.8893	28.5285	28.4757	28.3824	28.3617	28.2918	28.1786	28.0653	27.8703	27.9149	27.7228	27.6712	27.6592	27.8314	28.1384	28.9986	32.421
Sin-APnd_020-Ex1-6A-lcwgs-1-2.clmp.r1r2_fastp	38.7556	38.8956	38.9541	38.9786	39.0543	39.0841	39.0408	39.0582	39.1013	39.0508	39.0461	39.0213	39.0446	39.0346	38.9511	39.0853	39.0609	39.0829	39.0671	39.0472	39.0611	39.0221	39.0594	39.0387	39.0274	38.7753	38.7761	38.7267	38.7536	38.7275	38.7445	38.7121	38.6432	38.7171	38.6836	38.6833	38.6628	38.6674	38.6725	38.6611	38.6635	38.6471	38.6555	38.6312	38.5708	38.6225	38.61	38.5821	38.5633	38.5405	38.5148	38.5237	38.5329	38.474	38.528	38.5336	38.503	38.43	38.4741	38.4668	38.3883	38.4502	38.4187	38.4028	38.3785	38.3657	38.244	38.3292	38.2462	38.276	38.2383	38.2002	38.1789	38.1511	38.0788	38.0013	38.0264	37.9939	37.9439	37.8595	37.8312	37.7766	37.7086	37.6335	37.5669	37.4664	37.4219	37.3411	37.2512	37.1373	37.0209	36.9043	36.7929	36.6577	36.4761	36.3276	36.1677	35.9503	35.745	35.539	35.3306	35.0226	34.8304	34.566	34.3294	34.1325	33.9056	33.7451	33.5238	33.2803	33.1407	32.9586	32.784	32.5545	32.2792	31.9463	31.79	31.5851	31.3715	31.0462	30.8476	30.6425	30.4306	30.2161	30.0063	29.6986	29.5434	29.3864	29.2613	29.2744	29.1128	28.763	28.5577	28.6333	28.251	28.1827	28.0509	28.0373	27.9683	27.8653	27.7417	27.5329	27.5835	27.3906	27.3286	27.3346	27.4977	27.797	28.7096	32.2504
Sin-APnd_021-Ex1-6B-lcwgs-1-2.clmp.r1r2_fastp	38.7615	38.9432	39.0097	39.0324	39.1135	39.1435	39.107	39.1205	39.1644	39.116	39.1179	39.0885	39.1178	39.1051	39.0284	39.1528	39.1301	39.1505	39.1389	39.1196	39.1334	39.1005	39.1363	39.1152	39.1062	38.8745	38.8752	38.8276	38.8538	38.83	38.8496	38.8206	38.7613	38.8239	38.7911	38.7937	38.7755	38.7745	38.7795	38.7715	38.7776	38.7632	38.7713	38.7467	38.6916	38.7425	38.7259	38.7023	38.6851	38.665	38.6383	38.65	38.657	38.6007	38.651	38.6501	38.621	38.5557	38.5978	38.5879	38.5112	38.572	38.5411	38.5277	38.5017	38.4844	38.3716	38.4522	38.3665	38.3942	38.3575	38.3177	38.2964	38.2698	38.2005	38.1223	38.1462	38.1098	38.06	37.9713	37.9439	37.8884	37.8212	37.7386	37.6709	37.5662	37.5119	37.4296	37.3424	37.2279	37.1078	36.9846	36.8761	36.7333	36.551	36.4049	36.2417	36.0243	35.8185	35.6129	35.3993	35.0953	34.9052	34.6399	34.3967	34.2041	33.9858	33.8364	33.6255	33.3908	33.248	33.0738	32.9165	32.6931	32.429	32.1273	31.9503	31.749	31.5412	31.2367	31.0306	30.84	30.6403	30.4245	30.2206	29.9491	29.8084	29.6692	29.5447	29.5718	29.4131	29.0895	28.8988	28.9702	28.609	28.5534	28.4595	28.4476	28.3836	28.2974	28.1854	27.966	28.0165	27.8307	27.7715	27.7643	27.9023	28.1803	29.0411	32.4115
Sin-APnd_022-Ex1-6C-lcwgs-1-2.clmp.r1r2_fastp	38.7993	39.0026	39.0727	39.0987	39.1743	39.2075	39.1741	39.1836	39.2248	39.182	39.1815	39.1546	39.1847	39.1712	39.0949	39.2157	39.1974	39.2148	39.2038	39.1861	39.1976	39.1664	39.2006	39.18	39.174	38.9672	38.9666	38.923	38.9443	38.9242	38.9397	38.9169	38.8581	38.9186	38.8847	38.8862	38.8737	38.8781	38.8815	38.8765	38.8758	38.8648	38.8732	38.8501	38.8024	38.8507	38.8362	38.8107	38.7954	38.7792	38.7564	38.7633	38.7736	38.7205	38.7659	38.7654	38.7408	38.6791	38.7177	38.7137	38.643	38.6948	38.6693	38.6556	38.632	38.6138	38.5099	38.5857	38.5039	38.5331	38.4951	38.46	38.4382	38.4122	38.3443	38.2709	38.2914	38.2551	38.2075	38.1199	38.0936	38.0405	37.9751	37.894	37.8287	37.721	37.6664	37.5858	37.5007	37.3854	37.2631	37.1486	37.0366	36.8986	36.7125	36.5717	36.4089	36.187	35.9857	35.7679	35.5603	35.2572	35.0592	34.7896	34.5523	34.36	34.1375	33.9831	33.778	33.5389	33.3923	33.2084	33.0366	32.8098	32.5417	32.2503	32.0776	31.8681	31.648	31.3353	31.1171	30.9156	30.7177	30.4893	30.2564	30.008	29.8628	29.7194	29.5693	29.5827	29.4245	29.1022	28.8829	28.9631	28.5951	28.5148	28.425	28.3994	28.3089	28.2255	28.0744	27.889	27.9325	27.7265	27.6602	27.6409	27.7889	28.0584	28.909	32.3189
Sin-APnd_023-Ex1-6D-lcwgs-1-2.clmp.r1r2_fastp	38.6889	38.821	38.9007	38.9336	39.0087	39.0455	39.009	39.0231	39.0567	39.0079	39.0177	38.9867	39.0174	38.9999	38.9185	39.0512	39.0319	39.0524	39.0389	39.0192	39.0319	38.9957	39.0332	39.012	39.0013	38.7276	38.7269	38.6787	38.7027	38.68	38.6979	38.6699	38.5955	38.6743	38.6329	38.6293	38.6189	38.6151	38.6179	38.607	38.6058	38.5911	38.6034	38.5711	38.5093	38.5641	38.547	38.5248	38.4993	38.4769	38.4489	38.4551	38.4591	38.3915	38.4475	38.4439	38.4131	38.3375	38.3839	38.3707	38.2808	38.3475	38.3148	38.2947	38.2665	38.2417	38.1121	38.2039	38.1065	38.1362	38.0935	38.0476	38.0208	37.9896	37.9061	37.8209	37.8458	37.8029	37.7475	37.6482	37.6157	37.5502	37.4732	37.3859	37.3022	37.1905	37.1277	37.0387	36.9364	36.8155	36.6818	36.5468	36.4252	36.2755	36.0933	35.9271	35.7545	35.5142	35.3003	35.0756	34.8511	34.5346	34.3304	34.0556	33.8147	33.6175	33.3783	33.2342	33.023	32.7879	32.6227	32.4489	32.2838	32.0704	31.7873	31.524	31.3384	31.135	30.9176	30.6034	30.3964	30.2089	30.0087	29.8035	29.5778	29.3585	29.2098	29.0656	28.9454	28.9743	28.8222	28.4841	28.2946	28.4036	28.0238	27.9806	27.89	27.8835	27.8036	27.718	27.5988	27.4009	27.4629	27.2787	27.2338	27.2497	27.415	27.7371	28.595	32.1462
Sin-APnd_024-Ex1-6E-lcwgs-1-2.clmp.r1r2_fastp	38.8909	39.0415	39.1183	39.15	39.2151	39.2494	39.2198	39.2301	39.257	39.219	39.2252	39.1967	39.2215	39.2073	39.1372	39.2528	39.2359	39.2552	39.2456	39.2282	39.2395	39.206	39.2387	39.2217	39.2154	39.0199	39.022	38.9776	38.9978	38.98	38.9968	38.9742	38.9168	38.977	38.9495	38.9505	38.9389	38.9368	38.9406	38.9323	38.9325	38.9243	38.9311	38.9078	38.857	38.9047	38.8963	38.8761	38.8593	38.8413	38.8221	38.831	38.8351	38.782	38.8268	38.8271	38.8074	38.749	38.7893	38.78	38.7095	38.7653	38.7405	38.7279	38.7026	38.688	38.5875	38.6635	38.589	38.6168	38.5812	38.5427	38.5264	38.5034	38.4374	38.3729	38.395	38.3627	38.3139	38.2344	38.2122	38.1639	38.0994	38.0289	37.9589	37.8621	37.8089	37.7318	37.6431	37.5411	37.4231	37.303	37.1981	37.0579	36.8852	36.7355	36.5693	36.3382	36.14	35.9305	35.7146	35.4101	35.2046	34.9352	34.694	34.4961	34.2653	34.1155	33.9013	33.6607	33.5063	33.3196	33.155	32.9242	32.656	32.3935	32.1993	31.9964	31.7622	31.4414	31.227	31.0226	30.8151	30.606	30.3873	30.1261	29.9752	29.8454	29.6993	29.7006	29.5271	29.1994	28.994	29.0498	28.7067	28.6564	28.5427	28.5291	28.4478	28.3537	28.2003	28.0222	28.0659	27.8539	27.8055	27.7835	27.9571	28.2006	29.053	32.4218
Sin-APnd_025-Ex1-6F-lcwgs-1-2.clmp.r1r2_fastp	38.978	39.1206	39.1819	39.2011	39.2674	39.2963	39.2687	39.2766	39.3067	39.266	39.2686	39.245	39.2676	39.2535	39.1847	39.2944	39.281	39.2981	39.2905	39.2756	39.2832	39.2519	39.2802	39.265	39.2598	39.0826	39.0812	39.0396	39.0596	39.043	39.0572	39.0395	38.9858	39.0387	39.0102	39.0098	39.0034	39.0036	39.0091	38.9999	38.9993	38.9891	38.9977	38.9763	38.9299	38.9749	38.9657	38.948	38.9325	38.9169	38.8996	38.9071	38.9121	38.8623	38.9063	38.9048	38.887	38.8317	38.8731	38.8639	38.7977	38.8518	38.8311	38.8227	38.7982	38.7834	38.6857	38.7656	38.688	38.7169	38.6854	38.6504	38.6365	38.6166	38.5533	38.4855	38.5119	38.4807	38.4357	38.3613	38.3406	38.2957	38.2392	38.1685	38.1064	38.0131	37.9653	37.8876	37.8067	37.7072	37.5963	37.4822	37.372	37.2356	37.0712	36.9227	36.7624	36.538	36.3394	36.1253	35.9084	35.6014	35.4072	35.1346	34.9022	34.7016	34.4723	34.3226	34.1223	33.8851	33.7284	33.5384	33.3746	33.1409	32.8729	32.6075	32.4205	32.2073	31.9794	31.6493	31.4269	31.2338	31.014	30.7996	30.5756	30.3366	30.1818	30.028	29.8875	29.8776	29.7037	29.3631	29.1748	29.2287	28.8533	28.808	28.6907	28.6676	28.5855	28.4653	28.3353	28.134	28.1508	27.9405	27.8657	27.8779	28.013	28.3087	29.1562	32.4846
Sin-CPnd_013-Ex1-4E-lcwgs-1-2.clmp.r1r2_fastp	38.1376	38.6978	38.9865	39.1196	39.1277	39.2437	39.2608	39.1772	39.3426	39.393	39.2707	39.1969	39.3085	39.2842	39.1884	39.4344	39.3138	39.2554	39.2464	39.2869	39.3201	39.2356	39.3183	39.1897	39.3552	39.1466	39.2185	39.0261	39.1844	39.116	39.1565	39.1187	39.2059	39.099	39.1082	39.1393	39.0291	39.1322	39.1745	39.0354	39.2427	39.036	39.1254	39.1189	39.1134	39.1574	39.105	39.1703	39.0953	39.0588	39.1145	39.0303	39.0566	39.0085	39.0332	39.1013	39.072	39.0251	39.092	39.0042	38.9687	39.0881	38.9976	39.0718	38.9507	39.0488	38.9366	38.9107	38.8908	38.8476	38.9404	38.8192	38.7695	38.7418	38.7595	38.6693	38.7614	38.6908	38.746	38.4941	38.4119	38.6314	38.4571	38.4273	38.5035	38.352	38.1337	37.9889	38.055	37.7378	37.9706	37.5974	37.3755	37.3626	37.0249	37.2154	36.9765	36.6776	36.5263	36.152	35.966	35.6402	35.689	35.0339	34.7695	34.6109	34.2746	34.3382	34.0885	33.5005	33.2403	33.3627	32.6335	32.699	32.3296	31.804	32.0775	31.5377	31.6516	30.7273	30.8881	30.4535	29.7926	29.8736	29.243	29.2416	29.0744	29.292	28.8625	28.7434	28.6169	28.3927	28.0418	28.0025	28.0887	27.8267	27.7711	27.4418	27.5992	27.15	27.0735	27.648	26.8062	27.5498	27.1437	26.9941	26.2384	27.4591	28.1404	31.9493
Sin-CPnd_015-Ex1-4A-lcwgs-1-2.clmp.r1r2_fastp	38.6645	39.0215	39.2303	39.2342	39.3246	39.4192	39.3694	39.346	39.3675	39.3005	39.423	39.3537	39.3863	39.346	39.2836	39.4188	39.3809	39.3955	39.4027	39.4089	39.4456	39.3937	39.3533	39.3974	39.3675	39.2146	39.2587	39.2748	39.2311	39.1939	39.2583	39.2334	39.2246	39.1979	39.1823	39.1657	39.1651	39.215	39.2557	39.1603	39.1399	39.2126	39.2459	39.2271	39.1667	39.1476	39.2242	39.1789	39.188	39.1334	39.0822	39.176	39.1512	39.1495	39.1334	39.2112	39.169	39.0725	39.1134	39.067	39.0216	39.0775	39.0312	39.0092	39.0642	39.0604	38.9784	39.0653	39.0497	39.0241	39.0202	38.9345	39.0151	38.9898	38.9013	38.7813	38.8638	38.8398	38.825	38.7301	38.7074	38.5508	38.6352	38.5551	38.5066	38.4452	38.3762	38.3123	38.1996	38.1546	37.9469	37.8088	37.7298	37.6344	37.392	37.3422	36.9902	36.756	36.6293	36.424	35.939	35.6007	35.4564	35.2211	34.7767	34.6675	34.3442	34.0321	33.8572	33.6097	33.5092	33.2416	33.117	32.7156	32.6635	32.3302	32.1895	31.6851	31.4653	31.2412	30.5844	30.4406	30.5817	30.143	29.6074	29.9237	29.4133	29.7363	29.5356	29.4269	29.0904	28.586	28.6531	28.7381	28.3052	27.8662	28.2351	28.1555	27.9917	27.5538	27.7165	27.302	27.4782	27.433	27.131	27.1149	27.5359	27.6867	28.4439	31.7741
Sin-CPnd_018-Ex1-11A-lcwgs-1-2.clmp.r1r2_fastp	38.6704	39.0552	39.1955	39.2467	39.3271	39.3465	39.3402	39.349	39.3901	39.3554	39.3775	39.3556	39.3588	39.3632	39.2955	39.3983	39.3904	39.3995	39.3959	39.3933	39.403	39.3691	39.4107	39.3991	39.3817	39.2412	39.2457	39.221	39.2234	39.2114	39.2283	39.21	39.1738	39.2201	39.1999	39.1999	39.1992	39.1952	39.1958	39.1905	39.1924	39.1914	39.2115	39.1668	39.1351	39.1888	39.1756	39.1716	39.1452	39.1391	39.126	39.1465	39.148	39.116	39.1419	39.1269	39.131	39.0788	39.1237	39.0922	39.0381	39.1032	39.0714	39.0649	39.0518	39.0332	38.9495	39.035	38.9485	38.9817	38.9554	38.9249	38.9121	38.9083	38.8437	38.7863	38.8013	38.7865	38.7759	38.6725	38.6754	38.6358	38.5776	38.5024	38.4692	38.383	38.2925	38.2658	38.2064	38.0593	37.9468	37.8511	37.7445	37.6203	37.4273	37.2461	37.0315	36.8163	36.5841	36.3787	36.1098	35.7597	35.513	35.3144	34.9875	34.7253	34.4705	34.2874	34.1099	33.7889	33.5948	33.4084	33.2653	32.9401	32.749	32.4105	32.2754	32.0947	31.7715	31.3576	31.1469	30.9536	30.6844	30.4672	30.3207	30.0311	29.8458	29.7428	29.5139	29.5116	29.2819	28.9885	28.7963	28.9407	28.5493	28.497	28.3495	28.4676	28.2889	28.0996	27.994	27.8493	27.9272	27.8075	27.6217	27.5095	27.6158	27.8762	28.6022	31.9303
Sin-CPnd_019-Ex1-1H-lcwgs-1-2.clmp.r1r2_fastp	38.9711	39.1177	39.2339	39.2783	39.3226	39.3565	39.334	39.3674	39.3754	39.3237	39.3685	39.3532	39.3747	39.3663	39.2618	39.3972	39.3849	39.398	39.3988	39.3926	39.38	39.3554	39.3966	39.4004	39.4236	39.2683	39.258	39.1971	39.2332	39.2236	39.2527	39.2435	39.2075	39.2387	39.2383	39.1972	39.2094	39.2113	39.1974	39.1948	39.2016	39.198	39.2142	39.2264	39.1967	39.1958	39.1989	39.1735	39.1641	39.1806	39.1519	39.1383	39.1805	39.0981	39.147	39.1624	39.1413	39.1059	39.1399	39.1355	39.0693	39.1528	39.1136	39.1236	39.1085	39.0729	39.0071	39.08	39.0149	39.0451	39.0366	38.9745	38.9648	39.0133	38.8976	38.8334	38.9112	38.8461	38.8122	38.7596	38.7715	38.7274	38.6996	38.616	38.5762	38.4853	38.451	38.3609	38.2775	38.204	38.054	37.9953	37.8651	37.7226	37.5303	37.4721	37.2583	36.9882	36.805	36.5436	36.2963	35.9262	35.6998	35.419	35.1167	34.7582	34.6087	34.4522	34.1719	34.0419	33.805	33.5493	33.4006	33.1354	32.8578	32.7841	32.368	32.0832	31.755	31.7072	31.3586	31.1424	30.9453	30.7276	30.4397	30.3301	30.1099	29.8191	29.9245	29.8504	29.6728	29.1301	29.1916	29.1668	28.7181	28.642	28.7914	28.849	28.5967	28.429	28.2629	28.1639	27.911	27.8142	27.9058	27.7116	27.8615	27.9936	28.8228	32.2436
Sin-CPnd_020-Ex1-12E-lcwgs-1-2.clmp.r1r2_fastp	38.8965	39.1095	39.2354	39.2547	39.3315	39.3542	39.3454	39.3452	39.3754	39.361	39.3614	39.3486	39.3557	39.3525	39.2966	39.3842	39.3935	39.3881	39.4017	39.3791	39.3876	39.3575	39.3942	39.3778	39.3668	39.2477	39.2296	39.1919	39.2198	39.1995	39.2243	39.2105	39.1621	39.1987	39.172	39.1818	39.1715	39.1822	39.1869	39.1809	39.177	39.1876	39.1832	39.1489	39.1015	39.1683	39.1659	39.1565	39.129	39.1323	39.1243	39.1226	39.1134	39.0755	39.1224	39.1097	39.106	39.0568	39.0951	39.0857	39.0395	39.0764	39.0634	39.0508	39.0475	39.0259	38.9144	39.0196	38.9442	38.9811	38.9448	38.9191	38.9113	38.8751	38.8509	38.8027	38.81	38.7861	38.768	38.6895	38.674	38.6256	38.5979	38.5121	38.4413	38.3768	38.326	38.283	38.1906	38.0861	38.0199	37.8894	37.7489	37.6556	37.4845	37.3134	37.1624	36.9613	36.7074	36.4716	36.2371	35.9531	35.6898	35.3903	35.1473	34.951	34.6508	34.4864	34.305	34.0899	33.8496	33.6648	33.4936	33.2657	32.94	32.7529	32.547	32.2651	32.0556	31.7427	31.454	31.2486	31.0553	30.878	30.6218	30.4002	30.274	30.1699	30.0486	29.9498	29.7716	29.5179	29.2841	29.4582	29.0146	29.0308	28.9413	28.947	28.7976	28.6915	28.6404	28.3786	28.5433	28.2281	28.2205	28.1993	28.3096	28.4545	29.1928	32.5337
Sin-CPnd_021-Ex1-3D-lcwgs-1-2.clmp.r1r2_fastp	38.7612	39.1902	39.352	39.3706	39.3788	39.4813	39.411	39.3951	39.4968	39.4355	39.4596	39.4428	39.4512	39.4119	39.3261	39.4518	39.4668	39.48	39.5222	39.4836	39.4736	39.4675	39.3997	39.4895	39.4641	39.3629	39.3125	39.2926	39.328	39.3647	39.3815	39.3452	39.2601	39.331	39.3545	39.3221	39.3103	39.2727	39.3439	39.3267	39.2404	39.2901	39.3144	39.2895	39.2254	39.2479	39.3019	39.3194	39.2555	39.2134	39.255	39.2369	39.3617	39.2627	39.2798	39.2481	39.2751	39.2516	39.2308	39.3116	39.1269	39.1539	39.1903	39.2273	39.1758	39.2594	39.0358	39.2331	39.08	39.1842	39.1698	39.2038	39.0271	39.209	39.1253	39.0758	39.0391	38.9713	39.0233	38.8847	38.8102	38.9073	38.8788	38.7532	38.5352	38.5066	38.5444	38.4657	38.3937	38.3899	38.1428	38.2264	37.9278	38.0698	37.4981	37.5051	37.4702	37.0842	36.8726	36.5716	36.3666	35.9194	35.529	35.1943	35.0938	34.7848	34.7333	34.6435	34.0298	34.0114	33.6775	33.6004	33.2358	32.951	32.4907	32.1678	32.181	31.5336	31.5125	31.1386	30.3078	30.4388	30.6458	30.1548	29.9073	29.6609	29.8746	29.759	29.1251	29.2791	28.9611	28.5788	28.4887	28.2482	28.2037	27.9211	27.76	27.8392	28.0507	27.3315	27.7612	27.9252	27.1977	27.1542	26.794	27.1585	27.425	27.5054	28.586	32.1383
Sin-CPnd_022-Ex1-1D-lcwgs-1-2.clmp.r1r2_fastp	38.3762	38.8071	38.9982	39.0831	39.2087	39.2434	39.2126	39.24	39.2854	39.2291	39.282	39.2266	39.2644	39.2399	39.2218	39.2911	39.2966	39.3289	39.3109	39.3125	39.3234	39.3004	39.295	39.3444	39.316	39.1776	39.124	39.1013	39.1257	39.1175	39.146	39.1306	39.0957	39.1651	39.1233	39.1086	39.1087	39.1322	39.0756	39.0644	39.1083	39.0776	39.1468	39.1402	39.0381	39.1442	39.0786	39.1016	39.0684	39.064	39.079	39.069	39.0818	39.0161	39.0548	39.0655	39.0489	38.9603	39.0541	39.075	38.9899	39.0168	39.0171	38.9968	39.0374	39.0064	38.9049	38.9859	38.9011	38.9245	38.944	38.919	38.8945	38.8799	38.7926	38.7416	38.7839	38.778	38.7143	38.652	38.6745	38.6055	38.5322	38.4589	38.4476	38.3108	38.2571	38.2158	38.1007	38.0229	37.9262	37.7592	37.6078	37.4507	37.3322	37.1123	36.932	36.6273	36.4488	36.1899	35.8757	35.5481	35.2676	34.9558	34.6344	34.4172	34.2489	33.9265	33.8026	33.4881	33.2951	33.0317	32.9619	32.5809	32.3836	32.0555	31.8556	31.6181	31.2151	30.952	30.7571	30.4106	30.2818	29.9121	29.8006	29.5044	29.3942	29.2839	29.0117	29.0542	28.9899	28.6021	28.2806	28.406	28.0983	27.9105	27.9579	27.9274	27.8652	27.749	27.5638	27.449	27.3845	27.2343	27.169	27.2052	27.2603	27.4456	28.3258	31.8672
Sin-CPnd_023-Ex1-12B-lcwgs-1-2.clmp.r1r2_fastp	38.8201	39.1124	39.2138	39.2635	39.3438	39.3706	39.3418	39.3507	39.403	39.3535	39.361	39.3542	39.3719	39.3607	39.3024	39.3846	39.373	39.3998	39.3893	39.391	39.3931	39.3651	39.3982	39.3941	39.3801	39.2164	39.2404	39.1894	39.2262	39.1998	39.2207	39.2007	39.1596	39.2135	39.1851	39.1938	39.2004	39.1826	39.1874	39.1724	39.1768	39.1744	39.1903	39.1668	39.1336	39.1627	39.1639	39.1424	39.1325	39.1262	39.1139	39.1175	39.1167	39.0714	39.0981	39.1198	39.101	39.0555	39.0853	39.0736	39.0158	39.0712	39.0542	39.0512	39.0381	39.031	38.9313	38.9914	38.9091	38.9655	38.9373	38.9114	38.8959	38.8612	38.823	38.793	38.7942	38.7866	38.6937	38.6614	38.6633	38.6137	38.5723	38.5027	38.4321	38.3408	38.2841	38.2402	38.1651	38.0413	37.968	37.832	37.7315	37.6076	37.4368	37.3032	37.1237	36.8553	36.6778	36.4215	36.1534	35.8836	35.645	35.3974	35.0841	34.9086	34.6409	34.4981	34.2771	33.9484	33.7844	33.6103	33.4129	33.1488	32.8873	32.6493	32.4746	32.1531	31.887	31.5889	31.3254	31.1277	30.8665	30.6884	30.4251	30.1416	30.0152	29.901	29.8081	29.7831	29.5137	29.2633	28.975	29.0997	28.6694	28.6391	28.5792	28.4688	28.5982	28.3214	28.2286	28.1215	28.0447	27.7791	27.8854	27.831	27.816	28.0529	28.9312	32.1665
Sin-CPnd_024-Ex1-12C-lcwgs-1-2.clmp.r1r2_fastp	38.8181	39.0906	39.2024	39.2516	39.3308	39.3691	39.371	39.3479	39.3688	39.3502	39.3511	39.3394	39.3628	39.3383	39.294	39.3883	39.3789	39.3931	39.3772	39.3726	39.3815	39.3461	39.3721	39.3722	39.3671	39.2393	39.2125	39.1977	39.2096	39.1999	39.216	39.1871	39.1417	39.1917	39.1656	39.1696	39.1645	39.163	39.1796	39.1897	39.1779	39.1712	39.1735	39.1696	39.116	39.1686	39.1521	39.1122	39.1116	39.1119	39.0923	39.1034	39.1202	39.0566	39.1145	39.1044	39.072	39.0358	39.0699	39.0592	39.0308	39.0803	39.0441	39.0437	39.0234	39.0262	38.9399	38.9991	38.9402	38.9852	38.9179	38.9018	38.9041	38.9014	38.801	38.7421	38.8028	38.7643	38.7065	38.6555	38.6034	38.593	38.5383	38.4664	38.4145	38.36	38.2507	38.2276	38.1633	38.023	37.9024	37.8272	37.7084	37.5486	37.4056	37.2638	37.1012	36.8385	36.6455	36.4253	36.1185	35.8925	35.6146	35.33	35.1013	34.8537	34.6393	34.3999	34.1617	34.0109	33.902	33.5554	33.4425	33.2601	32.9602	32.6778	32.5121	32.2198	31.91	31.5325	31.2963	31.1925	30.903	30.6323	30.4719	30.2122	29.955	29.9871	29.7845	29.6648	29.5826	29.1873	29.1844	28.9708	28.6843	28.671	28.5907	28.549	28.3851	28.2942	28.1587	28.0973	27.9769	27.8723	27.6948	27.8891	27.95	28.0651	28.8105	32.0191
Sin-CPnd_025-Ex1-3B-lcwgs-1-2.clmp.r1r2_fastp	38.592	39.0604	39.1941	39.2286	39.3156	39.3467	39.3634	39.3929	39.4236	39.3624	39.3931	39.3545	39.3828	39.3861	39.283	39.4283	39.3947	39.4306	39.4292	39.3852	39.4403	39.3906	39.3758	39.3953	39.4196	39.2989	39.2893	39.2799	39.2523	39.2023	39.2483	39.2558	39.2465	39.2645	39.2357	39.2439	39.2682	39.2351	39.1945	39.2331	39.2734	39.2537	39.2412	39.2396	39.1819	39.2264	39.225	39.2514	39.1918	39.2205	39.2056	39.1809	39.1986	39.1367	39.1599	39.175	39.1812	39.1259	39.1525	39.1703	39.1123	39.1055	39.1215	39.087	39.0871	39.0405	38.9561	39.1118	39.0388	39.057	39.0132	38.9644	38.9803	38.9129	38.8769	38.8219	38.8143	38.844	38.8433	38.7143	38.6665	38.666	38.5335	38.6009	38.4161	38.4022	38.293	38.2471	38.1194	38.0344	37.9236	37.8704	37.7738	37.5053	37.4773	37.1681	37.0496	36.6986	36.4527	36.2836	35.9667	35.5826	35.2765	35.0738	34.794	34.6491	34.2597	33.9976	34.057	33.6212	33.4459	33.0427	32.9833	32.8073	32.4187	32.2257	31.8809	32.0556	31.5711	30.9625	30.9515	30.7864	30.2919	30.1088	29.8327	29.805	29.6216	29.5703	29.2931	29.3184	29.0983	28.4597	28.611	28.6087	28.3255	28.2606	28.0893	27.9903	28.0394	27.9382	28.2527	27.445	27.6571	27.4875	27.651	27.306	27.7018	27.8055	28.4039	32.0364
Sin-CPnd_028-Ex1-12H-lcwgs-1-2.clmp.r1r2_fastp	38.7167	39.0324	39.1703	39.2218	39.2895	39.3294	39.3167	39.3165	39.3667	39.3386	39.3434	39.3095	39.3408	39.3347	39.2875	39.3752	39.347	39.3797	39.3896	39.3737	39.3812	39.3494	39.3774	39.3619	39.3592	39.2263	39.2237	39.1956	39.2177	39.1866	39.2012	39.1884	39.1664	39.1911	39.1566	39.1741	39.1744	39.1631	39.1765	39.1703	39.1662	39.1725	39.1728	39.1382	39.1035	39.148	39.1523	39.1238	39.1276	39.1107	39.0911	39.0972	39.1133	39.0734	39.1092	39.0957	39.0838	39.0546	39.0707	39.0745	39.0114	39.0647	39.0478	39.0289	39.0142	39.0074	38.9273	38.989	38.9348	38.9535	38.9342	38.9018	38.8774	38.8658	38.8066	38.7504	38.7864	38.7627	38.7267	38.6369	38.6462	38.5995	38.5622	38.4737	38.4316	38.329	38.2771	38.2148	38.1307	38.0056	37.9187	37.7926	37.6809	37.5243	37.3537	37.165	37.0108	36.7387	36.5673	36.2878	36.0352	35.7378	35.4542	35.1942	34.9156	34.7204	34.4911	34.2524	34.0291	33.8511	33.6224	33.4182	33.2471	32.9415	32.7195	32.5054	32.2448	31.9981	31.7226	31.4156	31.2089	30.9196	30.7805	30.5601	30.2352	30.0662	29.969	29.7807	29.651	29.6697	29.4966	29.1457	28.9926	28.9878	28.701	28.6806	28.5957	28.6017	28.5137	28.3692	28.2826	28.0503	28.1056	27.9086	27.8527	27.7863	27.91	28.1215	28.895	32.261
Sin-CPnd_029-Ex1-4D-lcwgs-1-2.clmp.r1r2_fastp	38.933	39.1994	39.3137	39.2608	39.4213	39.4148	39.3439	39.3943	39.4235	39.3731	39.4254	39.4038	39.3429	39.3864	39.2771	39.4004	39.4508	39.4774	39.4209	39.3534	39.4141	39.3674	39.4133	39.3336	39.3682	39.3135	39.268	39.2859	39.2096	39.2495	39.2491	39.2449	39.1715	39.2308	39.2125	39.2218	39.2578	39.2237	39.1599	39.2831	39.209	39.1699	39.1913	39.1618	39.2023	39.1422	39.2552	39.2509	39.215	39.1586	39.153	39.0887	39.2019	39.0794	39.1933	39.1534	39.121	38.998	39.1058	39.1329	39.0246	39.1269	39.0708	39.0786	39.0582	39.0207	38.9236	39.0377	38.9545	39.0509	38.9897	39.0578	39.0719	38.9472	38.9344	38.7771	38.932	38.8113	38.7608	38.8077	38.8224	38.7057	38.6568	38.5971	38.5946	38.503	38.4186	38.2616	38.2076	38.2907	38.1106	37.7708	37.8446	37.5923	37.4276	37.2891	37.313	37.028	36.7822	36.5451	36.3081	35.9525	35.6325	35.2025	35.1537	34.7385	34.5497	34.5491	34.0579	33.6817	33.5397	33.1639	33.3575	33.1521	32.9655	32.5462	32.1587	31.971	31.9469	31.503	30.9967	31.0062	30.8555	30.503	29.7316	29.8261	29.8022	29.5553	29.4332	29.2866	29.0999	28.417	28.3756	28.6831	27.8496	27.749	28.0129	28.4656	28.0419	27.2633	27.2388	27.3411	27.6713	27.3805	26.8516	27.783	27.2882	27.2287	28.415	31.6379
Sin-CPnd_031-Ex1-3G-lcwgs-1-2.clmp.r1r2_fastp	38.7135	39.0473	39.1427	39.2588	39.2847	39.3391	39.354	39.3135	39.3511	39.3746	39.338	39.371	39.3721	39.3678	39.3302	39.4353	39.4229	39.43	39.4378	39.4332	39.4144	39.4094	39.4769	39.4016	39.452	39.3306	39.3277	39.257	39.2869	39.2407	39.2634	39.2322	39.1698	39.2137	39.2858	39.2664	39.2283	39.2929	39.2744	39.2551	39.217	39.1836	39.2716	39.2482	39.1968	39.2655	39.2745	39.24	39.192	39.1615	39.1606	39.2045	39.2571	39.1375	39.2042	39.1699	39.1778	39.1333	39.138	39.1551	39.1282	39.122	39.1483	39.1115	39.1298	39.0846	38.9442	39.1258	39.0074	39.1167	39.0991	39.0098	38.991	38.9806	38.8874	38.8925	38.8599	38.8189	38.7702	38.69	38.7423	38.6257	38.5669	38.5783	38.4723	38.3108	38.4064	38.284	38.057	37.9548	37.941	37.817	37.6455	37.5441	37.4422	37.254	37.0562	36.7003	36.3987	36.2243	35.9161	35.6505	35.4094	35.1288	34.9002	34.4597	34.3227	34.2082	33.8965	33.6274	33.245	33.3313	32.9404	32.7956	32.5515	32.1575	32.046	32.0172	31.6213	31.294	31.034	30.7528	30.4564	30.4331	29.8545	29.9747	29.6695	29.8072	29.2601	29.391	29.1981	28.9635	28.7017	29.01	28.5068	28.6431	28.4896	28.0635	28.4859	28.3365	28.1424	27.76	28.2493	27.6919	27.9632	27.6636	27.8533	28.2057	28.9709	32.0577
Sin-CPnd_032-Ex1-3E-lcwgs-1-2.clmp.r1r2_fastp	38.4112	38.8649	39.0272	39.0946	39.1542	39.2437	39.2314	39.2575	39.3318	39.2945	39.3019	39.2889	39.3058	39.3098	39.2159	39.2904	39.3157	39.3402	39.3259	39.366	39.3384	39.3927	39.3612	39.316	39.3277	39.1781	39.1983	39.164	39.1523	39.1945	39.1864	39.1578	39.1104	39.1726	39.1667	39.1722	39.1208	39.1329	39.1208	39.1736	39.1406	39.1497	39.1877	39.1905	39.0795	39.1049	39.1384	39.1335	39.0994	39.0867	39.0919	39.1196	39.0967	39.0588	39.0935	39.0807	39.058	38.9707	39.0905	39.0745	38.947	39.0887	39.083	39.0016	39.0126	39.0158	38.9239	38.9945	38.9215	38.9586	38.9514	38.9199	38.8406	38.9094	38.8067	38.7339	38.8114	38.7622	38.7511	38.6364	38.6635	38.591	38.5872	38.4862	38.4655	38.3684	38.233	38.1878	38.1092	37.9922	37.8559	37.7562	37.6682	37.453	37.3393	37.0899	36.9433	36.6358	36.4938	36.2052	35.9263	35.5607	35.4143	34.8854	34.6158	34.601	34.1892	33.8907	33.7839	33.5033	33.488	33.1316	33.0376	32.8356	32.5373	32.4129	32.0575	31.8023	31.5603	31.1356	31.0027	30.5961	30.521	30.2273	30.0907	29.7673	29.6509	29.4375	29.3228	29.1988	28.9986	28.7346	28.4804	28.7542	28.3008	28.2204	28.0137	28.2022	28.1614	28.0185	27.7148	27.5756	27.6994	27.3769	27.4579	27.3178	27.2131	27.7399	28.3388	31.8823
Sin-CPnd_033-Ex1-1B-lcwgs-1-2.clmp.r1r2_fastp	38.7141	39.0462	39.138	39.2051	39.3661	39.244	39.3217	39.3853	39.4277	39.3449	39.3692	39.3278	39.3359	39.4267	39.2152	39.4206	39.3671	39.4388	39.4348	39.3591	39.46	39.4025	39.2894	39.3742	39.4136	39.2309	39.1885	39.3086	39.2319	39.1441	39.2349	39.3348	39.3172	39.1303	39.2215	39.308	39.3692	39.313	39.2989	39.2934	39.3244	39.2674	39.3242	39.346	39.2649	39.3208	39.2506	39.3056	39.2231	39.1424	39.1877	39.1393	39.1662	39.0718	39.1912	39.2412	39.0857	39.2535	39.0439	39.224	39.0882	39.1924	39.2191	39.1682	39.2812	38.9375	39.1586	39.3368	39.175	39.1702	39.0765	39.1657	39.0446	38.9749	38.8095	38.8764	38.8594	38.819	38.8912	38.8294	38.6531	38.6762	38.6682	38.4791	38.4561	38.4573	38.2994	38.2354	38.2972	38.1314	38.2222	37.9734	37.9057	37.7089	37.4127	37.5682	37.126	37.0841	36.6567	36.5876	35.793	35.6956	35.4511	34.6604	34.6718	35.0579	34.4258	34.2911	33.8974	34.1498	33.6036	33.5935	33.3905	32.9268	32.4478	32.5186	31.5942	31.8482	31.2465	30.8017	31.4686	30.4314	29.9633	29.605	30.2468	29.588	29.911	29.2308	28.8817	28.0074	28.0748	27.8488	28.6773	27.6967	27.2902	27.5983	27.9385	27.8468	28.3611	27.0094	27.3786	27.0716	27.7286	27.8549	27.1029	27.427	27.6333	27.8114	27.8909	31.3463
Sin-CPnd_034-Ex1-3C-lcwgs-1-2.clmp.r1r2_fastp	38.8308	39.1308	39.2325	39.2188	39.3285	39.3246	39.3507	39.3693	39.39	39.3534	39.3401	39.3171	39.3528	39.3919	39.2713	39.4122	39.3845	39.4074	39.4099	39.3387	39.4356	39.3836	39.4377	39.3318	39.3623	39.2457	39.2637	39.2121	39.3142	39.2306	39.2908	39.2121	39.1638	39.2429	39.2493	39.2057	39.2015	39.2055	39.2404	39.1603	39.2117	39.2032	39.2668	39.2029	39.1364	39.1489	39.2219	39.2317	39.1619	39.168	39.1578	39.1827	39.1898	39.2197	39.1614	39.162	39.1247	39.1398	39.2317	39.1133	39.1031	39.1328	39.169	39.1219	39.0833	39.0843	39.0439	39.0639	39.0264	39.0545	39.0556	38.9525	38.9749	38.9577	38.921	38.8177	38.9243	38.9001	38.8631	38.7929	38.7605	38.7854	38.7107	38.6527	38.5394	38.4936	38.4596	38.3999	38.382	38.1883	38.1163	37.9492	37.9169	37.7505	37.6211	37.3723	37.3419	36.9534	36.6823	36.469	36.2052	35.8917	35.5907	35.3927	34.9648	34.8561	34.679	34.3725	34.142	33.9053	33.8118	33.5824	33.2826	33.1885	32.7831	32.5154	32.2371	32.1428	32.1195	31.3734	31.2616	31.3012	31.2492	30.5999	30.3846	30.342	30.1635	29.917	29.5864	29.857	29.7383	29.3917	29.214	29.2521	28.7992	28.7569	28.4	28.4846	28.6578	28.8012	28.2513	28.275	28.3629	28.2653	28.1376	28.0506	28.1008	28.284	28.9001	32.1768
Sin-CPnd_035-Ex1-12D-lcwgs-1-2.clmp.r1r2_fastp	38.818	39.0934	39.2141	39.255	39.3388	39.3561	39.3538	39.3453	39.3836	39.3501	39.3637	39.3361	39.3547	39.353	39.2984	39.3867	39.3861	39.4026	39.3932	39.3876	39.3917	39.3588	39.388	39.3857	39.3918	39.2536	39.2512	39.2079	39.2263	39.2168	39.2343	39.2156	39.1938	39.2339	39.1953	39.197	39.1932	39.1934	39.2088	39.1947	39.1978	39.1965	39.1998	39.186	39.135	39.1695	39.1879	39.164	39.1481	39.1523	39.1254	39.1115	39.1378	39.091	39.1505	39.1297	39.1124	39.0765	39.1043	39.1053	39.0627	39.096	39.0885	39.0583	39.0555	39.044	38.9597	39.0304	38.9724	38.9954	38.9898	38.9438	38.9435	38.9176	38.868	38.7968	38.8405	38.8142	38.7558	38.7039	38.6901	38.6514	38.6152	38.5589	38.4888	38.4116	38.3201	38.3008	38.1952	38.1361	38.0056	37.9008	37.7646	37.652	37.4719	37.33	37.1337	36.9126	36.7049	36.4801	36.1967	35.9121	35.6842	35.3828	35.1218	34.9015	34.6266	34.4598	34.2668	34.08	33.8489	33.6186	33.4754	33.2385	32.9355	32.7007	32.5189	32.2511	32.0112	31.6778	31.5121	31.2039	31.093	30.769	30.5828	30.3721	30.242	30.0951	29.9423	29.954	29.7656	29.534	29.2471	29.3631	29.0272	29.0128	28.9913	28.9276	28.817	28.7694	28.538	28.3682	28.5101	28.2894	28.1819	28.3179	28.3411	28.5188	29.2273	32.5115
Sin-CPnd_038-Ex1-11C-lcwgs-1-2.clmp.r1r2_fastp	38.6122	39.0304	39.1575	39.2148	39.3137	39.3444	39.3223	39.3414	39.3735	39.3417	39.3634	39.334	39.3634	39.361	39.2845	39.396	39.3851	39.4002	39.4097	39.3883	39.3825	39.3693	39.3998	39.3935	39.3952	39.254	39.2505	39.1962	39.2143	39.2169	39.226	39.2157	39.1648	39.2146	39.1929	39.1891	39.2051	39.1836	39.2045	39.1846	39.2007	39.1903	39.1991	39.1855	39.1311	39.1868	39.1776	39.1621	39.1611	39.142	39.1328	39.1447	39.1521	39.1128	39.1387	39.1351	39.115	39.0935	39.122	39.1096	39.061	39.1104	39.0925	39.0809	39.0578	39.0312	38.9587	39.0479	38.9579	39.0041	38.9637	38.9361	38.9322	38.9032	38.8587	38.8004	38.8378	38.8045	38.7703	38.6936	38.6955	38.6425	38.5698	38.5288	38.4582	38.369	38.3299	38.2651	38.1638	38.0622	37.9478	37.8206	37.714	37.5491	37.371	37.2114	37.0422	36.7861	36.5405	36.3052	36.043	35.7126	35.4913	35.1419	34.9153	34.6815	34.4117	34.2529	33.9644	33.7772	33.6054	33.3704	33.2319	32.9712	32.675	32.4094	32.1745	32.0114	31.6482	31.349	31.1309	30.8746	30.7014	30.4031	30.1687	29.9382	29.8008	29.6954	29.4568	29.5394	29.2819	28.9828	28.7375	28.9139	28.5451	28.4173	28.4076	28.3062	28.237	28.1137	28.0305	27.7697	27.927	27.6679	27.6378	27.5923	27.6916	27.9165	28.7471	32.0693
Sin-CPnd_039-Ex1-10F-lcwgs-1-2.clmp.r1r2_fastp	38.8007	39.0788	39.1939	39.2314	39.3273	39.3526	39.3311	39.35	39.3785	39.3484	39.351	39.3434	39.3662	39.3467	39.2984	39.3738	39.3837	39.3915	39.3944	39.3963	39.3926	39.3502	39.3812	39.3875	39.3896	39.2449	39.2357	39.2134	39.2218	39.2162	39.2397	39.2235	39.1894	39.2345	39.1922	39.2035	39.1938	39.1909	39.2051	39.1915	39.1914	39.1856	39.1875	39.1887	39.1431	39.1936	39.1841	39.1639	39.1619	39.1455	39.1269	39.1424	39.1404	39.0978	39.1237	39.1542	39.1148	39.0735	39.1157	39.1129	39.0574	39.1134	39.0861	39.0912	39.0528	39.0384	38.964	39.0313	38.9701	38.9813	38.975	38.9537	38.9307	38.9288	38.8444	38.7948	38.8295	38.7805	38.7535	38.6783	38.6706	38.6306	38.5703	38.5197	38.4593	38.3755	38.3363	38.2321	38.1717	38.0929	37.9679	37.843	37.742	37.6047	37.4204	37.2344	37.0331	36.8264	36.6189	36.3784	36.1284	35.7608	35.5285	35.2073	34.958	34.7348	34.449	34.2694	34.0228	33.765	33.588	33.3783	33.1901	32.948	32.6797	32.3892	32.2458	31.9313	31.6986	31.3667	31.0795	30.9149	30.6453	30.3733	30.2002	29.9341	29.7259	29.671	29.4457	29.5105	29.2409	29.0013	28.7324	28.9149	28.4206	28.4097	28.3275	28.3051	28.2248	28.1004	27.8934	27.7653	27.8442	27.5778	27.5977	27.5099	27.6939	27.8535	28.6029	31.9645
Sin-CPnd_040-Ex1-11E-lcwgs-1-2.clmp.r1r2_fastp	38.6628	39.0572	39.1993	39.2436	39.3399	39.3811	39.3693	39.3738	39.4007	39.3728	39.3702	39.3697	39.4001	39.3801	39.3294	39.4222	39.4115	39.4106	39.4313	39.4208	39.4229	39.3944	39.425	39.4162	39.4108	39.277	39.2827	39.2455	39.2663	39.2426	39.2651	39.2445	39.2054	39.2499	39.2251	39.2421	39.2391	39.215	39.2335	39.226	39.2381	39.2313	39.2458	39.2315	39.1736	39.2196	39.2063	39.1999	39.1802	39.1785	39.1656	39.1786	39.1768	39.1517	39.1723	39.1786	39.1473	39.1194	39.1452	39.1412	39.095	39.1377	39.1114	39.115	39.0871	39.0902	38.9925	39.0632	38.9992	39.0293	38.9912	38.9901	38.9825	38.9541	38.9089	38.8273	38.8918	38.8499	38.7887	38.7651	38.7361	38.694	38.6406	38.5832	38.5116	38.4213	38.3709	38.3004	38.235	38.1304	38.0238	37.9206	37.7718	37.6141	37.4811	37.2834	37.1309	36.886	36.6339	36.3672	36.1753	35.8135	35.5637	35.252	35.0121	34.7144	34.4765	34.357	34.1081	33.8112	33.7104	33.5025	33.2839	33.0448	32.807	32.5056	32.2802	32.0953	31.767	31.3971	31.2437	30.916	30.7628	30.5131	30.3009	30.0875	29.9407	29.7858	29.6591	29.59	29.4362	29.0915	28.942	28.9829	28.6808	28.57	28.5152	28.5026	28.4078	28.28	28.1765	28.038	28.0452	27.7838	27.7558	27.6531	27.8634	28.045	28.8426	32.0742
Sin-CPnd_042-Ex1-10D-lcwgs-1-2.clmp.r1r2_fastp	38.8537	39.1361	39.2417	39.2843	39.3412	39.3938	39.3809	39.3761	39.4004	39.3668	39.3908	39.3675	39.3751	39.3554	39.3116	39.4134	39.4086	39.4111	39.4138	39.4094	39.4009	39.3778	39.4147	39.3891	39.4131	39.2707	39.2679	39.2321	39.2579	39.2412	39.2542	39.2609	39.198	39.2623	39.2258	39.2109	39.2352	39.2197	39.2324	39.2106	39.2229	39.2148	39.2144	39.2002	39.1735	39.2098	39.2042	39.2036	39.1816	39.1716	39.1712	39.1537	39.1594	39.1137	39.1408	39.1625	39.1441	39.1017	39.1391	39.1293	39.0883	39.1151	39.0831	39.0854	39.0759	39.0706	38.9945	39.0354	38.9845	38.9953	39.0076	38.9646	38.964	38.9443	38.8777	38.8212	38.8585	38.8252	38.7686	38.721	38.6788	38.691	38.6164	38.5158	38.4913	38.392	38.3432	38.2903	38.21	38.0677	38.0027	37.884	37.7292	37.6263	37.4558	37.321	37.1369	36.9021	36.6943	36.4563	36.2693	35.8836	35.7596	35.3475	35.1217	34.872	34.6233	34.4542	34.2994	34.0035	33.8292	33.5996	33.4239	33.2077	32.9231	32.6035	32.3645	32.0971	31.855	31.5933	31.3291	31.0271	30.7712	30.5341	30.4412	30.0602	29.8635	29.7953	29.5133	29.5327	29.4148	29.0631	28.6693	28.8222	28.5336	28.2368	28.3773	28.3143	28.3112	28.0672	28.0772	27.844	27.6957	27.627	27.4254	27.3589	27.5762	27.7747	28.5228	31.8318
Sin-CPnd_043-Ex1-1C-lcwgs-1-2.clmp.r1r2_fastp	38.5727	38.8886	39.0632	39.1265	39.2376	39.2544	39.2324	39.258	39.3031	39.2511	39.2676	39.2537	39.3109	39.2784	39.2149	39.3283	39.32	39.3334	39.3206	39.3338	39.3224	39.2984	39.3247	39.3372	39.3308	39.1713	39.1621	39.1363	39.174	39.1777	39.1623	39.1911	39.1314	39.161	39.1079	39.159	39.1542	39.1042	39.1314	39.1537	39.1491	39.1345	39.1215	39.1199	39.0907	39.1356	39.1116	39.1043	39.073	39.0738	39.0538	39.0652	39.0595	38.9988	39.0578	39.0313	39.0427	39.0224	39.0435	39.0425	38.9653	39.0443	39.0344	38.9999	39.0044	38.9531	38.8902	38.9724	38.9088	38.9704	38.9009	38.8777	38.8679	38.8683	38.8032	38.7101	38.7777	38.7333	38.6982	38.6164	38.6242	38.564	38.5258	38.4526	38.4347	38.3127	38.258	38.1965	38.1154	38.0008	37.889	37.8133	37.6724	37.4566	37.2986	37.1492	36.9524	36.7342	36.493	36.1655	35.9151	35.5649	35.3034	35.0338	34.6589	34.4308	34.2478	33.9941	33.7728	33.617	33.3378	33.0935	32.9534	32.7842	32.4197	32.1467	31.8973	31.587	31.3994	31.0484	30.7772	30.4752	30.2085	30.0594	29.7958	29.5948	29.331	29.2583	29.1213	29.1035	28.9393	28.5396	28.3539	28.423	28.0885	28.1194	27.8929	27.9229	27.9504	27.7781	27.5704	27.339	27.543	27.1604	27.2456	27.2016	27.2767	27.4195	28.3366	31.7436
Sin-CPnd_044-Ex1-2C-lcwgs-1-2.clmp.r1r2_fastp	38.58	38.8396	38.8842	39.0331	39.0824	39.2625	39.0262	39.2279	39.1621	39.1404	39.0677	38.9128	39.1604	39.1889	39.0591	39.2192	39.2807	39.2625	39.2036	39.1205	39.4183	39.298	39.3274	39.2781	39.0045	39.0019	38.9682	38.9665	39.0288	38.8669	39.0071	38.9561	38.9621	38.9546	38.8686	38.8099	38.9448	38.9498	38.8874	38.9313	38.8906	38.8995	38.9456	38.9595	38.812	38.954	38.9396	38.8371	38.8933	38.9428	38.9091	39.0153	38.9223	38.9433	38.9473	38.9723	38.9274	38.8568	39.0054	38.9994	38.8709	38.9724	38.9535	38.9375	38.9752	38.8655	38.8728	38.8857	38.8225	38.8349	38.8274	38.745	38.7598	38.7082	38.8369	38.7741	38.668	38.5681	38.6905	38.7598	38.6009	38.3995	38.449	38.3817	38.2603	38.4146	38.2205	38.1922	37.8811	37.7613	37.834	37.6999	37.3192	37.2231	37.244	37.2984	37.2732	36.4229	36.5329	36.2993	35.794	35.6099	35.4609	35.1346	34.9173	34.2965	34.3398	33.8567	33.7668	33.5981	33.327	33.177	33.3151	33.3265	32.4914	32.711	32.2262	31.8565	31.8473	31.1098	30.6503	31.2114	30.3131	31.2197	29.7018	29.7959	30.2461	29.9822	29.2971	30.0853	30.0493	28.9689	29.0238	28.8425	28.8908	28.2961	29.7068	28.1174	28.4223	28.8322	28.1858	28.069	27.2323	27.4583	28.4032	28.3279	27.1532	28.2722	28.3567	32.1544
Sin-CPnd_045-Ex1-11H-lcwgs-1-2.clmp.r1r2_fastp	38.6094	38.9657	39.1137	39.1571	39.2584	39.2848	39.2863	39.2925	39.3305	39.3032	39.3191	39.2995	39.3285	39.3103	39.2544	39.343	39.3376	39.3625	39.366	39.3575	39.3608	39.3355	39.3627	39.3577	39.3577	39.2047	39.2039	39.1647	39.1873	39.1721	39.1903	39.1786	39.1404	39.1868	39.1612	39.1618	39.1617	39.1559	39.1605	39.1605	39.1602	39.1539	39.1687	39.1446	39.1131	39.1521	39.1468	39.1343	39.1212	39.1094	39.1013	39.1033	39.1082	39.0625	39.1071	39.1053	39.0903	39.0519	39.0909	39.0798	39.0276	39.0749	39.0605	39.0539	39.0335	39.0262	38.9402	39.0162	38.9501	38.9769	38.9534	38.9256	38.916	38.9056	38.8463	38.7908	38.8222	38.7956	38.7537	38.6905	38.6813	38.6461	38.5941	38.5391	38.4769	38.3907	38.346	38.2678	38.1924	38.0979	37.9869	37.8737	37.7474	37.5935	37.4282	37.2626	37.0735	36.8153	36.5881	36.3298	36.0826	35.741	35.5099	35.1911	34.9217	34.7035	34.4547	34.2698	34.0686	33.8247	33.6312	33.4325	33.27	33.0269	32.7535	32.5165	32.2861	32.0737	31.8199	31.4687	31.2502	31.014	30.8097	30.5892	30.3713	30.1548	30.0071	29.8715	29.7274	29.7533	29.5698	29.2365	29.0358	29.1179	28.771	28.762	28.6828	28.6681	28.6234	28.4955	28.3669	28.1874	28.2558	28.0582	27.9612	27.936	28.0792	28.2866	29.0269	32.263
Sin-CPnd_049-Ex1-4C-lcwgs-1-2.clmp.r1r2_fastp	38.8606	39.1385	39.2588	39.2467	39.3431	39.3532	39.3599	39.3712	39.4268	39.365	39.3509	39.3077	39.3793	39.3397	39.2911	39.3622	39.4038	39.4257	39.392	39.3785	39.4319	39.3959	39.379	39.3835	39.3796	39.2638	39.2133	39.2329	39.2532	39.22	39.2964	39.2217	39.152	39.212	39.2123	39.2132	39.2358	39.1556	39.2058	39.1909	39.2949	39.2523	39.2466	39.1714	39.289	39.203	39.19	39.215	39.2907	39.2029	39.1963	39.1465	39.2364	39.0997	39.1715	39.1117	39.0748	39.0624	39.0836	39.1172	39.1272	39.1259	38.9475	39.0799	39.0874	39.059	38.9377	39.0798	38.907	39.0005	38.9055	38.8706	38.897	38.8329	38.7476	38.6086	38.7186	38.7344	38.6919	38.6373	38.554	38.568	38.5458	38.4087	38.4905	38.2536	38.2287	38.1961	38.0739	37.9979	37.9631	37.7654	37.7328	37.5841	37.326	37.1119	37.2363	36.8985	36.4044	36.4736	35.8927	35.573	35.4257	35.0316	34.9327	34.5782	34.3355	34.1592	33.8155	33.8013	33.4396	33.4171	33.4098	32.7461	32.4903	32.1541	32.4792	32.0448	31.1635	31.8083	31.446	30.7726	30.6787	30.2926	30.1188	29.4364	29.8076	29.2174	29.6661	29.6071	29.3597	29.2455	28.9381	28.7879	28.3108	28.1526	28.4297	28.2633	28.0475	28.1292	28.0123	27.758	27.2923	27.34	27.727	27.6862	27.1277	27.9925	28.6943	31.7956
Sin-CPnd_050-Ex1-9B-lcwgs-1-2.clmp.r1r2_fastp	38.865	39.1562	39.2318	39.3022	39.3793	39.3992	39.3843	39.4104	39.4373	39.406	39.4106	39.3953	39.4188	39.3991	39.3319	39.4308	39.4369	39.4392	39.4445	39.4306	39.4361	39.4044	39.4265	39.4242	39.4324	39.3053	39.2952	39.2603	39.2667	39.2863	39.2916	39.2739	39.2252	39.2721	39.2598	39.2619	39.265	39.2365	39.2411	39.2429	39.2363	39.2442	39.2215	39.2275	39.1948	39.2159	39.2174	39.2096	39.1979	39.1952	39.1646	39.1597	39.1823	39.1525	39.1742	39.181	39.1465	39.1345	39.1494	39.1333	39.0961	39.1385	39.1349	39.0901	39.0823	39.0913	38.989	39.065	38.9925	39.0308	39.0046	38.9712	38.9267	38.9483	38.8824	38.8403	38.8382	38.7955	38.7877	38.688	38.6614	38.644	38.6258	38.542	38.4726	38.378	38.3707	38.2714	38.1871	38.1019	38.0237	37.878	37.7802	37.602	37.4463	37.2831	37.1336	36.8714	36.6888	36.3903	36.2002	35.8445	35.6458	35.3784	35.0512	34.8314	34.5727	34.3639	34.1977	33.959	33.6826	33.6084	33.3525	33.1038	32.9109	32.5838	32.3431	32.1511	31.8432	31.505	31.3211	31.0054	30.8964	30.4674	30.361	30.164	29.9444	29.7552	29.5504	29.6297	29.4177	28.9828	28.8344	28.9206	28.7037	28.6159	28.5557	28.437	28.316	28.1131	28.101	28.0101	28.0773	27.6884	27.7006	27.5921	27.647	27.9385	28.888	31.9846
Sin-CPnd_051-Ex1-12G-lcwgs-1-2.clmp.r1r2_fastp	38.8239	39.1244	39.2393	39.2967	39.3443	39.3888	39.381	39.3885	39.412	39.3849	39.3852	39.3666	39.3821	39.3817	39.3079	39.4115	39.4095	39.4231	39.4148	39.4133	39.4048	39.3909	39.4099	39.4017	39.4054	39.2954	39.2652	39.2386	39.2534	39.2426	39.2456	39.2453	39.1942	39.2539	39.2173	39.2187	39.2074	39.2085	39.2135	39.2212	39.2104	39.2138	39.2186	39.1957	39.1666	39.1934	39.1865	39.1837	39.1756	39.1754	39.1541	39.1514	39.1721	39.1232	39.1493	39.1355	39.1308	39.0897	39.1342	39.114	39.0524	39.1129	39.1045	39.0875	39.0705	39.0489	38.9669	39.0367	38.9878	39.0073	38.9688	38.9486	38.9284	38.9207	38.8838	38.8081	38.8265	38.7999	38.7588	38.6899	38.6919	38.6471	38.5854	38.5332	38.4709	38.3561	38.3256	38.2125	38.1847	38.0648	37.9285	37.8199	37.7123	37.5731	37.4323	37.2465	37.0887	36.8795	36.6265	36.3714	36.164	35.8339	35.574	35.3706	35.0565	34.8658	34.5512	34.3112	34.2125	33.9033	33.8029	33.5364	33.2963	33.2118	32.8283	32.61	32.3515	32.1318	31.8448	31.5593	31.2391	31.0654	30.7958	30.6444	30.3511	30.1392	29.9964	29.8802	29.5907	29.6558	29.4467	29.1269	28.9052	29.0658	28.6441	28.7484	28.456	28.4797	28.4562	28.3726	28.2466	27.9865	28.0293	27.8334	27.8163	27.6608	27.8298	28.0224	28.7453	32.1231
Sin-CPnd_053-Ex1-9G-lcwgs-1-2.clmp.r1r2_fastp	38.8861	39.1742	39.2716	39.3203	39.3908	39.4265	39.4008	39.4207	39.4301	39.4174	39.4249	39.42	39.4315	39.4168	39.3428	39.4491	39.4455	39.4562	39.4451	39.4362	39.4391	39.4125	39.439	39.436	39.4435	39.3207	39.312	39.279	39.301	39.2847	39.2925	39.2923	39.2324	39.2861	39.2667	39.2585	39.2709	39.2609	39.2717	39.2812	39.2575	39.2592	39.2653	39.2452	39.2077	39.2521	39.2472	39.2378	39.2299	39.2113	39.1947	39.196	39.188	39.1553	39.2081	39.1883	39.1855	39.1498	39.1783	39.1684	39.1067	39.1462	39.12	39.1406	39.1146	39.111	39.0152	39.105	39.0323	39.0442	39.0232	38.9934	38.9692	38.9751	38.9111	38.8586	38.8733	38.8612	38.8052	38.728	38.6925	38.6693	38.6252	38.5662	38.4834	38.3745	38.3244	38.2693	38.2145	38.0673	37.9966	37.8607	37.7624	37.5684	37.4119	37.2781	37.0979	36.8759	36.6736	36.3772	36.1775	35.7979	35.5754	35.2557	35.0175	34.7988	34.4886	34.3364	34.0659	33.8566	33.6948	33.4722	33.3548	33.0046	32.6733	32.492	32.2868	32.0486	31.8406	31.4435	31.2625	30.989	30.7203	30.5693	30.2573	29.99	29.8924	29.796	29.5262	29.4544	29.3696	28.9375	28.6375	28.7454	28.4036	28.407	28.2431	28.2482	28.1919	28.0816	27.8997	27.7373	27.9669	27.4633	27.5248	27.3055	27.569	27.8238	28.6127	31.8604
Sin-CPnd_058-Ex1-9D-lcwgs-1-2.clmp.r1r2_fastp	38.9212	39.1857	39.2549	39.315	39.3903	39.4066	39.4067	39.4136	39.4421	39.4121	39.4055	39.4091	39.4055	39.398	39.3561	39.4364	39.4377	39.446	39.4536	39.4321	39.4291	39.4127	39.4262	39.4317	39.4285	39.3059	39.3098	39.2729	39.2779	39.2735	39.2875	39.2934	39.2539	39.2772	39.2527	39.2582	39.2639	39.2551	39.242	39.2564	39.2745	39.2665	39.26	39.2404	39.2082	39.2543	39.2409	39.2387	39.204	39.2052	39.189	39.1966	39.1812	39.1613	39.1868	39.1731	39.1731	39.1255	39.1648	39.1622	39.1209	39.1509	39.1602	39.1221	39.1436	39.1026	39.0221	39.0915	39.0217	39.0459	39.0293	39.0052	38.9849	38.9736	38.9398	38.8638	38.8745	38.8499	38.7938	38.7404	38.7432	38.6943	38.615	38.5744	38.5448	38.4186	38.3844	38.3389	38.2434	38.1798	38.0727	37.9384	37.8184	37.6797	37.5837	37.3778	37.2109	36.951	36.7292	36.4909	36.3476	35.9903	35.7642	35.4233	35.1979	35.0017	34.6018	34.5363	34.2298	34.0202	33.8562	33.5937	33.5305	33.2111	32.9073	32.7787	32.5118	32.3445	31.9943	31.5942	31.547	31.2491	30.9278	30.7313	30.4805	30.2133	30.0659	29.9843	29.7295	29.5913	29.5066	29.2634	29.2098	29.0962	28.6966	28.7689	28.5538	28.534	28.5392	28.3479	28.2073	28.0543	28.1286	27.8875	27.8061	27.6343	27.8178	28.0702	28.9077	32.1436
Sin-CPnd_061-Ex1-9A-lcwgs-1-2.clmp.r1r2_fastp	38.7755	39.0987	39.1959	39.2526	39.3218	39.3558	39.3439	39.3468	39.3882	39.3477	39.3596	39.3475	39.3684	39.3483	39.3036	39.4062	39.3942	39.4035	39.3969	39.3781	39.3921	39.353	39.3975	39.3787	39.3856	39.2385	39.2493	39.22	39.2158	39.2241	39.2321	39.2245	39.1812	39.2326	39.2083	39.1886	39.1956	39.1943	39.19	39.1943	39.1828	39.1746	39.185	39.1799	39.134	39.1783	39.1654	39.1578	39.1512	39.1386	39.1229	39.1205	39.1252	39.0746	39.1261	39.1312	39.1064	39.0772	39.1085	39.1081	39.029	39.1086	39.0753	39.062	39.0592	39.0314	38.9419	39.0298	38.9605	38.9871	38.9477	38.9254	38.9013	38.8935	38.8518	38.7716	38.7947	38.7765	38.7303	38.6814	38.6833	38.6234	38.5776	38.4838	38.4485	38.3842	38.3302	38.2389	38.1859	38.0704	37.9658	37.8597	37.7418	37.5665	37.4154	37.255	37.0772	36.8696	36.6145	36.3532	36.126	35.8181	35.5715	35.2951	34.9879	34.7847	34.4976	34.3183	34.0318	33.7872	33.587	33.4157	33.1859	33.0208	32.7351	32.4179	32.2542	32.0719	31.7567	31.3604	31.1384	31.0064	30.6983	30.4754	30.3038	30.1084	29.9321	29.7026	29.5423	29.5527	29.428	29.115	28.8588	28.9096	28.5656	28.6039	28.4286	28.4674	28.4124	28.251	28.1318	27.8657	27.853	27.8695	27.926	27.657	27.8365	28.1335	28.7954	32.1625
Sin-CPnd_062-Ex1-11D-lcwgs-1-2.clmp.r1r2_fastp	38.7202	39.0959	39.2221	39.2596	39.3568	39.395	39.382	39.3817	39.4101	39.3856	39.3788	39.3968	39.4011	39.3742	39.3329	39.4029	39.415	39.4375	39.4356	39.4132	39.4134	39.4026	39.4274	39.4155	39.4168	39.2821	39.2843	39.2518	39.2593	39.2571	39.2729	39.2643	39.2192	39.2773	39.2341	39.2366	39.238	39.2514	39.2526	39.243	39.2295	39.2413	39.2337	39.2206	39.1876	39.2234	39.2242	39.2082	39.1942	39.1703	39.1731	39.1729	39.1877	39.1443	39.1923	39.1764	39.1597	39.1134	39.1583	39.1376	39.0971	39.14	39.1185	39.1147	39.0864	39.0745	38.9955	39.0639	39.0188	39.0444	39.0167	38.9794	38.9479	38.9527	38.887	38.8107	38.8827	38.8137	38.7986	38.7122	38.7182	38.6472	38.6225	38.5699	38.5106	38.4	38.3821	38.3203	38.2442	38.1559	38.0295	37.9104	37.7916	37.6278	37.4704	37.327	37.0971	36.8755	36.5928	36.4341	36.1642	35.8462	35.6272	35.2455	35.0542	34.8166	34.5157	34.3846	34.2201	33.9625	33.7308	33.5084	33.3764	33.143	32.8162	32.5777	32.4191	32.1361	31.8502	31.4912	31.2727	31.0982	30.8862	30.6535	30.3323	30.1436	29.9656	29.8037	29.7051	29.6943	29.5352	29.1901	28.8956	28.9906	28.7137	28.6033	28.4728	28.5103	28.5274	28.2778	28.1639	28.0039	28.0434	27.8272	27.7736	27.5972	27.8679	28.1115	28.7864	32.1418
Sin-CPnd_063-Ex1-9F-lcwgs-1-2.clmp.r1r2_fastp	38.9086	39.191	39.2811	39.3168	39.38	39.4221	39.4238	39.4129	39.4487	39.4209	39.4118	39.4095	39.4269	39.4264	39.3632	39.4526	39.4481	39.4558	39.4505	39.4447	39.4321	39.4063	39.449	39.4406	39.4352	39.3137	39.3218	39.2813	39.3046	39.2844	39.2989	39.2828	39.2294	39.2854	39.2755	39.2669	39.2758	39.2501	39.2599	39.2674	39.2637	39.26	39.2641	39.2276	39.2021	39.2424	39.2512	39.2108	39.2124	39.2084	39.1962	39.198	39.2024	39.1644	39.2108	39.1929	39.1733	39.1447	39.1722	39.18	39.1239	39.1743	39.1368	39.1692	39.1049	39.1022	39.0206	39.1111	39.0384	39.0786	39.0602	39.0302	39.0056	38.9888	38.9141	38.8773	38.9127	38.8774	38.8364	38.7509	38.7318	38.7233	38.6687	38.6092	38.5527	38.4617	38.4113	38.3348	38.2871	38.1802	38.0878	37.9846	37.877	37.6819	37.5787	37.4313	37.2338	36.9787	36.7641	36.4823	36.267	35.9133	35.696	35.378	35.0836	34.9102	34.6313	34.456	34.3029	33.9883	33.8225	33.617	33.4063	33.094	32.8835	32.5857	32.3589	32.1168	31.9369	31.4907	31.2585	31.1239	30.9348	30.6106	30.4052	30.2837	30.0117	29.7939	29.7695	29.6755	29.471	29.1476	28.937	28.9534	28.5933	28.7168	28.5363	28.6405	28.5402	28.1134	28.1741	27.9433	28.0299	27.79	27.7872	27.675	27.7801	28.0198	28.9613	32.0756
Sin-CPnd_065-Ex1-11B-lcwgs-1-2.clmp.r1r2_fastp	38.7409	39.1173	39.2325	39.2781	39.364	39.3778	39.3647	39.386	39.4116	39.3898	39.3921	39.3724	39.4055	39.3759	39.3169	39.4169	39.4113	39.4192	39.4238	39.415	39.4148	39.3936	39.405	39.4125	39.4051	39.2869	39.2861	39.2407	39.2509	39.2456	39.2644	39.2594	39.2151	39.2631	39.2326	39.2305	39.2369	39.2221	39.2351	39.2322	39.233	39.2294	39.2449	39.2365	39.178	39.2275	39.2157	39.2174	39.1787	39.1811	39.1632	39.1803	39.1825	39.1427	39.1646	39.176	39.1542	39.104	39.1538	39.1269	39.0812	39.1279	39.1149	39.0956	39.0792	39.0829	38.9811	39.0507	38.9826	39.0189	39.0014	38.9508	38.9489	38.9499	38.8705	38.8249	38.8442	38.812	38.7596	38.7327	38.7171	38.6697	38.602	38.567	38.4964	38.4058	38.3396	38.2902	38.2392	38.1028	38.0119	37.9284	37.758	37.6699	37.4535	37.3067	37.1281	36.8673	36.7071	36.4282	36.1957	35.8885	35.6886	35.3672	35.0279	34.8791	34.6314	34.447	34.2209	33.9574	33.7809	33.6028	33.414	33.1641	32.8887	32.5924	32.4111	32.151	31.9258	31.5296	31.3005	31.0434	30.8772	30.5816	30.4231	30.1625	29.9847	29.8716	29.7056	29.6718	29.4075	29.2033	28.9565	29.0103	28.5865	28.5744	28.4795	28.5461	28.3425	28.256	28.0921	27.8532	27.9856	27.682	27.7377	27.5631	27.8496	27.9943	28.8058	32.0356
Sin-CPnd_067-Ex1-9C-lcwgs-1-2.clmp.r1r2_fastp	38.8539	39.1452	39.2605	39.2821	39.3479	39.3932	39.3627	39.3801	39.4206	39.3735	39.3762	39.3709	39.3935	39.3779	39.3008	39.4191	39.3923	39.4155	39.41	39.3981	39.4113	39.385	39.4244	39.402	39.3969	39.2773	39.2626	39.2336	39.2562	39.235	39.2529	39.2466	39.1948	39.2565	39.2199	39.2019	39.2121	39.2217	39.2087	39.221	39.2175	39.2069	39.2235	39.2168	39.1589	39.1969	39.1848	39.1807	39.1757	39.1613	39.1307	39.1403	39.1562	39.1037	39.1549	39.1534	39.1304	39.0793	39.1249	39.0988	39.0506	39.1013	39.0735	39.076	39.0409	39.0443	38.9605	39.0642	38.9909	39.0033	38.9451	38.9379	38.9377	38.9149	38.8505	38.7954	38.8093	38.8183	38.755	38.6918	38.6756	38.6373	38.5924	38.5006	38.4578	38.3547	38.355	38.2498	38.1691	38.0866	37.9396	37.8495	37.7143	37.5989	37.4436	37.2977	37.1229	36.8604	36.6688	36.4305	36.1594	35.8882	35.6447	35.3392	35.0175	34.7879	34.5452	34.4072	34.1512	34.0278	33.7864	33.5881	33.3468	33.1326	32.852	32.585	32.3512	32.1866	31.8858	31.47	31.1979	31.0621	30.7907	30.5586	30.3746	30.0529	29.8984	29.6569	29.621	29.6643	29.5232	29.0617	29.0245	29.0418	28.7149	28.5903	28.6437	28.4508	28.4932	28.3605	28.1713	27.8536	28.0205	27.6782	27.7085	27.5504	27.836	28.014	28.7128	32.22
Sin-CPnd_074-Ex1-12A-lcwgs-1-2.clmp.r1r2_fastp	38.7619	39.0752	39.1722	39.233	39.2972	39.3259	39.3221	39.3252	39.3599	39.3524	39.3394	39.3191	39.3326	39.325	39.2879	39.3855	39.3661	39.3761	39.3869	39.3708	39.3638	39.3501	39.3589	39.3619	39.3519	39.2136	39.2243	39.1744	39.194	39.184	39.1958	39.1727	39.1301	39.1938	39.1636	39.1685	39.1479	39.1658	39.1444	39.1529	39.1733	39.1524	39.1638	39.1444	39.0965	39.1409	39.1411	39.1082	39.0918	39.0839	39.0866	39.0934	39.087	39.0434	39.0995	39.0962	39.0551	39.016	39.0289	39.0361	38.9977	39.052	39.0201	39.0235	39.032	38.9973	38.8979	38.9875	38.926	38.9565	38.927	38.8782	38.8779	38.8761	38.8014	38.7357	38.7662	38.7341	38.6766	38.6369	38.6023	38.5974	38.5361	38.4435	38.4108	38.3035	38.2911	38.1882	38.1065	38.0188	37.9233	37.8295	37.7395	37.5669	37.3751	37.1789	37.0576	36.7895	36.5779	36.3511	36.0862	35.7302	35.5793	35.2614	34.9611	34.7224	34.48	34.2533	34.128	33.8104	33.6599	33.4345	33.2597	33.0243	32.6427	32.5001	32.2383	32.0334	31.7436	31.4509	31.1231	30.9096	30.6787	30.4331	30.3382	30.0432	29.9099	29.6893	29.5547	29.5825	29.4728	29.0628	28.9052	29.1015	28.5806	28.5714	28.4855	28.4631	28.4771	28.3432	28.1152	27.8938	28.0256	27.8856	27.7998	27.7021	27.9012	28.1984	28.8446	32.0807
Sin-CPnd_075-Ex1-11G-lcwgs-1-2.clmp.r1r2_fastp	38.7396	39.0873	39.2229	39.2743	39.356	39.3952	39.3838	39.4029	39.439	39.3988	39.3845	39.3965	39.403	39.4023	39.3241	39.4206	39.4229	39.4404	39.4319	39.4211	39.4325	39.4103	39.4155	39.4291	39.4204	39.304	39.3018	39.2531	39.2534	39.2566	39.272	39.2643	39.2183	39.2793	39.2402	39.2444	39.2504	39.2522	39.2528	39.2491	39.2393	39.2456	39.2541	39.2251	39.205	39.2464	39.2306	39.2142	39.2148	39.1963	39.184	39.1736	39.2008	39.154	39.18	39.1985	39.1643	39.1294	39.1614	39.1649	39.1108	39.146	39.1253	39.1354	39.1194	39.1088	39.0344	39.0945	39.0251	39.0436	39.025	38.9974	38.9744	38.9766	38.9066	38.8411	38.8831	38.8556	38.8145	38.7483	38.7279	38.7189	38.6224	38.6023	38.5364	38.4294	38.3919	38.3128	38.2298	38.1279	38.0305	37.9156	37.7991	37.6478	37.4751	37.326	37.1559	36.9065	36.6549	36.4185	36.2063	35.8773	35.5871	35.3086	35.0356	34.8199	34.5509	34.3981	34.1681	33.9172	33.6785	33.5139	33.3165	33.0602	32.8283	32.5887	32.2752	32.0416	31.8447	31.4349	31.1981	30.9594	30.7806	30.6153	30.2684	30.1265	29.9144	29.6888	29.6298	29.5929	29.4141	29.0519	28.9506	28.8812	28.5055	28.4786	28.4227	28.4104	28.3638	28.1066	28.1069	27.8489	27.9139	27.7223	27.5373	27.4804	27.6784	27.9523	28.6547	32.044
Sin-CPnd_076-Ex1-10E-lcwgs-1-2.clmp.r1r2_fastp	38.898	39.1219	39.229	39.2573	39.3255	39.3603	39.3417	39.3551	39.3771	39.3537	39.3577	39.3513	39.3669	39.34	39.2989	39.3883	39.3818	39.3988	39.408	39.3895	39.3807	39.3594	39.3972	39.3903	39.3796	39.2482	39.238	39.2164	39.2315	39.2198	39.2303	39.222	39.1776	39.2404	39.2125	39.2064	39.2103	39.201	39.2033	39.1967	39.1919	39.184	39.202	39.1804	39.1507	39.1975	39.1846	39.1671	39.1545	39.1212	39.1493	39.1406	39.1482	39.1006	39.1382	39.13	39.1271	39.0907	39.1182	39.1282	39.0674	39.1045	39.0876	39.0771	39.0728	39.0617	38.9691	39.049	38.9966	39.0046	38.992	38.971	38.9602	38.9439	38.884	38.8212	38.8453	38.8263	38.7587	38.7219	38.7216	38.6602	38.6273	38.5642	38.5052	38.4254	38.3719	38.3191	38.2341	38.1505	37.9999	37.9379	37.8213	37.6789	37.5125	37.3564	37.1619	36.9156	36.6929	36.4446	36.2155	35.8739	35.6622	35.3372	35.0566	34.8817	34.6254	34.4256	34.2021	33.9722	33.7962	33.5282	33.4017	33.1497	32.9157	32.6632	32.4114	32.1836	31.9305	31.5795	31.295	31.1307	30.9003	30.6714	30.469	30.1718	30.0171	29.9067	29.714	29.7735	29.544	29.247	29.0448	29.0173	28.7239	28.7266	28.6387	28.5712	28.5375	28.3886	28.2471	28.0668	28.2469	27.936	27.9041	27.8484	27.9745	28.1785	29.0128	32.258
Sin-CPnd_079-Ex1-9H-lcwgs-1-2.clmp.r1r2_fastp	38.8261	39.1386	39.2552	39.3007	39.3906	39.4117	39.3976	39.4005	39.4358	39.399	39.4003	39.4023	39.4099	39.4006	39.3263	39.4241	39.4151	39.4425	39.4259	39.4157	39.4232	39.4089	39.4302	39.4161	39.4108	39.3203	39.3035	39.2691	39.2822	39.2617	39.277	39.2712	39.2469	39.2724	39.253	39.24	39.2326	39.2611	39.2549	39.2442	39.2359	39.2445	39.2397	39.2216	39.1838	39.2163	39.2281	39.2105	39.2028	39.1853	39.1688	39.1776	39.196	39.1377	39.1801	39.176	39.1622	39.117	39.1618	39.1528	39.09	39.1471	39.1208	39.0903	39.0913	39.1086	38.9832	39.0726	38.9946	39.02	39.0355	38.9943	38.9697	38.9632	38.8864	38.8406	38.8435	38.8498	38.7957	38.7301	38.7195	38.6563	38.6127	38.5589	38.5002	38.4313	38.3833	38.3112	38.1925	38.1124	38.008	37.9158	37.7819	37.6515	37.5269	37.3277	37.1451	36.8772	36.6918	36.4134	36.1925	35.8753	35.6384	35.3115	35.0511	34.7296	34.5513	34.4442	34.2206	33.9209	33.7593	33.4907	33.3542	33.1107	32.8282	32.5483	32.3443	32.1283	31.7979	31.458	31.2808	30.9532	30.7399	30.582	30.3481	30.1723	29.8903	29.7241	29.5701	29.4724	29.4733	29.0348	28.8802	28.9292	28.5425	28.555	28.2673	28.4952	28.2292	28.2003	27.9512	27.9514	27.8925	27.5391	27.5117	27.6104	27.7264	27.9176	28.7221	32.0442
Sin-CPnd_080-Ex1-2E-lcwgs-1-2.clmp.r1r2_fastp	38.6782	39.0064	39.1437	39.1788	39.2816	39.233	39.3086	39.2982	39.387	39.358	39.4003	39.3679	39.3829	39.2973	39.3179	39.3733	39.4203	39.3642	39.3949	39.4336	39.36	39.3692	39.3833	39.3289	39.3804	39.2741	39.2591	39.2438	39.2309	39.25	39.2081	39.2267	39.0552	39.2258	39.1415	39.1834	39.1586	39.2039	39.2185	39.2244	39.1575	39.2693	39.1063	39.2282	39.1168	39.0965	39.2182	39.1188	39.1601	39.1692	39.1592	39.1382	39.0849	39.13	39.0946	39.0951	39.1226	39.1424	39.1673	39.0743	39.0684	39.1053	39.066	39.1264	39.0264	39.0829	39.0028	39.0745	39.0117	39.0205	38.967	38.9649	38.891	38.8979	38.8407	38.7633	38.7852	38.7914	38.7152	38.6851	38.6934	38.6835	38.5518	38.6678	38.4242	38.384	38.3655	38.2177	38.0954	38.0849	37.9473	37.7719	37.7344	37.525	37.2197	37.201	37.0939	36.7477	36.684	36.2982	35.9038	35.7714	35.5891	35.0066	34.8325	34.565	34.3592	34.1469	33.8478	33.6106	33.2398	33.2262	32.891	32.8865	32.6605	32.2969	31.9278	31.8817	31.7719	31.1639	30.9846	30.9307	30.5396	30.3392	30.2817	29.8489	29.7824	29.4074	29.7289	29.7719	29.0671	29.0128	28.8813	28.962	28.6703	28.7888	28.6108	28.1481	28.3215	28.4091	28.1112	27.6722	28.0776	27.9559	27.5479	27.8923	28.1982	27.8221	28.9383	32.1113
Sin-CPnd_081-Ex1-10G-lcwgs-1-2.clmp.r1r2_fastp	38.7898	39.0925	39.2055	39.2404	39.3129	39.3628	39.3351	39.3545	39.3924	39.347	39.3484	39.3454	39.3733	39.3604	39.2958	39.3917	39.3851	39.3988	39.4	39.3993	39.3996	39.3585	39.4032	39.3836	39.3826	39.2497	39.249	39.2261	39.2287	39.2277	39.2406	39.2253	39.1902	39.2301	39.1958	39.1947	39.1993	39.1902	39.2014	39.1948	39.2035	39.1921	39.1967	39.1817	39.1378	39.1893	39.1711	39.1607	39.1572	39.1469	39.1302	39.1286	39.1467	39.0997	39.1327	39.1419	39.1223	39.0744	39.1037	39.1101	39.0477	39.0882	39.0843	39.0744	39.0442	39.0417	38.9364	39.039	38.9689	38.9977	38.9877	38.9427	38.9241	38.9368	38.8437	38.8279	38.8106	38.7832	38.7412	38.6724	38.681	38.6298	38.5913	38.5129	38.4362	38.3668	38.3128	38.2523	38.171	38.0895	37.9528	37.8483	37.7306	37.5876	37.4031	37.2678	37.072	36.7813	36.5808	36.3628	36.1336	35.7718	35.5425	35.2233	34.948	34.7195	34.5211	34.2619	34.0592	33.816	33.62	33.4621	33.2559	32.9403	32.7043	32.4792	32.2332	31.9971	31.6778	31.3862	31.0745	30.8354	30.7168	30.455	30.2301	29.9915	29.7546	29.5923	29.5273	29.543	29.2787	28.8571	28.7612	28.7697	28.4372	28.3837	28.2289	28.294	28.2655	28.1775	27.9784	27.7925	27.8558	27.5861	27.5934	27.4337	27.5964	27.8778	28.689	32.0107
Sin-CPnd_085-Ex1-4H-lcwgs-1-2.clmp.r1r2_fastp	38.3677	38.8416	39.0117	39.0887	39.1913	39.2226	39.2227	39.2338	39.26	39.2316	39.2514	39.237	39.2768	39.2499	39.1876	39.2894	39.2906	39.3056	39.3118	39.3125	39.3144	39.2827	39.3201	39.319	39.3157	39.1551	39.1403	39.1185	39.1345	39.1139	39.127	39.1343	39.0769	39.1336	39.1058	39.1155	39.1064	39.096	39.1131	39.0866	39.1035	39.1102	39.0968	39.0845	39.0481	39.0839	39.0909	39.0946	39.0728	39.0579	39.0333	39.0439	39.0422	38.9997	39.0466	39.0388	39.0415	38.9833	39.0136	39.0334	38.9519	39.0075	39.0054	38.9771	38.9813	38.9546	38.8956	38.9495	38.9	38.9091	38.8915	38.8654	38.8495	38.8102	38.7697	38.7324	38.7354	38.7334	38.6634	38.59	38.5985	38.5662	38.4838	38.4461	38.3921	38.2632	38.2215	38.1532	38.0985	37.9468	37.8317	37.7314	37.599	37.4225	37.2409	37.1121	36.9005	36.6157	36.3614	36.1123	35.8232	35.5114	35.2109	34.9397	34.6502	34.4254	34.1328	33.9596	33.7289	33.5023	33.3047	33.0981	32.9335	32.6677	32.3406	32.1546	31.9171	31.7079	31.368	31.0421	30.8054	30.5563	30.3261	30.0556	29.9421	29.6572	29.5145	29.3611	29.229	29.261	29.045	28.7295	28.4728	28.6081	28.138	28.1711	28.1415	28.0359	28.0505	27.9482	27.7903	27.5994	27.6799	27.4136	27.2973	27.2998	27.5141	27.6796	28.4847	31.8413
Sin-CPnd_088-Ex1-2D-lcwgs-1-2.clmp.r1r2_fastp	38.7493	38.9529	39.0984	39.06	39.2819	39.2957	39.2819	39.234	39.3233	39.2771	39.4163	39.1986	39.3413	39.2885	39.1794	39.3275	39.3275	39.3533	39.3929	39.3671	39.4385	39.3296	39.2669	39.3083	39.3479	39.0972	39.0852	39.0276	39.12	39.0948	39.12	38.9664	38.9829	39.1179	39.0296	39.0618	38.9927	39.0956	38.923	39.0411	39.0447	39.1082	39.1211	39.05	39.0672	39.111	39.0525	39.0946	39.0562	38.9991	39.0021	39.1231	39.0775	39.0028	39.0204	39.0013	39.0024	39.0797	39.0978	39.0529	39.0187	39.1268	39.0638	39.1117	39.0928	39.0135	39.0014	39.022	39.0568	38.9133	38.9978	38.9156	38.9369	39.0179	38.9176	38.7642	38.8555	38.8331	38.7591	38.6348	38.9633	38.8828	38.7729	38.7101	38.7134	38.6336	38.5808	38.5166	38.1701	38.0126	38.1179	37.9558	37.9488	37.7755	37.6975	37.4739	37.1751	37.0292	36.6326	36.4698	36.2691	36.1651	35.3916	35.4346	34.8827	34.8657	34.4773	34.473	34.2765	33.6162	33.9585	33.3924	33.017	32.779	32.7648	32.6025	32.7059	31.9957	32.057	31.0159	30.8798	30.8361	30.1924	30.5482	29.9175	29.672	29.7453	29.9353	29.7471	29.375	29.0	29.7481	28.9778	29.2504	28.5288	28.296	28.6148	28.9242	29.1365	28.5019	28.1541	28.224	28.2382	28.1667	28.4255	27.8246	27.2841	27.7547	29.2893	32.5333
Sin-CPnd_089-Ex1-9E-lcwgs-1-2.clmp.r1r2_fastp	38.8342	39.1048	39.2281	39.2697	39.3379	39.3753	39.3676	39.3821	39.4054	39.3716	39.3718	39.365	39.375	39.3727	39.3158	39.4205	39.4111	39.4116	39.428	39.4062	39.4147	39.388	39.4164	39.4144	39.3959	39.2706	39.2714	39.23	39.2571	39.2351	39.2449	39.2501	39.2047	39.2382	39.229	39.225	39.2242	39.2227	39.2313	39.2139	39.2205	39.2113	39.2258	39.197	39.1588	39.2026	39.1943	39.1878	39.1843	39.1569	39.1539	39.1557	39.1707	39.1021	39.152	39.1469	39.1426	39.0801	39.1333	39.1432	39.0632	39.1149	39.109	39.0876	39.0898	39.0681	38.9918	39.0385	38.9853	39.0172	38.9924	38.9772	38.9693	38.9386	38.8767	38.8121	38.8644	38.8067	38.7855	38.7127	38.6991	38.6714	38.6313	38.5696	38.4799	38.4083	38.3684	38.2759	38.2094	38.109	38.0082	37.8855	37.7612	37.6084	37.4458	37.2972	37.1222	36.8956	36.6354	36.424	36.1383	35.8588	35.6177	35.3811	35.0543	34.8224	34.5449	34.3762	34.2121	33.9145	33.7238	33.4968	33.3226	33.109	32.8168	32.5785	32.3979	32.1896	31.9355	31.549	31.3052	31.1074	30.9022	30.6145	30.439	30.2007	30.1039	29.9263	29.7726	29.7574	29.5622	29.1965	28.9978	29.1414	28.7555	28.7892	28.686	28.6063	28.5343	28.489	28.3733	28.1724	28.153	28.1229	27.9382	27.9012	28.0471	28.1596	29.049	32.2387
Sin-CPnd_090-Ex1-12F-lcwgs-1-2.clmp.r1r2_fastp	38.3986	38.8664	39.0516	39.1024	39.207	39.2482	39.2445	39.254	39.295	39.2663	39.2847	39.2701	39.2845	39.2768	39.2227	39.3133	39.3157	39.3273	39.3309	39.3202	39.3396	39.3075	39.3263	39.3252	39.3215	39.1603	39.1571	39.1249	39.1455	39.1308	39.1501	39.1415	39.0991	39.1442	39.1141	39.1089	39.1136	39.1117	39.1168	39.1148	39.11	39.1088	39.1191	39.0971	39.0688	39.1019	39.1083	39.0904	39.0719	39.0645	39.0471	39.055	39.0646	39.0176	39.0464	39.0482	39.0365	38.9886	39.0377	39.0351	38.9701	39.0227	39.0032	38.9957	38.9757	38.9696	38.8867	38.9579	38.8926	38.92	38.8948	38.8558	38.8453	38.841	38.7739	38.7144	38.7495	38.7132	38.6752	38.6133	38.5931	38.5583	38.4983	38.4382	38.3731	38.2919	38.2327	38.1614	38.0732	37.9806	37.8554	37.736	37.6217	37.4704	37.2913	37.1236	36.9464	36.6813	36.4486	36.2016	35.9497	35.61	35.372	35.0481	34.7715	34.55	34.2886	34.1041	33.8782	33.6404	33.4612	33.2364	33.0639	32.8067	32.5361	32.3021	32.0648	31.8394	31.5743	31.237	30.999	30.7695	30.5663	30.3486	30.1107	29.891	29.7248	29.6231	29.4645	29.499	29.3146	28.9485	28.7782	28.8831	28.4776	28.5138	28.433	28.4153	28.3644	28.2288	28.1232	27.9371	28.0202	27.7942	27.7389	27.7247	27.8501	28.0612	28.8205	32.1537
Sin-CPnd_092-Ex1-11F-lcwgs-1-2.clmp.r1r2_fastp	38.7888	39.1371	39.2524	39.313	39.3912	39.4251	39.3948	39.4097	39.4358	39.4154	39.4087	39.4026	39.4249	39.4168	39.3383	39.4458	39.4352	39.4484	39.4523	39.4427	39.4357	39.4083	39.4351	39.4468	39.4385	39.3025	39.3179	39.2644	39.2933	39.2826	39.2882	39.2672	39.2359	39.293	39.2588	39.2724	39.2767	39.2496	39.2607	39.2644	39.2611	39.254	39.2701	39.2446	39.19	39.2489	39.2518	39.2257	39.2248	39.208	39.1812	39.2097	39.1886	39.1716	39.2046	39.1969	39.195	39.147	39.1743	39.1619	39.1092	39.1658	39.1462	39.1552	39.1218	39.1168	39.0268	39.1163	39.0387	39.0468	39.0213	38.9986	39.0063	38.966	38.9021	38.8302	38.8945	38.879	38.8115	38.7582	38.7618	38.7005	38.6495	38.6224	38.5696	38.4503	38.4174	38.3092	38.2484	38.1542	38.0357	37.9182	37.7975	37.6672	37.4837	37.3458	37.1715	36.9321	36.7046	36.4001	36.2036	35.8552	35.6257	35.2467	35.0611	34.8399	34.5141	34.3933	34.1028	33.9116	33.7126	33.5157	33.3751	33.1658	32.8643	32.5807	32.3154	32.1711	31.9147	31.4487	31.3305	31.051	30.907	30.7043	30.3701	30.0589	29.9187	29.872	29.6424	29.5059	29.4251	29.1413	28.9026	29.0057	28.5896	28.59	28.4918	28.4772	28.4166	28.203	28.0693	27.9904	28.0097	27.6799	27.6728	27.7199	27.768	27.9973	28.6957	32.1842
Sin-CPnd_093-Ex1-10C-lcwgs-1-2.clmp.r1r2_fastp	38.7301	39.0455	39.1484	39.2014	39.2956	39.3213	39.3144	39.313	39.3545	39.3234	39.3281	39.3136	39.3372	39.3356	39.2697	39.3602	39.3614	39.3825	39.3602	39.3702	39.3687	39.3558	39.3579	39.3594	39.3683	39.2361	39.2243	39.1869	39.2009	39.193	39.1939	39.1765	39.1571	39.2042	39.1781	39.1818	39.1668	39.1764	39.1654	39.1699	39.1862	39.1546	39.178	39.1536	39.1105	39.146	39.1508	39.1451	39.116	39.1255	39.0956	39.1071	39.1181	39.0568	39.1075	39.114	39.0915	39.042	39.0694	39.0874	39.0277	39.0578	39.051	39.0379	39.0295	38.9942	38.9399	39.0141	38.9318	38.9446	38.9359	38.8976	38.9005	38.8903	38.8229	38.7414	38.7924	38.7571	38.7256	38.6399	38.6104	38.6044	38.5391	38.4833	38.4194	38.3179	38.2744	38.2257	38.1421	38.0394	37.9159	37.8181	37.6947	37.5452	37.3741	37.2256	37.0646	36.7581	36.5745	36.3275	36.0922	35.6861	35.4915	35.1723	34.8867	34.6922	34.4034	34.1776	33.9877	33.7886	33.5681	33.3051	33.1883	32.8801	32.6735	32.365	32.2048	31.8801	31.6511	31.2738	31.0682	30.8434	30.614	30.3817	30.1118	29.9071	29.751	29.5592	29.4514	29.3137	29.183	28.8101	28.608	28.7804	28.4284	28.3777	28.3314	28.3526	28.1737	28.0876	27.8421	27.7792	27.8001	27.6455	27.527	27.3754	27.6449	27.8269	28.602	31.956
Sin-CPnd_094-Ex1-3H-lcwgs-1-2.clmp.r1r2_fastp	38.3101	38.8191	39.0121	39.0687	39.1781	39.2185	39.219	39.2347	39.2702	39.233	39.264	39.2494	39.2744	39.2648	39.2058	39.3082	39.2968	39.3105	39.3178	39.3135	39.3185	39.2983	39.3237	39.3132	39.3243	39.1558	39.159	39.1132	39.1434	39.1255	39.15	39.1363	39.1047	39.1386	39.1269	39.1117	39.1211	39.1109	39.1244	39.1116	39.1228	39.1126	39.1317	39.1006	39.0692	39.1112	39.1234	39.1009	39.0829	39.0751	39.0652	39.0766	39.08	39.0404	39.0853	39.0638	39.0666	39.0252	39.0622	39.06	39.0025	39.0482	39.039	39.0361	39.0222	38.9984	38.9234	38.9991	38.9428	38.9631	38.9392	38.8995	38.8899	38.8819	38.8348	38.7632	38.7923	38.7696	38.737	38.6618	38.6523	38.6127	38.5682	38.5043	38.4508	38.3481	38.3013	38.2164	38.1353	38.048	37.9048	37.7861	37.6635	37.5099	37.3119	37.1717	36.9522	36.6827	36.4475	36.1902	35.9265	35.5998	35.3196	35.0066	34.7305	34.5025	34.2494	34.0492	33.8264	33.5931	33.3992	33.1711	33.0091	32.7596	32.4934	32.2467	32.0173	31.7567	31.5121	31.1657	30.9265	30.6876	30.4575	30.2563	30.001	29.7951	29.6499	29.4878	29.3812	29.3607	29.2103	28.8665	28.6471	28.7695	28.4029	28.3858	28.2661	28.3108	28.2314	28.0907	27.9566	27.7676	27.8661	27.6147	27.581	27.5261	27.622	27.8584	28.6293	31.9501
Sin-CPnd_095-Ex1-2B-lcwgs-1-2.clmp.r1r2_fastp	38.9764	39.1124	39.2555	39.2828	39.3741	39.361	39.3498	39.358	39.3871	39.3707	39.3789	39.3473	39.3823	39.3556	39.2828	39.3816	39.4102	39.4164	39.4072	39.4156	39.413	39.3543	39.3911	39.3912	39.4002	39.2343	39.2446	39.2058	39.227	39.2414	39.24	39.2377	39.1843	39.217	39.2064	39.2037	39.2076	39.2049	39.207	39.2093	39.1858	39.1814	39.2039	39.1711	39.1429	39.1775	39.1816	39.1502	39.1385	39.1369	39.1267	39.1358	39.1194	39.0829	39.1245	39.113	39.1319	39.0614	39.0812	39.1121	39.0514	39.1104	39.0672	39.074	39.0355	39.0448	38.9586	39.045	38.967	38.9828	38.9551	38.9471	38.9242	38.9075	38.8516	38.8012	38.8328	38.8064	38.7605	38.7287	38.6995	38.6376	38.6177	38.5205	38.4648	38.3826	38.3195	38.2251	38.148	38.1021	37.9863	37.8599	37.8066	37.5923	37.45	37.2796	37.1001	36.7996	36.6238	36.4061	36.1271	35.8453	35.6564	35.3242	35.0683	34.885	34.6489	34.4516	34.2353	33.9871	33.7658	33.5977	33.4289	33.1899	32.9429	32.7164	32.4096	32.2021	32.0507	31.7123	31.4568	31.1825	31.0001	30.7469	30.6249	30.2754	30.1517	29.9857	29.9777	29.9052	29.8251	29.5299	29.3016	29.2624	29.1183	28.9523	28.8414	28.8239	28.7615	28.5954	28.5889	28.4161	28.4369	28.2232	28.1248	28.0847	28.4136	28.4933	29.1356	32.474
Undetermined.clmp.r1r2_fastp	37.7907	38.1352	38.3316	38.3131	38.5952	38.6747	38.556	38.5819	38.7237	38.5893	38.722	38.5205	38.7377	38.6147	38.4563	38.7676	38.6454	38.7906	38.7271	38.7179	38.8027	38.7722	38.801	38.7221	38.676	38.193	38.2578	38.1673	38.2545	38.1987	38.2805	38.1805	38.1404	38.188	38.1629	38.163	38.1484	38.1564	38.1542	38.1598	38.2168	38.1525	38.2315	38.1274	38.1028	38.2154	38.1367	38.1285	38.0639	38.0533	38.0092	38.1246	38.1525	38.0342	38.1303	38.1433	38.067	37.9972	38.1272	38.0393	37.9375	38.0938	38.0167	38.008	37.9749	37.9055	37.8093	37.9056	37.7953	37.8339	37.7644	37.7142	37.7121	37.7038	37.653	37.6051	37.6301	37.5915	37.5408	37.4577	37.4342	37.3817	37.3198	37.2503	37.1805	37.0741	37.0178	36.9356	36.8508	36.7452	36.6181	36.4958	36.3774	36.2325	36.0519	35.8963	35.7165	35.4792	35.2622	35.031	34.803	34.4868	34.2727	33.9827	33.7273	33.5221	33.2825	33.1232	32.9196	32.6735	32.513	32.311	32.1448	31.9129	31.6394	31.3871	31.186	30.9676	30.7217	30.3988	30.18	29.975	29.7691	29.5624	29.337	29.1126	28.9678	28.8424	28.7017	28.7172	28.5411	28.2296	28.0324	28.1305	27.7804	27.7445	27.6606	27.6525	27.5743	27.4569	27.3396	27.1514	27.2132	27.0063	26.9326	26.9096	27.0666	27.3504	28.2509	31.818
