Sample	1	2	3	4	5	6	7	8	9	10	11	12	13	14	15	16	17	18	19	20	21	22	23	24	25	26	27	28	29	30	31	32	33	34	35	36	37	38	39	40	41	42	43	44	45	46	47	48	49	50	51	52	53	54	55	56	57	58	59	60	61	62	63	64	65	66	67	68	69	70	71	72	73	74	75	76	77	78	79	80	81	82	83	84	85	86	87	88	89	90	91	92	93	94	95	96	97	98	99	100	101	102	103	104	105	106	107	108	109	110	111	112	113	114	115	116	117	118	119	120	121	122	123	124	125	126	127	128	129	130	131	132	133	134	135	136	137	138	139	140	141	142	143	144	145	146	147	148	149	150
Sin-APnd_001-Ex1-6G-lcwgs-1-2.clmp.r1r2_fastp	0.0	0.012320399999999999	0.000531091	0.000553419	9.09075e-05	8.771770000000001e-05	1.43538e-05	0.000102072	1.7543500000000002e-05	7.97434e-06	0.00017862500000000002	0.000197764	0.000333327	0.000987223	0.013971	0.00011004600000000001	0.00029186100000000003	8.93126e-05	1.11641e-05	0.00011323599999999998	0.000349276	0.00446563	0.0	1.59487e-06	0.0	0.0	4.7846e-06	6.379469999999999e-06	2.71127e-05	0.000127589	7.814849999999999e-05	0.000617214	0.00747833	3.1960999999999998e-06	2.2424800000000003e-05	1.44543e-05	3.2223e-05	0.000441397	0.0	9.78188e-06	8.35506e-05	7.7414e-05	9.11315e-05	0.000338577	0.00579246	5.07963e-05	0.000104168	0.000117187	1.5662599999999998e-05	3.5171700000000004e-06	3.73438e-05	6.83745e-05	0.000318814	0.00445924	5.42635e-05	6.643540000000001e-05	0.000429646	0.00474112	0.00015112	0.00041040900000000003	0.0042737	4.18653e-06	1.49208e-05	2.1717899999999998e-05	0.000143912	0.0007384819999999999	0.010204099999999999	0.0005390029999999999	0.00642332	2.21215e-05	4.52469e-05	0.000100306	0.00018165099999999999	0.000377443	0.00257735	0.00588991	8.71263e-06	3.57607e-05	0.000348737	0.0031603100000000004	9.036709999999999e-05	0.0	0.0	1.05278e-05	1.4449e-05	7.44018e-06	8.04889e-05	0.00011853300000000001	5.70505e-05	0.0	1.73625e-05	0.0	9.26761e-06	3.83292e-05	4.9573200000000005e-06	0.0	0.0	3.85394e-05	8.56149e-05	2.9593199999999996e-05	0.000251712	0.0031593	1.32236e-05	0.0	2.85473e-05	0.000289494	0.0033042600000000003	8.03376e-06	1.67282e-05	0.00021776	0.0031209099999999997	9.45598e-06	0.0	2.05442e-05	0.0	0.0	0.0	1.2178900000000001e-05	0.0	0.0	0.0	0.0	0.0	0.0	0.0	0.0	0.0	0.0	0.0	2.06847e-05	4.32878e-05	0.0015404600000000002	0.0	0.0	0.000363886	0.00250483	0.000285417	0.000568458	0.00128568	0.0005258400000000001	0.0	0.0	0.0	7.85834e-05	4.1001800000000004e-05	0.0	0.000178937	0.00272182	0.0	0.0
Sin-APnd_002-Ex1-3G-lcwgs-1-2.clmp.r1r2_fastp	0.0	0.00991452	0.000336313	0.000369945	3.69945e-05	6.0536400000000005e-05	6.72627e-06	7.39889e-05	1.00894e-05	1.34525e-05	0.00010762	0.00023205600000000002	0.000218604	0.000736526	0.010650999999999999	6.72627e-05	0.000147978	5.38101e-05	1.68157e-05	7.39889e-05	0.000218604	0.0033933999999999995	0.0	0.0	0.0	0.0	6.72627e-06	0.0	1.00894e-05	4.7083900000000005e-05	4.37207e-05	0.000390123	0.00542473	0.0	1.3526699999999999e-05	1.01797e-05	1.70346e-05	0.00024296399999999997	0.0	0.0	4.52092e-05	4.19981e-05	4.58144e-05	0.000308906	0.00433479	2.52747e-05	7.6529e-05	4.0483e-05	3.71888e-06	3.76008e-06	1.14118e-05	4.62091e-05	0.000234036	0.00321019	4.00946e-05	6.91675e-05	0.000322242	0.00341662	0.000115205	0.000299458	0.0032069	0.0	1.37487e-05	3.2704e-05	8.10241e-05	0.0005935529999999999	0.00793031	0.00035541399999999997	0.004838739999999999	5.31153e-06	2.71879e-05	6.68343e-05	0.00013699100000000002	0.000234086	0.00201724	0.00469581	0.0	3.90162e-05	0.00024067499999999998	0.00273693	7.07707e-05	0.0	0.0	7.736810000000001e-06	2.3934799999999997e-05	8.231109999999999e-06	5.09793e-05	9.65128e-05	4.53341e-05	0.0	2.9091099999999997e-05	0.0	0.0	5.38535e-05	2.23355e-05	0.0	0.0	3.74635e-05	5.19157e-05	4.04905e-05	0.00023864499999999998	0.00299412	0.0	1.58383e-05	0.0	0.000258223	0.00256811	0.0	0.0	0.00028637	0.0029932699999999997	0.0	0.0	0.0	0.0	0.0	0.0	0.0	0.0	0.0	0.0	0.0	0.0	0.0	0.0	0.0	0.0	0.0	0.0	0.0	0.0	0.00154975	0.0	0.0	0.00026612399999999996	0.00286522	0.00022039300000000002	0.0008495190000000001	0.000893158	0.000341385	0.0	0.00028260199999999996	0.0	0.0	0.00032439299999999997	0.0	0.000118736	0.00299927	0.0	0.0
Sin-APnd_003-Ex1-3H-lcwgs-1-2.clmp.r1r2_fastp	0.0	0.0140815	0.000502171	0.000540136	6.55757e-05	7.76554e-05	1.2079699999999999e-05	0.00012079699999999999	1.55311e-05	1.89824e-05	0.00019500099999999999	0.00024504599999999996	0.000364117	0.000980183	0.014540500000000001	0.00011562000000000001	0.00028473599999999995	8.11067e-05	3.45135e-05	0.000119072	0.000329604	0.00441083	0.0	3.45135e-06	0.0	0.0	1.55311e-05	6.9027e-06	3.27878e-05	0.000110443	0.00010354099999999999	0.000628146	0.00730306	1.38292e-05	6.92846e-06	1.21526e-05	3.1334900000000004e-05	0.000349212	0.0	5.27508e-06	8.47452e-05	6.0297299999999996e-05	6.41595e-05	0.000365539	0.00557516	5.261009999999999e-05	8.76843e-05	5.52108e-05	1.4840899999999999e-05	3.74194e-06	2.6431400000000002e-05	0.00010293	0.000361981	0.00462384	8.26532e-05	8.56168e-05	0.00044946	0.00456227	0.000155133	0.000396329	0.0042111	4.31614e-06	2.1908399999999997e-06	3.7827299999999996e-05	0.00010853100000000001	0.0008482339999999999	0.0105921	0.000523472	0.00654586	1.72734e-05	3.01774e-05	8.204660000000001e-05	0.00012814399999999998	0.000277535	0.0025991	0.00569057	1.4217200000000002e-05	4.36024e-05	0.0003003	0.00330729	6.85259e-05	0.0	0.0	3.35115e-06	1.03113e-05	2.46887e-05	7.96572e-05	8.181539999999999e-05	7.64384e-05	3.92958e-06	1.617e-05	4.16068e-06	4.28487e-06	3.09039e-05	9.10215e-06	0.0	0.0	5.5030799999999995e-05	8.78761e-05	5.34353e-05	0.00025418399999999996	0.00357828	0.0	6.12721e-06	3.8092299999999994e-05	0.000190907	0.0035639699999999996	7.08507e-06	2.94227e-05	0.000252106	0.0035949199999999997	8.2489e-06	8.57608e-06	8.91906e-06	0.0	0.0	0.0	0.0	0.0	0.0	0.0	0.0	0.0	0.0	0.0	0.0	0.0	0.0	0.0	0.0	8.9839e-05	0.0014064	0.0	6.13055e-05	0.000213384	0.00291929	0.00032601	0.000438003	0.00117001	0.000797548	5.55519e-05	2.9010300000000002e-05	0.0	0.0	3.26985e-05	0.0	7.09927e-05	0.00367601	0.0	0.0
Sin-APnd_004-Ex1-4A-lcwgs-1-2.clmp.r1r2_fastp	0.0	0.013085199999999998	0.000513538	0.000536489	8.032989999999999e-05	9.18056e-05	8.60678e-06	0.000100412	2.58203e-05	2.29514e-05	0.00016066	0.000278286	0.000341402	0.00115044	0.0148123	0.00010901900000000001	0.000355747	9.18056e-05	1.72136e-05	0.000117626	0.000410256	0.00497759	0.0	0.0	0.0	0.0	1.43446e-05	2.8689299999999997e-06	2.00825e-05	0.000166398	6.88542e-05	0.000590999	0.007731760000000001	2.30196e-05	2.30986e-05	2.3188999999999998e-05	2.32973e-05	0.00043905800000000004	2.94357e-06	1.77701e-05	9.24305e-05	9.01047e-05	6.96309e-05	0.00037559599999999996	0.00576367	7.78272e-05	9.124380000000001e-05	0.00011455300000000001	2.57597e-05	1.63027e-05	5.61627e-05	9.71328e-05	0.00038733800000000004	0.00452489	5.6046899999999994e-05	9.6122e-05	0.00040905900000000003	0.00508678	0.000202509	0.000435451	0.00429745	7.93646e-06	4.04718e-06	4.54263e-05	0.000151786	0.0007839489999999999	0.0106459	0.000495256	0.00697883	1.8859900000000002e-05	3.86249e-05	4.94585e-05	0.000116568	0.000290921	0.00269558	0.00594048	5.6086200000000005e-06	4.0314e-05	0.00039638299999999994	0.00365344	0.000112462	0.0	0.0	2.0389e-05	2.09875e-05	7.20468e-06	0.00011877	0.000107114	4.73419e-05	0.0	2.52029e-05	0.0	8.96127e-06	7.40851e-05	1.91514e-05	9.90367e-06	2.0495e-05	4.24442e-05	0.000109917	3.4162600000000004e-05	0.00022418400000000002	0.00386326	0.0	1.3146499999999999e-05	5.45834e-05	0.00039693000000000004	0.00393243	1.5309e-05	1.59187e-05	0.00028141	0.0037011899999999996	0.0	1.8641699999999998e-05	0.0	0.0	0.0	0.0	2.28333e-05	0.0	0.0	0.0	0.0	0.0	0.0	0.0	0.0	3.3083299999999995e-05	0.0	0.0	0.0	0.00015675000000000002	0.0019206	0.0	0.0	0.000278377	0.00285762	0.00025297499999999996	0.000581467	0.00149069	0.000749282	6.0124199999999996e-05	0.00012542899999999998	6.5219e-05	0.0	7.04119e-05	0.0	0.00038129500000000003	0.0041445	0.0	0.0
Sin-APnd_005-Ex1-4B-lcwgs-1-2.clmp.r1r2_fastp	0.0	0.0105393	0.000403324	0.00046206000000000003	6.46101e-05	5.2862800000000005e-05	5.87365e-06	0.00010768400000000001	2.74104e-05	1.17473e-05	0.000168378	0.000189915	0.00027801899999999995	0.000937826	0.0118824	9.20205e-05	0.00024082000000000002	7.83153e-05	2.34946e-05	9.00626e-05	0.00027018800000000004	0.00373956	0.0	1.95788e-06	1.95788e-06	0.0	3.91576e-06	5.87365e-06	2.54525e-05	0.00012922	6.6568e-05	0.000485555	0.0059695799999999995	1.3750699999999999e-05	1.57766e-05	2.17909e-05	2.78834e-05	0.000312544	0.0	0.0	9.82267e-05	6.19038e-05	4.99704e-05	0.00032586999999999997	0.004952140000000001	4.2965e-05	8.47729e-05	9.6836e-05	1.1148200000000001e-05	4.52063e-06	3.43925e-05	0.00010705299999999999	0.000330896	0.0038237	4.396e-05	4.96937e-05	0.000374324	0.00385889	0.000157504	0.00039074400000000005	0.00369665	0.0	1.13788e-05	4.35895e-05	6.83142e-05	0.000716799	0.009149250000000001	0.00044540799999999995	0.00560498	3.33936e-06	3.76598e-05	8.42704e-05	0.00012969700000000002	0.000343909	0.0023618899999999997	0.0054659	8.02015e-06	2.8868000000000002e-05	0.00029277	0.00283437	8.09479e-05	0.0	0.0	1.4765999999999999e-05	1.01547e-05	1.57192e-05	9.73697e-05	8.93974e-05	4.04143e-05	0.0	0.0	0.0	1.3222900000000002e-05	6.84721e-06	7.09529e-06	1.47106e-05	0.0	2.37527e-05	5.75435e-05	1.70759e-05	0.00023948100000000002	0.0033269999999999997	0.0	0.0	7.26284e-05	0.000183714	0.0038154900000000004	2.34551e-05	1.22246e-05	0.00020395499999999997	0.00305792	0.0	1.4478000000000001e-05	3.0229500000000003e-05	0.0	0.0	0.0	0.0	0.0	0.0	0.0	0.0	0.0	0.0	0.0	0.0	2.68164e-05	0.0	2.9346799999999998e-05	0.0	9.62844e-05	0.00117483	0.0	0.0	0.000269057	0.00273545	0.000210567	0.000529149	0.00147749	0.0007728500000000001	0.0	0.0	0.0	5.73455e-05	5.9759499999999996e-05	6.23201e-05	6.50242e-05	0.0029289999999999997	7.242219999999999e-05	0.0
Sin-APnd_006-Ex1-4C-lcwgs-1-2.clmp.r1r2_fastp	0.0	0.0121668	0.00039146	0.000520195	4.7290400000000004e-05	6.305389999999999e-05	1.0509e-05	0.00012085299999999999	2.62725e-05	1.83907e-05	0.000144499	0.000225943	0.000291624	0.000998354	0.0138403	0.000118226	0.000296879	7.09357e-05	2.1018e-05	0.000131362	0.00041773200000000003	0.00440064	0.0	2.62725e-06	0.0	0.0	7.88174e-06	7.88174e-06	2.1018e-05	0.000110344	7.881739999999999e-05	0.000564858	0.00755071	5.26242e-06	1.58154e-05	1.3206500000000001e-05	3.1772999999999995e-05	0.000411522	0.0	8.01707e-06	9.389669999999999e-05	7.275200000000001e-05	3.7909e-05	0.000427461	0.00592796	5.24012e-05	0.000102803	0.00012044399999999999	8.4778e-06	5.70619e-06	1.72956e-05	7.57767e-05	0.000336171	0.00452974	5.7487199999999994e-05	0.00010431499999999999	0.000457646	0.00466302	0.00020558700000000002	0.000489913	0.004080729999999999	3.3832199999999998e-06	6.89331e-06	2.8108000000000003e-05	0.00010393200000000001	0.000877948	0.0109249	0.00058419	0.00669585	7.989239999999999e-06	3.68065e-05	5.86452e-05	0.0001803	0.000396092	0.00285303	0.0061484	1.90292e-05	7.33077e-05	0.00042193700000000005	0.0034037900000000003	7.96982e-05	0.0	0.0	0.0	1.79281e-05	3.08031e-05	8.26079e-05	9.18003e-05	4.73871e-05	6.9927e-06	1.4452900000000002e-05	7.47095e-06	1.54565e-05	3.1987600000000005e-05	3.31185e-05	8.57574e-06	0.0	2.7647500000000003e-05	6.69231e-05	5.9523899999999994e-05	0.00040159300000000006	0.00417993	0.0	0.0	2.3989499999999998e-05	0.00031186	0.0038282999999999998	1.3503599999999999e-05	2.81158e-05	0.000395267	0.00378204	0.0	0.0	1.72624e-05	0.0	0.0	0.0	0.0	0.0	0.0	0.0	0.0	0.0	0.0	0.0	0.0	0.0	0.0	3.27574e-05	0.0	7.1443e-05	0.00171652	0.0	0.0	0.000255563	0.0037839899999999997	0.000186195	0.000632875	0.00122145	0.0009043670000000001	0.0	5.80081e-05	6.039729999999999e-05	0.00012572	0.0	6.81182e-05	7.098239999999999e-05	0.0035646099999999997	0.0	0.0
Sin-APnd_007-Ex1-4D-lcwgs-1-2.clmp.r1r2_fastp	0.0	0.0119299	0.000456573	0.00043254299999999997	9.17515e-05	5.8983099999999994e-05	6.55368e-06	0.000135443	2.18456e-05	1.09228e-05	0.00013981199999999998	0.00022937900000000001	0.000303654	0.00089567	0.013308300000000002	0.00011578200000000001	0.000288362	6.33522e-05	1.52919e-05	0.000104859	0.00027962399999999996	0.00414193	2.18456e-06	0.0	0.0	2.18456e-06	4.36912e-06	2.18456e-06	3.05838e-05	0.000111413	5.0244900000000004e-05	0.000528664	0.006636690000000001	1.09472e-05	1.09765e-05	1.3213e-05	2.87367e-05	0.0003796	0.0	1.12115e-05	0.00013082	5.22153e-05	2.97253e-05	0.000313426	0.00517669	4.92697e-05	9.478919999999999e-05	6.46684e-05	1.21126e-05	4.90385e-06	2.9799399999999998e-05	5.28537e-05	0.00034714100000000003	0.00396823	4.20839e-05	6.94867e-05	0.000402108	0.0041981399999999995	0.000135017	0.000340842	0.0038460200000000003	5.9484099999999995e-06	6.06553e-06	1.85648e-05	0.000129488	0.000657953	0.00947403	0.00037051	0.00560758	1.40952e-05	2.16385e-05	7.38495e-05	0.00013615	0.000321608	0.00225186	0.00563192	1.6708399999999997e-05	3.00083e-05	0.00029044199999999997	0.0034527499999999997	6.96448e-05	0.0	0.0	0.0	1.55703e-05	2.13697e-05	7.15158e-05	5.10078e-05	5.84168e-05	6.02356e-06	2.48522e-05	0.0	0.0	2.7357e-05	1.4137600000000002e-05	7.30875e-06	1.5122e-05	2.34802e-05	6.48354e-05	4.19824e-05	0.000226208	0.0032283100000000003	0.0	0.0	5.03506e-05	0.000240554	0.00327048	0.0	2.3483e-05	0.000305273	0.0032141699999999997	1.3224900000000001e-05	4.13031e-05	0.0	0.0	0.0	0.0	1.69195e-05	0.0	0.0	0.0	0.0	0.0	0.0	0.0	0.0	0.0	0.0	0.0	2.8292e-05	5.91087e-05	0.00117362	0.0	0.0	0.00017645899999999999	0.00243586	0.00019313000000000002	0.00028299499999999997	0.00114249	0.000708705	4.63501e-05	0.000145624	0.0	5.27568e-05	0.000109964	0.000114697	0.000119671	0.00294691	0.0	0.0
Sin-APnd_008-Ex1-4E-lcwgs-1-2.clmp.r1r2_fastp	0.0	0.014467700000000002	0.00054698	0.000588385	0.000106781	6.97345e-05	1.52544e-05	0.000154723	3.26881e-05	1.30752e-05	0.000207024	0.000261504	0.000422766	0.00109614	0.0160803	0.000139469	0.00033559700000000003	0.000111139	2.83296e-05	0.000139469	0.00037918100000000003	0.0051385599999999995	0.0	2.1792000000000002e-06	4.35841e-06	4.35841e-06	1.30752e-05	1.52544e-05	2.83296e-05	0.000122035	0.000100243	0.0006276109999999999	0.00844877	1.09189e-05	2.40804e-05	1.53674e-05	4.40561e-05	0.000517401	2.22043e-06	1.33854e-05	0.00010315899999999999	7.21791e-05	6.35627e-05	0.000420661	0.00661029	4.18239e-05	0.000131316	0.00011129599999999999	1.67515e-05	0.0	2.69384e-05	9.67144e-05	0.000444757	0.00521515	8.01283e-05	7.08464e-05	0.000477065	0.00527363	0.000217588	0.000448347	0.00517429	5.80917e-06	1.77558e-05	1.8098e-05	0.000141487	0.000825372	0.0118374	0.000601982	0.00768148	2.04988e-05	4.19227e-05	0.00012864499999999999	0.00017184699999999998	0.000314351	0.00314203	0.00688815	1.60872e-05	4.947440000000001e-05	0.000329776	0.00396853	6.23146e-05	0.0	0.0	0.0	1.4863900000000002e-05	5.09399e-06	0.000110032	8.62639e-05	6.66017e-05	1.1429999999999999e-05	2.35481e-05	0.0	6.25535e-06	7.09664e-05	3.3285200000000004e-05	6.870529999999999e-06	0.0	3.6654100000000005e-05	5.3034799999999996e-05	4.6995e-05	0.00031579	0.00395982	0.0	0.0	1.85564e-05	0.00030762599999999997	0.00437277	1.03248e-05	5.3533700000000006e-05	0.000266522	0.00420439	2.39075e-05	2.4809699999999997e-05	1.28737e-05	0.0	0.0	0.0	2.99421e-05	0.0	0.0	0.0	0.0	0.0	0.0	0.0	0.0	0.0	0.0	0.0	0.0	4.9580900000000005e-05	0.0014699799999999999	2.6828099999999998e-05	2.79103e-05	0.000174218	0.0035043799999999996	0.000283066	0.000229328	0.0012622100000000002	0.0009945190000000001	0.0	3.84435e-05	3.98651e-05	0.0	0.000128432	4.4408e-05	0.000184332	0.00408091	0.0	0.0
Sin-APnd_009-Ex1-4F-lcwgs-1-2.clmp.r1r2_fastp	0.0	0.0105502	0.000355395	0.00044678200000000006	4.31551e-05	8.37717e-05	1.5231199999999999e-05	8.88488e-05	3.0462399999999998e-05	1.5231199999999999e-05	0.000175159	0.000210699	0.000345241	0.000875795	0.012332200000000001	6.60019e-05	0.00026908499999999996	8.37717e-05	2.79239e-05	9.39259e-05	0.000289393	0.00404643	2.53854e-06	5.0770700000000005e-06	0.0	0.0	5.0770700000000005e-06	0.0	1.5231199999999999e-05	0.000101541	6.34634e-05	0.000512784	0.00653165	1.01775e-05	7.65362e-06	1.53547e-05	2.0548399999999998e-05	0.00040748399999999995	0.0	5.20689e-06	7.06774e-05	5.5301e-05	5.8317e-05	0.000307049	0.00484162	2.9860900000000004e-05	8.49376e-05	8.85587e-05	8.39158e-06	2.82929e-06	2.57728e-05	7.54118e-05	0.000279273	0.0036195700000000003	7.26237e-05	7.98984e-05	0.000306048	0.00409033	0.00015511	0.00038494300000000006	0.0034925799999999995	3.41647e-06	6.96879e-06	2.4892300000000002e-05	7.98881e-05	0.000693824	0.00868371	0.000469564	0.00548551	2.44055e-05	2.91742e-05	5.55422e-05	8.32454e-05	0.000265221	0.00220543	0.00502731	0.0	1.5013400000000001e-05	0.000442631	0.00265813	7.62991e-05	0.0	5.78079e-06	5.9573e-06	2.45708e-05	2.53487e-05	7.194720000000001e-05	0.000128326	6.97783e-05	0.0	2.23734e-05	7.71487e-06	7.98681e-06	6.61668e-05	0.0	0.0	0.0	9.55923e-06	0.000109168	8.245939999999999e-05	0.00014989999999999998	0.00284823	0.0	0.0	0.0	0.000287001	0.0031118599999999997	0.0	0.0	0.00021563099999999998	0.00302045	1.67688e-05	5.250880000000001e-05	0.0	0.0	0.0	0.0	4.35709e-05	0.0	2.38247e-05	0.0	0.0	0.0	0.0	0.0	0.0	3.27051e-05	0.0	0.0	0.0	3.93377e-05	0.0011947	0.0	0.0	0.00014225299999999998	0.00243609	0.00041707599999999995	0.000492311	0.000573933	0.000963211	0.0	6.61732e-05	0.0	0.0	7.549689999999999e-05	0.0	8.26265e-05	0.0031237	0.0	0.0
Sin-APnd_010-Ex1-4G-lcwgs-1-2.clmp.r1r2_fastp	0.0	0.013229	0.000513335	0.00056406	5.47828e-05	7.50728e-05	8.11598e-06	0.00012174	2.63769e-05	2.4347899999999998e-05	0.00016232	0.000243479	0.000357103	0.0009333370000000001	0.014931400000000001	0.00010956599999999999	0.000255653	8.11598e-05	2.4347899999999998e-05	9.942069999999999e-05	0.000314494	0.00470929	0.0	0.0	0.0	0.0	2.02899e-05	2.02899e-06	8.11598e-06	0.000107537	8.11598e-05	0.000578263	0.007344959999999999	6.1008300000000005e-06	2.65072e-05	1.63616e-05	2.05255e-05	0.000389455	0.0	6.23821e-06	7.52502e-05	5.886220000000001e-05	5.07679e-05	0.000389733	0.00608221	4.10873e-05	8.94174e-05	8.802610000000001e-05	1.33312e-05	2.24455e-06	2.94934e-05	8.259559999999999e-05	0.000383063	0.00443289	4.28574e-05	5.79183e-05	0.00038912500000000004	0.00443262	0.000168913	0.000427629	0.00420764	0.0	1.07639e-05	1.917e-05	0.00011711600000000001	0.000769881	0.0100339	0.000502049	0.006213529999999999	1.53803e-05	2.82756e-05	0.00010914400000000001	0.00011812799999999999	0.00029862	0.00260873	0.00581793	2.5182199999999998e-05	5.52808e-05	0.000309727	0.00316798	0.00010724600000000001	0.0	0.0	4.29664e-06	3.0901e-05	2.7224200000000003e-05	9.33245e-05	9.1213e-05	3.45925e-05	5.0889699999999995e-06	3.67031e-05	0.0	5.5746299999999995e-06	3.45104e-05	5.93731e-06	6.1316200000000004e-06	0.0	1.96524e-05	6.0976e-05	2.80428e-05	0.000203182	0.0032822	0.0	8.06058e-06	4.17852e-05	0.000260143	0.0034013100000000003	9.34162e-06	9.70266e-06	0.000201636	0.00346804	0.0	1.1326600000000001e-05	2.35616e-05	0.0	0.0	0.0	2.76572e-05	0.0	0.0	0.0	0.0	0.0	0.0	0.0	0.0	2.00266e-05	0.0	0.0	0.0	0.00011858900000000001	0.0016087400000000002	2.58407e-05	0.0	0.00016902600000000002	0.00291283	9.22377e-05	0.000353571	0.00104162	0.000702397	3.66789e-05	0.000114934	0.0	0.0	0.00012967800000000001	0.0	0.00032863799999999997	0.00304678	5.22474e-05	0.0
Sin-APnd_011-Ex1-4H-lcwgs-1-2.clmp.r1r2_fastp	0.0	0.0125945	0.000484614	0.0004901	8.41217e-05	6.40056e-05	1.64586e-05	0.00012618299999999998	3.47459e-05	9.14366e-06	0.00019018800000000002	0.00023956399999999997	0.00030357	0.00103141	0.0146884	0.000106066	0.00035477400000000003	7.4978e-05	1.82873e-05	0.000102409	0.000343802	0.00463767	0.0	5.4862e-06	0.0	7.3149300000000005e-06	7.3149300000000005e-06	3.6574699999999997e-06	2.0116100000000002e-05	0.000111553	8.59504e-05	0.0006638299999999999	0.0076569	1.10038e-05	7.36036e-06	1.66235e-05	2.96861e-05	0.000430699	0.0	1.1314099999999999e-05	0.00014993	8.21821e-05	4.8146400000000004e-05	0.000396143	0.00605278	6.72695e-05	8.19613e-05	0.00010712	2.6582700000000002e-05	6.21033e-06	4.1940699999999996e-05	7.652289999999999e-05	0.000372968	0.00473004	5.55395e-05	6.09444e-05	0.00042910400000000003	0.00510491	0.000152044	0.00043300099999999997	0.0043693000000000004	1.00467e-05	1.28051e-05	3.39666e-05	0.00012268400000000002	0.0008525709999999999	0.0110198	0.000543498	0.007011409999999999	1.4891400000000001e-05	3.65875e-05	0.00011242	0.000137579	0.00034428599999999996	0.00278377	0.0065936499999999995	7.0773299999999995e-06	2.90616e-05	0.000339475	0.0036444900000000002	6.69534e-05	0.0	0.0	8.56812e-06	1.32282e-05	4.5403599999999995e-06	9.82167e-05	8.67545e-05	5.4659899999999995e-05	0.0	1.58613e-05	0.0	5.63478e-06	6.40253e-05	1.80441e-05	0.0	1.9289600000000002e-05	1.99584e-05	6.88643e-05	4.27771e-05	0.000258399	0.0041898099999999995	0.0	8.209520000000001e-06	1.70266e-05	0.000344519	0.0042629700000000005	1.90333e-05	2.9647e-05	0.000266898	0.00387096	1.10824e-05	2.30337e-05	1.19703e-05	0.0	0.0	0.0	1.4000200000000002e-05	0.0	1.51483e-05	0.0	0.0	0.0	0.0	0.0	0.0	2.00147e-05	0.0	0.0	4.51589e-05	0.000188053	0.00212897	0.0	0.0	0.000165704	0.00307581	5.98911e-05	0.000343231	0.0013002	0.000575527	0.0	7.32558e-05	0.0	0.0	8.16088e-05	4.23232e-05	0.000131762	0.00448307	0.0	0.0
Sin-APnd_012-Ex1-5A-lcwgs-1-2.clmp.r1r2_fastp	0.0	0.014499900000000001	0.000501045	0.0005761000000000001	7.70838e-05	8.114090000000001e-05	8.11409e-06	0.000121711	4.05704e-05	1.82567e-05	0.00021908	0.000249508	0.000393533	0.0010467200000000001	0.015583099999999999	0.00014402500000000002	0.000290079	8.114090000000001e-05	2.23137e-05	0.000113597	0.000373248	0.005134189999999999	0.0	2.02852e-06	0.0	2.02852e-06	1.4199699999999999e-05	6.085569999999999e-06	2.83993e-05	0.00011968299999999999	8.72264e-05	0.000675498	0.00835142	1.6260199999999997e-05	4.07441e-06	2.65529e-05	4.09778e-05	0.00040296000000000006	2.0638100000000003e-06	6.21777e-06	0.000120778	5.02383e-05	5.0529200000000004e-05	0.000413172	0.00635237	8.17103e-05	9.7572e-05	8.53245e-05	1.1045e-05	1.11595e-05	2.9335200000000003e-05	0.00010044499999999999	0.000409027	0.00478446	6.40554e-05	5.5338700000000006e-05	0.00042969000000000004	0.00531201	0.00017877099999999999	0.000424796	0.00457959	2.6469e-06	8.08109e-06	4.38802e-05	0.000128503	0.0009993340000000002	0.0113159	0.0005418980000000001	0.00726803	1.23413e-05	5.35714e-05	0.000125575	0.000157965	0.000329728	0.00282896	0.00648336	1.0815e-05	4.06099e-05	0.000317693	0.0033837600000000004	0.00011522899999999999	0.0	0.0	0.0	2.20268e-05	2.71517e-05	0.000148816	0.000119537	4.42653e-05	5.06176e-06	1.0421900000000001e-05	5.3672300000000004e-06	5.5318e-06	4.56294e-05	2.3535600000000002e-05	6.072819999999999e-06	0.0	3.88736e-05	8.0375e-05	2.07787e-05	0.00021491	0.0036683	0.0	0.0	2.4690200000000003e-05	0.000187772	0.0038414300000000003	1.8367e-05	3.81361e-05	0.00021779299999999998	0.00396872	0.0	2.22121e-05	1.15448e-05	0.0	0.0	0.0	0.0	0.0	0.0	0.0	0.0	0.0	0.0	0.0	0.0	1.9494800000000002e-05	0.0	0.0	0.0	0.0	0.0016120099999999999	0.0	2.62049e-05	0.00010942	0.00245575	0.000268502	0.000405271	0.00123822	0.000987346	0.0	0.0	0.0	0.0	0.0	0.0	0.0	0.00289951	0.0	0.0
Sin-APnd_013-Ex1-5B-lcwgs-1-2.clmp.r1r2_fastp	0.0	0.011083500000000001	0.000462303	0.000504544	0.000103255	7.04014e-05	1.40803e-05	0.000140803	3.52007e-05	1.6427e-05	0.000152536	0.00022997799999999999	0.000312113	0.000889405	0.011799299999999999	0.000138456	0.00033558000000000004	6.80547e-05	2.34671e-05	0.00010560200000000001	0.00031445999999999997	0.00392605	4.69343e-06	0.0	0.0	0.0	2.11204e-05	4.69343e-06	3.2854e-05	0.000140803	0.00011264200000000001	0.0005092370000000001	0.00654264	1.88219e-05	2.59594e-05	1.1841799999999999e-05	4.28144e-05	0.000353731	0.0	9.67061e-06	9.24892e-05	7.601500000000001e-05	6.67535e-05	0.000344279	0.00494365	6.367410000000001e-05	0.000115953	0.00012784300000000002	1.58642e-05	8.04507e-06	2.72209e-05	5.8071799999999995e-05	0.000306446	0.0038017199999999998	7.57287e-05	4.45207e-05	0.000378293	0.004081850000000001	0.000176527	0.000350985	0.00355433	1.00959e-05	0.0	2.46693e-05	9.745e-05	0.000699046	0.00918908	0.00047844600000000005	0.0058278800000000006	8.195980000000001e-06	5.89239e-05	7.78372e-05	0.00020444	0.000292404	0.0022695099999999998	0.005288719999999999	2.4878300000000002e-05	3.58649e-05	0.00041694299999999997	0.00275179	4.48467e-05	0.0	0.0	6.1508e-06	1.26987e-05	1.9670699999999998e-05	8.806269999999999e-05	8.40217e-05	7.964590000000001e-05	1.49796e-05	7.750280000000001e-06	8.02245e-06	0.0	6.02722e-05	8.92478e-06	0.0	0.0	4.98347e-05	6.21117e-05	4.30174e-05	0.000290517	0.00282136	0.0	1.2552900000000001e-05	1.30627e-05	0.000190454	0.00272044	1.47628e-05	0.0	0.000208531	0.00284376	0.0	1.8208e-05	1.90043e-05	0.0	0.0	0.0	2.2597600000000002e-05	0.0	0.0	0.0	0.0	0.0	0.0	0.0	0.0	0.0	0.0	0.0	0.0	8.08421e-05	0.00101529	0.0	0.0	0.00014567899999999999	0.0023905	0.000373155	0.000502944	0.0011132	0.00085995	0.0	0.000134871	0.0	7.348000000000001e-05	0.000153419	0.0	8.376540000000001e-05	0.0029022	0.0	0.0
Sin-APnd_014-Ex1-5C-lcwgs-1-2.clmp.r1r2_fastp	0.0	0.00970699	0.00048989	0.0004926430000000001	6.60526e-05	8.80702e-05	8.25658e-06	0.000129353	2.75219e-05	2.47697e-05	0.00017614	0.000228432	0.000280724	0.000836667	0.0108134	0.00010733599999999999	0.000261458	6.05482e-05	1.10088e-05	0.000104583	0.000272467	0.0033466700000000004	0.0	2.7521900000000002e-06	0.0	5.50439e-06	5.50439e-06	2.7521900000000002e-06	3.85307e-05	0.000126601	8.5318e-05	0.00048163400000000004	0.005941989999999999	5.51996e-06	1.10775e-05	2.5024699999999998e-05	3.91154e-05	0.00038204300000000004	0.0	5.6907500000000005e-06	0.000111807	8.67264e-05	4.0845e-05	0.000268178	0.00489866	4.8250899999999996e-05	0.000119128	0.00010218699999999999	9.4258e-06	6.3815799999999995e-06	2.5944299999999998e-05	4.61814e-05	0.00030222800000000003	0.00356502	9.06952e-05	6.05056e-05	0.000312519	0.00383207	0.000167057	0.000330158	0.0033597299999999996	4.07197e-06	8.345389999999999e-06	1.7113700000000002e-05	0.000114126	0.0006759429999999999	0.00865167	0.000456732	0.00531817	2.0132699999999998e-05	1.03614e-05	9.06962e-05	0.000148388	0.00024352800000000002	0.00221302	0.00495695	0.0	1.92528e-05	0.000304946	0.00267837	0.00010619500000000001	0.0	0.0	2.35055e-05	1.62238e-05	1.6803400000000002e-05	8.70719e-05	0.000117353	6.55529e-05	0.0	0.0	0.0	1.0890200000000001e-05	5.66105e-05	1.17788e-05	0.0	0.0	1.32923e-05	2.77044e-05	4.3327e-05	0.000180669	0.0033436299999999998	1.63781e-05	1.70968e-05	7.14389e-05	0.000168005	0.00300438	0.0	6.40221e-05	0.000156348	0.0027582699999999997	2.4479499999999998e-05	5.1260799999999995e-05	0.0	0.0	0.0	0.0	0.0	0.0	0.0	0.0	0.0	0.0	0.0	0.0	0.0	0.0	0.0	0.0	0.0	6.04854e-05	0.00120669	0.0	0.0	7.35927e-05	0.00255178	0.000162633	0.000256437	0.000808709	0.000661191	0.0	0.000104145	0.0	0.0	0.0	0.0	0.00039367099999999995	0.00262283	0.0	0.0
Sin-APnd_015-Ex1-5D-lcwgs-1-2.clmp.r1r2_fastp	0.0	0.0110687	0.000477723	0.000508454	8.38111e-05	8.10174e-05	8.38111e-06	0.00014247900000000002	1.67622e-05	1.67622e-05	0.00019555900000000002	0.00021790900000000002	0.00032407000000000003	0.0008548739999999999	0.0116665	0.00015644700000000002	0.00029054499999999996	8.38111e-05	2.23496e-05	0.00012851	0.00031010099999999996	0.00396706	0.0	0.0	2.7937e-06	8.38111e-06	8.38111e-06	8.38111e-06	4.19056e-05	0.000111748	7.82237e-05	0.000541979	0.00654286	8.39822e-06	1.4030999999999998e-05	1.9699e-05	3.9532799999999995e-05	0.000388345	0.0	8.58214e-06	5.7527499999999994e-05	7.23491e-05	9.32375e-05	0.00036695799999999997	0.004907910000000001	4.77969e-05	9.05134e-05	0.000109781	2.1593e-05	6.24553e-06	2.21467e-05	8.981850000000001e-05	0.000273395	0.00396593	6.38098e-05	8.53862e-05	0.000392755	0.00407035	0.000187553	0.00038985500000000004	0.00389142	3.83108e-06	1.17409e-05	3.2001e-05	0.000114558	0.000640646	0.00924458	0.0005755830000000001	0.00583851	1.84866e-05	3.32039e-05	7.30664e-05	0.00017015	0.000277761	0.0022639	0.00492529	1.12057e-05	4.6165800000000004e-05	0.000267572	0.00293605	7.58602e-05	0.0	0.0	2.08537e-05	2.87297e-05	0.0	0.00012283	6.35423e-05	4.932749999999999e-05	8.513240000000001e-06	1.76401e-05	0.0	9.48318e-06	7.87252e-05	0.0	0.0	0.0	2.2934199999999998e-05	4.77136e-05	1.24142e-05	0.00027136900000000004	0.0030137700000000003	1.40121e-05	0.0	1.52261e-05	0.000270118	0.00286806	0.0	1.80744e-05	0.000264318	0.00276187	0.0	2.1571199999999998e-05	0.0	0.0	0.0	0.0	5.41396e-05	0.0	0.0	0.0	0.0	0.0	0.0	0.0	0.0	8.23588e-05	0.0	0.0	0.0	9.96271e-05	0.00109706	0.0	5.75238e-05	0.000120788	0.0031705400000000003	6.6616e-05	0.000769813	0.00132371	0.000927151	0.0	8.51816e-05	0.0	0.0	0.0	0.000102276	0.0	0.0028188099999999997	0.0	0.0
Sin-APnd_016-Ex1-5E-lcwgs-1-2.clmp.r1r2_fastp	0.0	0.010261	0.000499238	0.00045869	9.376540000000001e-05	7.34918e-05	1.01368e-05	0.000139381	4.30814e-05	2.02736e-05	0.000164723	0.000248352	0.000286365	0.000848957	0.0112645	0.000124176	0.000309173	8.8697e-05	3.54788e-05	0.00011403900000000001	0.00024328299999999998	0.00367459	0.0	0.0	5.0684e-06	0.0	5.0684e-06	7.6026e-06	4.05472e-05	0.000131778	9.376540000000001e-05	0.00046375899999999995	0.0063203	1.27126e-05	1.27622e-05	2.0512e-05	1.80467e-05	0.00034758799999999997	0.0	5.26352e-06	0.00012740199999999998	0.000107164	5.954809999999999e-05	0.00035858	0.00484662	6.739099999999999e-05	9.682999999999999e-05	0.000106972	2.05639e-05	5.97526e-06	3.0409000000000003e-05	0.00010222600000000001	0.000328443	0.00376998	5.9221e-05	3.69762e-05	0.00039522900000000003	0.0040157100000000005	0.000205199	0.000320814	0.0036355800000000002	7.7496e-06	1.9872e-05	2.4474499999999998e-05	0.000142418	0.000658485	0.0093316	0.000418688	0.00574127	2.41017e-05	3.47504e-05	0.00010228800000000001	0.00010013400000000001	0.000336813	0.00255463	0.00506879	1.7896e-05	4.3115500000000004e-05	0.000305369	0.00299753	7.47353e-05	0.0	0.0	1.5034599999999998e-05	1.5564000000000002e-05	1.6118399999999998e-05	0.00010854	0.000129801	4.48668e-05	0.0	0.0	0.0	2.08212e-05	8.65375e-05	1.1243900000000001e-05	1.1692200000000001e-05	1.21633e-05	2.53233e-05	5.27456e-05	1.37354e-05	0.000400657	0.0030857700000000003	0.0	1.62047e-05	5.07196e-05	0.00022954200000000003	0.00296875	1.9266300000000002e-05	0.0	0.00016839699999999998	0.0030593099999999995	0.0	7.22444e-05	2.5194400000000004e-05	0.0	0.0	0.0	0.0	0.0	0.0	0.0	0.0	0.0	0.0	0.0	0.0	0.0	0.0	0.0	0.000105867	5.5514800000000006e-05	0.0016301900000000001	0.0	0.0	0.000201444	0.0030996	0.00022183999999999998	0.000310593	0.000815163	0.000855522	0.0	9.41006e-05	0.0	0.0	0.00021471499999999998	0.0	0.00011751800000000001	0.00345779	0.0	0.0
Sin-APnd_017-Ex1-5F-lcwgs-1-2.clmp.r1r2_fastp	0.0	0.0102864	0.000442232	0.000421029	5.7550700000000004e-05	7.57246e-05	1.21159e-05	0.000133275	3.6347800000000005e-05	3.33188e-05	0.00016356499999999998	0.000215058	0.000311985	0.000878405	0.011301100000000001	0.000133275	0.000281695	6.05797e-05	3.6347800000000005e-05	0.000127217	0.000293811	0.00362266	3.0289799999999996e-06	0.0	0.0	0.0	1.21159e-05	0.0	2.4231899999999997e-05	0.00011813000000000001	7.87536e-05	0.000520985	0.00633057	2.4295700000000002e-05	1.5232999999999998e-05	9.17356e-06	1.2286200000000001e-05	0.000321038	0.0	9.37194e-06	0.000113258	5.7073e-05	5.7566e-05	0.000342212	0.00482782	4.94875e-05	8.01513e-05	0.000104887	1.71542e-05	1.04452e-05	4.95097e-05	6.11106e-05	0.000351058	0.00382348	4.5514e-05	9.66675e-05	0.000382637	0.0038698	0.000172771	0.000399425	0.00340128	0.0	1.3511e-05	2.30648e-05	0.00013236999999999998	0.00074659	0.00901803	0.000454458	0.00574792	5.38925e-06	5.54054e-05	6.838249999999999e-05	0.00014657100000000002	0.00024136800000000002	0.00220535	0.00512535	1.31877e-05	2.7194500000000002e-05	0.000238431	0.00264073	6.72017e-05	0.0	0.0	2.46834e-05	8.505139999999999e-06	3.51783e-05	3.6396700000000003e-05	0.00012244	4.87685e-05	0.0	1.04697e-05	1.08532e-05	0.0	4.67353e-05	0.0	0.0	0.0	5.444e-05	4.24713e-05	5.89212e-05	0.000229902	0.0028707299999999997	0.0	0.0	7.2096e-05	0.00022556	0.0033123700000000002	0.0	2.13433e-05	0.00026736800000000003	0.00267598	2.431e-05	7.617999999999999e-05	0.0	0.0	0.0	0.0	0.0	0.0	0.0	0.0	0.0	0.0	0.0	0.0	0.0	0.0	0.0	0.0	0.0	5.7455e-05	0.00120373	0.0	0.0	0.00020770499999999998	0.00246762	0.000380598	7.983589999999999e-05	0.0013394799999999999	0.000702414	0.0	0.000192878	0.0	0.0	0.000109929	0.0	0.00012026200000000001	0.0030307900000000002	0.0	0.0
Sin-APnd_018-Ex1-5G-lcwgs-1-2.clmp.r1r2_fastp	0.0	0.00990119	0.000358334	0.00045232400000000004	7.93035e-05	5.58062e-05	2.93717e-06	9.98636e-05	2.93717e-05	2.05602e-05	0.00016741800000000002	0.000179167	0.000255533	0.0006902340000000001	0.0105503	0.000138047	0.000246722	9.39893e-05	2.64345e-05	0.000105738	0.00026728200000000003	0.0034276700000000003	0.0	0.0	0.0	2.93717e-06	1.17487e-05	0.0	2.64345e-05	0.00013511	6.75548e-05	0.000475821	0.00579797	1.17758e-05	1.47604e-05	2.0730799999999998e-05	4.1622299999999996e-05	0.000298597	0.0	3.0171300000000003e-06	7.89273e-05	7.33553e-05	4.00353e-05	0.000291907	0.00445667	5.0650300000000005e-05	9.92039e-05	8.094000000000001e-05	1.3113299999999999e-05	3.32246e-06	4.04383e-05	8.551609999999999e-05	0.000281476	0.0034057399999999995	3.2350899999999995e-05	2.92811e-05	0.000302102	0.0038067	0.000151344	0.000380391	0.00308874	0.0	2.11662e-05	2.16638e-05	0.00014200200000000001	0.000668518	0.0084177	0.000363686	0.00527634	5.0463e-06	5.1861499999999995e-06	6.39984e-05	6.58372e-05	0.000293628	0.00184326	0.0046187	0.0	1.9108299999999998e-05	0.00022346199999999998	0.00276823	9.108920000000001e-05	0.0	0.0	7.73687e-06	2.4014500000000002e-05	2.4858200000000002e-05	0.000111554	0.000142256	5.5307300000000005e-05	0.0	3.9685200000000004e-05	1.03023e-05	2.14081e-05	4.4502299999999996e-05	0.0	0.0	0.0	3.91761e-05	5.44438e-05	2.8383599999999997e-05	0.000147991	0.00251632	0.0	0.0	5.2719099999999995e-05	0.000202068	0.00293882	0.0	4.20328e-05	0.00021999100000000003	0.00345497	4.82559e-05	0.0	0.0	0.0	0.0	0.0	6.40243e-05	0.0	0.0	0.0	0.0	0.0	0.0	0.0	0.0	4.9533599999999996e-05	0.0	0.0	5.74531e-05	0.0	0.00158625	0.0	0.0	0.000221077	0.00271223	0.00024460599999999997	0.00042911999999999996	0.00153548	0.00114104	0.0	0.0	0.0	0.0	0.00012125	0.0	0.000266829	0.00224777	0.0	0.0
Sin-APnd_019-Ex1-5H-lcwgs-1-2.clmp.r1r2_fastp	0.0	0.0119041	0.000511427	0.000572312	7.06257e-05	7.79318e-05	9.74147e-06	0.000158299	2.9224399999999998e-05	1.70476e-05	0.00019239400000000003	0.00026789100000000003	0.00035069299999999996	0.000927875	0.0132435	0.00011202699999999999	0.000287374	9.49794e-05	1.70476e-05	0.000104721	0.000321469	0.00426677	0.0	4.87074e-06	0.0	2.43537e-06	9.74147e-06	4.87074e-06	2.6789100000000004e-05	0.000116898	0.000107156	0.000647808	0.00717216	1.22035e-05	9.78792e-06	1.96341e-05	3.6945999999999995e-05	0.000422878	2.48406e-06	1.2482900000000002e-05	0.000140591	7.83119e-05	4.83292e-05	0.00039213400000000004	0.00546619	5.9989500000000006e-05	8.429660000000001e-05	0.000117154	1.0773600000000001e-05	8.17965e-06	3.59111e-05	8.12202e-05	0.000386467	0.00414914	4.98386e-05	5.66358e-05	0.000363938	0.00434429	0.000154129	0.00037832999999999996	0.0039762999999999995	0.0	6.81356e-06	2.08816e-05	7.47083e-05	0.000731447	0.0101562	0.000484335	0.00610325	3.60456e-05	3.69641e-05	7.58558e-05	0.000138426	0.000244307	0.0024825	0.0055674	1.44691e-05	1.98507e-05	0.000306492	0.00309833	8.12882e-05	0.0	0.0	5.93987e-06	0.0	1.26588e-05	9.15409e-05	6.7583e-05	5.5914599999999995e-05	7.23031e-06	3.74179e-05	7.74974e-06	8.03061e-06	4.16172e-05	0.0	0.0	0.0	3.86374e-05	7.02724e-05	3.1307500000000005e-05	0.000282155	0.0031712	0.0	0.0	7.63805e-05	0.000238864	0.00297367	1.44239e-05	4.5148e-05	0.000157046	0.00291808	0.0	0.0	0.0	0.0	0.0	0.0	2.22932e-05	0.0	0.0	0.0	0.0	0.0	0.0	0.0	0.0	3.34972e-05	0.0	0.0	0.0	4.03032e-05	0.0013516099999999998	0.0	0.0	0.000243025	0.00275182	0.000106926	0.00022439600000000002	0.000706341	0.000988371	0.0	6.795589999999999e-05	0.0	0.0	7.75626e-05	0.0	0.00042434300000000004	0.002853	0.0	0.0
Sin-APnd_020-Ex1-6A-lcwgs-1-2.clmp.r1r2_fastp	0.0	0.0124439	0.000562994	0.000612417	9.23998e-05	9.88463e-05	1.5041799999999999e-05	0.000171907	4.51255e-05	1.07442e-05	0.000182651	0.000302985	0.00034811099999999996	0.0010121	0.0140104	0.000176204	0.00035026	9.23998e-05	1.71907e-05	0.000161162	0.000324474	0.004491060000000001	0.0	2.14883e-06	0.0	0.0	1.07442e-05	4.29767e-06	2.3637199999999998e-05	0.000148269	8.81022e-05	0.000657543	0.007619760000000001	1.72336e-05	8.6416e-06	2.16746e-05	4.56955e-05	0.000367144	0.0	1.1038500000000001e-05	0.00011548299999999999	8.94214e-05	8.106549999999999e-05	0.00043581800000000003	0.005606	3.93068e-05	0.000172894	0.000146488	1.91311e-05	2.42241e-06	4.17515e-05	8.47293e-05	0.00043778800000000004	0.00453127	8.3694e-05	9.31688e-05	0.00047987	0.0046337800000000005	0.000185994	0.000465865	0.00419608	0.0	1.2263699999999999e-05	4.3897000000000003e-05	0.00010588299999999999	0.000752353	0.0100377	0.000534796	0.006146169999999999	1.81514e-05	3.72604e-05	0.000153056	0.000255502	0.000355436	0.00255377	0.00541534	4.39379e-06	2.7137199999999998e-05	0.000400507	0.0028592	7.90762e-05	0.0	5.25185e-06	1.62505e-05	1.11804e-05	3.4629400000000004e-05	7.15417e-05	0.000166341	7.6431e-05	0.0	2.7259500000000002e-05	7.053679999999999e-06	0.0	6.05679e-05	0.0	0.0	0.0	1.75356e-05	5.4644999999999996e-05	2.8388799999999998e-05	0.00020648800000000003	0.0031361600000000002	0.0	0.0	6.89989e-05	0.00017976800000000002	0.00317169	0.0	2.7148500000000003e-05	0.000311492	0.0027329	0.0	1.61012e-05	0.0	0.0	0.0	0.0	2.0035499999999998e-05	0.0	0.0	0.0	0.0	0.0	0.0	0.0	0.0	2.99755e-05	0.0	0.0	0.0	3.6062499999999996e-05	0.00124656	0.0	0.0	0.000130341	0.00195876	0.00033466599999999996	0.000501838	0.000789917	0.00110457	5.785729999999999e-05	0.00018177299999999998	0.0	0.0	0.000138154	0.0	7.56076e-05	0.00238447	0.0	0.0
Sin-APnd_021-Ex1-6B-lcwgs-1-2.clmp.r1r2_fastp	0.0	0.0147064	0.000451254	0.000630635	8.408459999999999e-05	7.007049999999999e-05	1.68169e-05	0.000114916	2.8028200000000004e-05	1.68169e-05	0.000179381	0.00024104299999999998	0.00041762	0.0010930999999999998	0.0156033	0.000134535	0.00031671900000000003	7.007049999999999e-05	2.52254e-05	0.000123324	0.00034755	0.00482085	0.0	2.80282e-06	0.0	0.0	2.80282e-06	2.80282e-06	4.2042299999999996e-05	0.00016536600000000002	0.00010090199999999999	0.0006390430000000001	0.00821507	1.96676e-05	1.6904899999999998e-05	2.82638e-05	3.40428e-05	0.000407326	0.0	1.4376000000000001e-05	0.00010984299999999998	6.97811e-05	7.60792e-05	0.000497953	0.00597924	5.6868400000000006e-05	7.84978e-05	7.92273e-05	6.15445e-06	3.10938e-06	2.51501e-05	7.95034e-05	0.000405583	0.00443686	7.59799e-05	8.038509999999999e-05	0.0004892589999999999	0.00481402	0.000206612	0.000519445	0.00431079	3.67758e-06	1.12237e-05	1.9040399999999998e-05	0.000159009	0.00082591	0.0104299	0.000558799	0.00670779	1.2838199999999998e-05	3.93326e-05	6.6975e-05	0.000109515	0.000312563	0.00267234	0.00589355	1.49963e-05	2.5598899999999996e-05	0.000293783	0.00334463	8.26975e-05	0.0	5.80329e-06	0.0	1.2238199999999999e-05	2.51523e-05	8.40449e-05	5.31921e-05	8.20978e-05	7.04273e-06	1.45057e-05	7.47221e-06	2.31113e-05	6.355299999999999e-05	0.0	0.0	0.0	4.5152000000000004e-05	5.60187e-05	1.93118e-05	0.00020973499999999998	0.0032749500000000004	1.06914e-05	2.21433e-05	2.29448e-05	0.00026177599999999997	0.00320929	0.0	3.98959e-05	0.00019331199999999998	0.0032554800000000003	1.4903100000000001e-05	4.64619e-05	0.0	0.0	0.0	0.0	0.0	0.0	0.0	0.0	0.0	0.0	0.0	0.0	0.0	2.7241700000000004e-05	0.0	0.0	0.0	3.22755e-05	0.0015491199999999998	0.0	7.3386e-05	0.000498176	0.0032416899999999998	0.000167358	0.000306304	0.00109781	0.0007650679999999999	0.0	0.0	0.0	5.6509800000000006e-05	0.000235364	0.0	6.39797e-05	0.00288213	0.0	0.0
Sin-APnd_022-Ex1-6C-lcwgs-1-2.clmp.r1r2_fastp	0.0	0.011971	0.00043463000000000003	0.000639527	5.5881e-05	9.934399999999999e-05	6.208999999999999e-06	0.00010555300000000001	1.2417999999999999e-05	1.8627e-05	0.00016143399999999999	0.00019247899999999998	0.000347704	0.00108658	0.0142807	8.6926e-05	0.00024836	7.4508e-05	2.4835999999999997e-05	7.4508e-05	0.00032286799999999997	0.00436493	0.0	0.0	0.0	0.0	6.208999999999999e-06	6.208999999999999e-06	3.1045e-05	8.071699999999999e-05	8.6926e-05	0.000651945	0.00753773	0.0	6.23812e-06	3.12816e-05	5.02272e-05	0.00034037499999999997	0.0	6.361849999999999e-06	7.035840000000001e-05	4.50429e-05	5.1815600000000006e-05	0.000339244	0.00546462	1.9899299999999998e-05	6.69493e-05	6.76172e-05	0.0	0.0	2.79784e-05	8.499939999999999e-05	0.000401979	0.00430209	5.1705299999999994e-05	3.7499899999999996e-05	0.00045718900000000004	0.00466329	0.00014970899999999999	0.000481177	0.00400971	0.0	1.69617e-05	1.72994e-05	0.000105922	0.0008202490000000001	0.00993646	0.000602482	0.00583488	3.9406e-05	2.01709e-05	4.1320400000000005e-05	5.2924600000000005e-05	0.000336334	0.00244783	0.006130399999999999	1.17184e-05	1.20328e-05	0.00037087999999999997	0.0030621999999999997	7.83717e-05	0.0	0.0	0.0	1.4655900000000001e-05	4.5302e-05	0.00010897600000000001	9.63497e-05	4.97193e-05	0.0	0.0	0.0	0.0	0.0	4.04489e-05	0.0	0.0	2.24784e-05	2.33057e-05	2.41773e-05	0.00037620300000000003	0.00343407	0.0	0.0	2.91586e-05	0.000212319	0.00419544	3.28223e-05	0.0	0.000462482	0.00370536	0.0	0.0	0.0	0.0	0.0	0.0	0.0	0.0	0.0	0.0	0.0	0.0	0.0	0.0	0.0	0.0	0.0	0.0	0.0	8.67364e-05	0.0011776199999999999	0.0	0.0	0.000517037	0.0039974	0.000451804	0.000944984	0.00123532	0.000645518	0.0	0.0001407	0.0	0.0	0.000158423	0.0	0.0	0.00557187	0.0	0.0
Sin-APnd_023-Ex1-6D-lcwgs-1-2.clmp.r1r2_fastp	0.0	0.0159092	0.000589694	0.000777894	0.00010351	0.00010664700000000001	2.50934e-05	0.00015997	6.27334e-05	1.882e-05	0.00031053	0.00034189699999999997	0.000457954	0.00143346	0.0178351	0.000219567	0.000420314	0.000125467	3.13667e-05	0.00019133700000000003	0.000417177	0.00563973	3.1366700000000004e-06	3.1366700000000004e-06	0.0	0.0	1.25467e-05	3.1366700000000004e-06	3.764e-05	0.000147423	0.00010351	0.000831218	0.00963271	3.14244e-05	1.88951e-05	4.73518e-05	5.3818699999999993e-05	0.0004985979999999999	0.0	9.59824e-06	0.000118897	0.00010010000000000001	8.11595e-05	0.000467012	0.007071310000000001	5.96051e-05	0.000146853	0.000131283	1.01923e-05	6.86261e-06	3.81461e-05	0.000105209	0.0005075020000000001	0.00528248	6.91788e-05	8.4899e-05	0.0005691580000000001	0.0058949300000000005	0.00020458399999999998	0.000553094	0.00542415	4.05726e-06	8.25894e-06	2.94367e-05	0.000141406	0.00105289	0.013370799999999999	0.000600491	0.008199380000000001	9.49251e-06	3.8813e-05	0.000163752	0.000218308	0.000415736	0.0031076	0.00728293	1.6761800000000003e-05	3.4377e-05	0.00044672799999999997	0.00410226	0.000105287	0.0	0.0	0.0	6.90797e-06	5.6861100000000004e-05	8.04777e-05	0.000180822	7.761959999999999e-05	7.99991e-06	1.64975e-05	8.50814e-06	1.756e-05	7.25082e-05	9.36272e-06	9.67299e-06	9.99871e-06	6.20599e-05	7.492499999999999e-05	5.53942e-05	0.000240849	0.0037168500000000003	0.0	1.2745900000000001e-05	1.3213799999999999e-05	0.000397513	0.0039254	0.0	6.1301e-05	0.000366136	0.00429868	1.71781e-05	3.57023e-05	0.0	0.0	2.00605e-05	0.0	4.34192e-05	0.0	0.0	0.0	0.0	0.0	0.0	0.0	0.0	0.0	0.0	0.0	3.5355300000000004e-05	0.000147428	0.00180633	0.0	0.0	0.000392462	0.00327504	0.0005224089999999999	0.000396798	0.0013989500000000001	0.0011361	0.0	0.0	6.12322e-05	6.36357e-05	0.0	6.88853e-05	0.000143503	0.0031514499999999997	0.0	0.0
Sin-APnd_024-Ex1-6E-lcwgs-1-2.clmp.r1r2_fastp	0.0	0.0114152	0.00039210199999999997	0.000512263	8.853930000000001e-05	5.69181e-05	6.324229999999999e-06	0.00012016	1.2648500000000001e-05	4.42696e-05	0.000151782	0.000233997	0.000271942	0.00103085	0.0126485	0.00010118800000000001	0.00025929400000000003	6.956659999999999e-05	1.89727e-05	0.000113836	0.000271942	0.00410443	0.0	0.0	0.0	6.324229999999999e-06	1.89727e-05	0.0	1.89727e-05	0.000107512	0.000107512	0.000594478	0.00661515	6.33637e-06	0.0	1.91018e-05	3.83241e-05	0.000403803	0.0	6.46311e-06	0.000103921	3.9184500000000004e-05	3.94247e-05	0.00037048	0.00503945	4.7052e-05	0.00013565799999999998	8.90585e-05	6.92448e-06	0.0	4.25514e-05	7.1850199999999995e-06	0.00024042300000000003	0.0037258800000000004	6.75583e-05	5.33954e-05	0.000341269	0.00423008	0.00020089099999999997	0.000311098	0.0033803600000000002	8.51394e-06	0.0	8.87413e-06	9.06905e-05	0.0007511130000000001	0.00881374	0.00046620200000000003	0.00570995	1.01935e-05	3.1353500000000004e-05	9.6479e-05	0.00010999799999999999	0.00030489	0.00241244	0.00475495	1.22501e-05	1.2600199999999998e-05	0.000363	0.00288281	2.74857e-05	0.0	0.0	0.0	3.10344e-05	3.2024000000000004e-05	9.919470000000001e-05	0.000170774	3.53011e-05	0.0	3.7750900000000005e-05	0.0	4.0441899999999996e-05	4.18899e-05	2.17053e-05	2.2505e-05	0.0	0.0	7.546319999999999e-05	5.22642e-05	0.000407221	0.0031884300000000003	0.0	0.0	3.1763799999999996e-05	0.00013233600000000002	0.00306748	0.0	0.0	0.000156218	0.0033819300000000004	0.0	4.4364200000000005e-05	0.0	0.0	0.0	0.0	0.0	0.0	0.0	0.0	0.0	0.0	0.0	0.0	0.0	0.0	0.0	0.0	0.0	0.0	0.00155825	0.0	0.0	0.00047725999999999997	0.0026256400000000003	0.000262234	0.000550029	0.00115344	0.000604656	0.0	0.0	0.0	0.0	0.0	0.0	0.0	0.00259502	0.0	0.0
Sin-APnd_025-Ex1-6F-lcwgs-1-2.clmp.r1r2_fastp	0.0	0.00997667	0.000370965	0.000377531	6.894050000000001e-05	3.61117e-05	6.56576e-06	0.000101769	2.6263000000000002e-05	1.64144e-05	0.00011818399999999999	0.00019369	0.000318439	0.000732082	0.0111125	7.87891e-05	0.00023965	6.23747e-05	1.96973e-05	6.56576e-05	0.000246216	0.00335839	0.0	3.28288e-06	0.0	0.0	6.56576e-06	6.56576e-06	9.848639999999999e-06	0.00010505200000000001	6.23747e-05	0.00045631999999999997	0.005725340000000001	1.9736e-05	1.3188099999999998e-05	1.98359e-05	1.65835e-05	0.000336208	0.0	3.3575799999999997e-06	0.000111362	5.7692099999999996e-05	4.09798e-05	0.00029229699999999996	0.00447017	4.8922000000000004e-05	7.05285e-05	7.47878e-05	1.7996999999999997e-05	0.0	2.5797700000000002e-05	5.9734599999999996e-05	0.000306594	0.00353325	5.06927e-05	4.35878e-05	0.000362652	0.0035510299999999997	0.00022130900000000002	0.000327638	0.0032888400000000003	4.427279999999999e-06	1.35608e-05	2.77096e-05	0.00010387399999999999	0.00067146	0.008001860000000001	0.00038502199999999995	0.005192909999999999	1.06514e-05	3.27918e-05	0.00010101600000000001	0.00013836599999999998	0.00023702600000000002	0.0022364	0.00440159	1.29085e-05	3.98865e-05	0.00021921600000000002	0.00252824	4.37021e-05	0.0	0.0	1.60255e-05	0.0	0.0	5.3131600000000005e-05	0.000174108	5.6925e-05	9.82868e-06	2.0373699999999998e-05	0.0	1.09619e-05	1.13802e-05	1.18234e-05	1.22884e-05	0.0	1.32925e-05	6.91886e-05	0.000100881	0.000195184	0.00239362	0.0	0.0	0.0	0.000222536	0.00269287	0.0	4.23197e-05	0.000221325	0.00254612	0.0	0.0	0.0	0.0	0.0	0.0	0.0	0.0	0.0	0.0	0.0	0.0	0.0	0.0	0.0	0.0	0.0	0.0	5.7449999999999994e-05	0.0	0.00107869	0.0	0.0	0.000295143	0.00256083	0.00040857700000000003	0.000172072	0.0008153500000000001	0.00123998	0.00010040300000000001	0.00010573100000000001	0.0	0.00011635	0.000122074	0.0	0.00013458	0.00326408	0.00015175399999999998	0.0
Sin-CPnd_013-Ex1-4E-lcwgs-1-2.clmp.r1r2_fastp	0.0	0.0453104	0.0	0.0	0.0	0.0	0.0	0.0	0.0	0.0	0.0	0.0	0.0	0.0	0.0453104	0.0	0.0	0.0	0.0	0.0	0.0	0.0	0.0	0.0	0.0	0.0	0.0	0.0	0.0	0.0	0.0	0.0	0.0	0.0	0.0	0.0	0.0	0.0	0.0	0.0	0.0	0.0	0.0	0.0	0.0	0.0	0.0	0.0	0.0	0.0	0.0	0.0	0.0	0.0	0.0	0.0	0.025974	0.0	0.0	0.0	0.026917899999999998	0.0	0.0	0.0	0.0	0.0	0.056641199999999996	0.0	0.0289101	0.0	0.0	0.0	0.0	0.0	0.0	0.0312793	0.0	0.0	0.0	0.0	0.0	0.0	0.0	0.0	0.0	0.0	0.0	0.0	0.0	0.0	0.0	0.0	0.0	0.0	0.0	0.0	0.0	0.0	0.0	0.0	0.0	0.0	0.0	0.0	0.0	0.0	0.0	0.0	0.0	0.0	0.0	0.0	0.0	0.0	0.0	0.0	0.0	0.0	0.0	0.0	0.0	0.0	0.0	0.0	0.0	0.0	0.0	0.0	0.0	0.0	0.0	0.0	0.0	0.0	0.0	0.0	0.0	0.0	0.0	0.0	0.0	0.0	0.0	0.0	0.0	0.0	0.0	0.0	0.0	0.0
Sin-CPnd_015-Ex1-4A-lcwgs-1-2.clmp.r1r2_fastp	0.0	0.0192864	0.0	0.0	0.0	0.0	0.0	0.0	0.0	0.0	0.0	0.0	0.0	0.0	0.0385728	0.0	0.0	0.0	0.0	0.0	0.0	0.0096432	0.0	0.0	0.0	0.0	0.0	0.0	0.0	0.0	0.0	0.0	0.0192864	0.0	0.0	0.0	0.0	0.0	0.0	0.0	0.0	0.0	0.0	0.0	0.0202306	0.0	0.0	0.0	0.0	0.0	0.0	0.0	0.0	0.0217557	0.0	0.0	0.0	0.0	0.0	0.0	0.0233891	0.0	0.0	0.0	0.0	0.0	0.037707399999999995	0.0	0.0386947	0.0	0.0	0.0	0.0	0.0	0.0	0.0	0.0	0.0	0.0	0.0	0.0	0.0	0.0	0.0	0.0	0.0	0.0	0.0	0.0	0.0	0.0	0.0	0.0	0.0	0.0	0.0	0.0	0.0	0.0	0.0	0.0	0.0	0.0	0.0	0.0	0.0	0.023607200000000002	0.0	0.0	0.0	0.0	0.0	0.0	0.0	0.0	0.0	0.0	0.0	0.0	0.0	0.0	0.0	0.0	0.0	0.0	0.0	0.0	0.0	0.0	0.0	0.0	0.0405022	0.0	0.0	0.0	0.0	0.0	0.0	0.0	0.0	0.0	0.0	0.0	0.0	0.0	0.0	0.0	0.0	0.0	0.0
Sin-CPnd_018-Ex1-11A-lcwgs-1-2.clmp.r1r2_fastp	0.0	0.0237218	0.0005648059999999999	0.0005648059999999999	0.0005648059999999999	0.0	0.0	0.0	0.0	0.0	0.0	0.0	0.0005648059999999999	0.00282403	0.023157	0.0	0.0005648059999999999	0.0	0.0	0.0005648059999999999	0.0005648059999999999	0.007342479999999999	0.0	0.0	0.0	0.0	0.0	0.0	0.0	0.0	0.0	0.0005648059999999999	0.0118609	0.0	0.0	0.000568521	0.0	0.0	0.0	0.0	0.0	0.0	0.0	0.000590246	0.013072100000000001	0.000598817	0.0006039270000000001	0.0	0.0	0.0	0.0	0.0	0.0	0.00906777	0.000655553	0.0	0.000672558	0.0102265	0.000690865	0.0	0.00781744	0.0	0.0	0.0	0.0	0.00229806	0.0148032	0.00237564	0.0120785	0.0	0.0	0.0	0.0	0.0	0.00536918	0.0136658	0.0	0.0	0.0	0.0108056	0.00100093	0.0	0.0	0.0	0.0	0.0	0.0	0.0	0.0	0.0	0.0	0.0	0.0	0.0	0.0	0.0	0.0	0.0	0.0	0.0	0.0	0.004713279999999999	0.0	0.0	0.0	0.0	0.00884783	0.0	0.0	0.0	0.015666899999999997	0.0	0.0020604100000000004	0.0	0.0	0.0	0.0	0.0	0.0	0.0	0.0	0.0	0.0	0.0	0.0	0.0	0.0	0.0	0.0	0.0	0.00334571	0.0	0.0	0.0	0.0	0.0115647	0.0	0.0	0.0	0.0	0.0	0.0	0.0	0.0	0.0	0.0	0.0	0.0	0.0	0.0
Sin-CPnd_019-Ex1-1H-lcwgs-1-2.clmp.r1r2_fastp	0.0	0.0234499	0.00195416	0.00390831	0.0	0.0	0.0	0.0	0.0	0.0	0.0	0.0	0.0	0.0	0.0156332	0.0	0.00195416	0.0	0.0	0.0	0.0	0.00586247	0.0	0.0	0.0	0.0	0.0	0.0	0.0	0.00195416	0.0	0.0	0.009770780000000001	0.0	0.0	0.00196518	0.0	0.00197468	0.0	0.0	0.0	0.0	0.0	0.0	0.00607693	0.0	0.0	0.0	0.0	0.0	0.0	0.0	0.0	0.00430404	0.0	0.0	0.0	0.006699870000000001	0.0	0.0	0.00460798	0.0	0.0	0.0	0.0	0.0	0.0123836	0.0	0.00508298	0.0	0.0	0.0	0.0	0.0	0.00278784	0.0084969	0.0	0.0	0.00298606	0.0060831	0.0	0.0	0.0	0.0	0.0	0.0	0.0	0.0	0.0	0.0	0.0	0.0	0.0	0.0	0.0	0.0	0.0	0.0	0.0	0.0	0.0	0.00494315	0.0	0.0	0.0	0.0	0.0	0.0	0.0	0.0	0.0	0.0	0.0	0.0	0.0	0.0	0.0	0.0	0.0	0.0	0.0	0.0	0.0	0.0	0.0	0.0	0.0	0.0	0.0	0.0	0.0	0.0	0.0	0.0	0.0	0.0	0.0	0.0	0.0	0.0	0.0	0.0	0.0	0.0	0.0	0.0	0.0	0.0	0.0	0.0
Sin-CPnd_020-Ex1-12E-lcwgs-1-2.clmp.r1r2_fastp	0.0	0.0191644	0.00046742500000000005	0.0009348500000000001	0.0	0.0	0.0	0.0	0.0	0.0	0.00046742500000000005	0.00046742500000000005	0.0	0.0009348500000000001	0.0238387	0.00046742500000000005	0.0	0.0	0.0	0.00046742500000000005	0.0009348500000000001	0.00701138	0.0	0.0	0.0	0.0	0.0	0.0	0.0	0.0	0.0	0.00046742500000000005	0.013555300000000001	0.0	0.0	0.0	0.0	0.0	0.0	0.0	0.0	0.0	0.0	0.000486834	0.00832819	0.0	0.0	0.0	0.0	0.0	0.0	0.0	0.0	0.00317078	0.0	0.0005400709999999999	0.0	0.00552743	0.0	0.000566425	0.0063083900000000005	0.0	0.0	0.0	0.000604171	0.00183897	0.020521400000000002	0.0012621	0.00961347	0.0	0.0	0.0	0.0	0.000693054	0.00563654	0.00644824	0.0	0.0	0.0	0.0069044300000000005	0.0	0.0	0.0	0.0	0.0	0.0	0.0	0.0	0.0	0.0	0.0	0.0	0.0	0.0	0.0	0.0	0.0	0.0	0.0	0.0	0.0	0.00480123	0.0	0.0	0.0	0.0	0.00407437	0.0	0.0	0.00146563	0.0090303	0.0	0.0	0.0	0.0	0.0	0.0	0.0	0.0	0.0	0.0	0.0	0.0	0.0	0.0	0.0	0.0	0.0	0.0	0.0	0.0	0.0	0.0	0.0	0.0	0.0030417300000000003	0.0	0.0	0.0033355600000000004	0.0	0.0	0.0	0.0	0.0	0.0	0.0	0.0	0.0	0.0	0.0
Sin-CPnd_021-Ex1-3D-lcwgs-1-2.clmp.r1r2_fastp	0.0	0.0228206	0.0	0.0	0.0	0.0	0.0	0.0	0.0	0.0	0.0	0.0	0.0	0.0	0.0228206	0.0	0.0	0.0	0.0	0.0	0.0	0.0	0.0	0.0	0.0	0.0	0.0	0.0	0.0	0.0	0.0	0.0114103	0.0	0.0	0.0	0.0	0.0	0.0	0.0	0.0	0.0	0.0	0.0	0.0	0.0	0.0	0.0	0.0	0.0	0.0	0.0	0.0	0.0	0.0	0.0	0.0	0.0	0.0	0.0	0.0	0.0165782	0.0	0.0	0.0	0.0	0.0	0.0187371	0.0191095	0.0	0.0	0.0	0.0	0.0	0.0	0.0	0.02292	0.0	0.0	0.0	0.0	0.0	0.0	0.0	0.0	0.0	0.0	0.0	0.0	0.0	0.0	0.0	0.0	0.0	0.0	0.0	0.0	0.0	0.0	0.0	0.0	0.0	0.0	0.0	0.0	0.0	0.0	0.0	0.0	0.0	0.0	0.0	0.0	0.0	0.0	0.0	0.0	0.0	0.0	0.0	0.0	0.0	0.0	0.0	0.0	0.0	0.0	0.0	0.0	0.0	0.0	0.0	0.0	0.0	0.0	0.0	0.0	0.0	0.0	0.0	0.0	0.0	0.0	0.0	0.0	0.0	0.0	0.0	0.0	0.0	0.0
Sin-CPnd_022-Ex1-1D-lcwgs-1-2.clmp.r1r2_fastp	0.0	0.0323974	0.0	0.0	0.0	0.0	0.0	0.0	0.0	0.0	0.0	0.0	0.00269978	0.00539957	0.0674946	0.0	0.00269978	0.00269978	0.0	0.0	0.0	0.0134989	0.0	0.0	0.0	0.0	0.0	0.0	0.0	0.0	0.0	0.0	0.0107991	0.0	0.0	0.0	0.0	0.0	0.0	0.0	0.0	0.0	0.0	0.0027495899999999997	0.0220671	0.0	0.0	0.0	0.0	0.0	0.0	0.0	0.0	0.0284722	0.0	0.0	0.00576502	0.0289452	0.0	0.00292184	0.0234949	0.0	0.0	0.0	0.00299877	0.00603537	0.0394585	0.0	0.033816	0.0	0.0	0.0	0.0	0.00318127	0.00960369	0.0354598	0.0	0.0	0.0	0.0199018	0.0	0.0	0.0	0.0	0.0	0.0	0.0	0.0	0.0	0.0	0.0	0.0	0.0	0.0	0.0	0.0	0.0	0.0	0.0	0.0	0.0	0.004108799999999999	0.0	0.0	0.0	0.0	0.0220497	0.0	0.0	0.0	0.014071299999999998	0.0	0.0	0.0	0.0	0.0	0.0	0.0	0.0	0.0	0.0	0.0	0.0	0.0	0.0	0.0	0.0	0.0	0.0	0.0	0.0	0.021065900000000002	0.0	0.0	0.0	0.015273000000000002	0.0	0.0	0.0	0.0	0.0	0.0	0.0	0.0	0.0	0.0	0.0	0.0	0.0	0.0
Sin-CPnd_023-Ex1-12B-lcwgs-1-2.clmp.r1r2_fastp	0.0	0.00762871	0.00176047	0.00117365	0.0	0.0	0.0	0.000586823	0.0	0.0	0.0	0.000586823	0.000586823	0.000586823	0.019951999999999998	0.0	0.000586823	0.0	0.0	0.000586823	0.00117365	0.0064550599999999994	0.0	0.0	0.0	0.0	0.0	0.0	0.0	0.0	0.0	0.0	0.012323299999999999	0.000588215	0.0	0.0	0.0	0.0	0.0	0.0	0.0	0.0	0.0	0.0006193370000000001	0.00811734	0.0	0.0	0.0	0.0	0.0	0.0	0.0	0.000678882	0.00756123	0.0	0.0	0.00143045	0.008706249999999999	0.0	0.0	0.0144098	0.0	0.0	0.0	0.0	0.00164139	0.015851	0.00169854	0.0146991	0.0	0.0	0.0	0.0	0.00284417	0.00386578	0.0108414	0.0	0.0	0.0	0.00640998	0.0	0.0	0.0	0.0	0.0	0.0	0.0	0.0	0.0	0.0	0.0	0.0	0.0	0.0	0.0	0.0	0.0	0.0	0.0	0.0	0.0	0.0159177	0.0	0.0	0.0	0.0	0.00604096	0.0	0.00212328	0.0	0.006739760000000001	0.0	0.0	0.0	0.0	0.0	0.0	0.0	0.0	0.0	0.0	0.0	0.0	0.0	0.0	0.0	0.0	0.0	0.0	0.0	0.0	0.00413599	0.0	0.0	0.00453576	0.00933881	0.0	0.0	0.0	0.0	0.0	0.0	0.0	0.0	0.0	0.0	0.0	0.0	0.0	0.0
Sin-CPnd_024-Ex1-12C-lcwgs-1-2.clmp.r1r2_fastp	0.0	0.014275600000000001	0.0	0.000793091	0.0	0.0	0.0	0.0	0.0	0.0	0.000793091	0.0	0.0	0.000793091	0.0158618	0.0	0.000793091	0.0	0.0	0.0	0.0	0.00555163	0.0	0.0	0.0	0.0	0.0	0.0	0.0	0.0	0.0	0.0	0.0111033	0.0	0.0	0.0	0.000802878	0.0	0.0	0.0	0.0	0.0	0.0	0.0008392499999999999	0.00592844	0.0	0.000863662	0.0	0.0	0.0	0.0	0.0	0.00092687	0.0056364	0.0	0.0	0.00294245	0.007964	0.0	0.0	0.00417864	0.0	0.0	0.0	0.0	0.00114142	0.0209463	0.00118666	0.0108798	0.0	0.0	0.0	0.0	0.0	0.0027337	0.012575600000000001	0.0	0.0	0.0	0.0106812	0.0	0.0	0.0	0.0	0.0	0.0	0.0	0.0	0.0	0.0	0.0	0.0	0.0	0.0	0.0	0.0	0.0	0.0	0.0	0.0	0.0	0.00523286	0.0	0.0	0.0	0.0	0.00899982	0.0	0.0	0.0	0.0033493	0.0	0.0	0.0	0.0	0.0	0.0	0.0	0.0	0.0	0.0	0.0	0.0	0.0	0.0	0.0	0.0	0.0	0.0	0.0	0.0	0.0	0.0	0.0	0.0	0.0	0.0	0.0	0.0	0.0	0.0	0.0	0.0	0.0	0.0	0.0	0.0	0.0	0.0	0.0
Sin-CPnd_025-Ex1-3B-lcwgs-1-2.clmp.r1r2_fastp	0.0	0.0294586	0.0	0.0	0.0	0.0	0.0	0.0	0.0	0.0	0.0	0.0	0.0	0.0	0.0294586	0.0	0.0	0.0	0.0	0.0	0.0	0.0235668	0.0	0.0	0.0	0.0	0.0	0.0	0.0	0.0	0.0	0.0	0.00589171	0.0	0.0	0.0	0.0	0.0	0.0	0.0	0.0	0.0	0.0	0.0	0.024781599999999997	0.0	0.0	0.0	0.0	0.0	0.0	0.0	0.0	0.00666533	0.0	0.0	0.0	0.006943	0.0	0.0	0.0071449	0.0	0.0	0.0	0.0	0.0	0.0382966	0.0	0.0314021	0.0	0.0	0.0	0.0	0.0	0.0	0.0514668	0.0	0.0	0.0	0.0181505	0.0	0.0	0.0	0.0	0.0	0.0	0.0	0.0	0.0	0.0	0.0	0.0	0.0	0.0	0.0	0.0	0.0	0.0	0.0	0.0	0.0	0.0	0.0	0.0	0.0	0.0	0.0424989	0.0	0.0	0.0	0.0	0.0	0.0	0.0	0.0	0.0	0.0	0.0	0.0	0.0	0.0	0.0	0.0	0.0	0.0	0.0	0.0	0.0	0.0	0.0	0.0	0.0	0.0	0.0	0.0	0.0	0.0	0.0	0.0	0.0	0.0	0.0	0.0	0.0	0.0	0.0	0.0	0.0	0.0	0.0
Sin-CPnd_028-Ex1-12H-lcwgs-1-2.clmp.r1r2_fastp	0.0	0.0327085	0.0007977689999999999	0.00159554	0.0	0.0	0.0	0.000398885	0.0	0.0	0.0	0.000398885	0.000398885	0.0019944200000000002	0.0319108	0.000398885	0.0007977689999999999	0.0	0.0	0.0	0.000398885	0.007578809999999999	0.0	0.0	0.0	0.0	0.0	0.0	0.0	0.000398885	0.0	0.000398885	0.0183487	0.0	0.0	0.0	0.0	0.0008083419999999999	0.0	0.0	0.0	0.0	0.00041320800000000003	0.00166171	0.018384	0.0	0.000423221	0.0	0.0	0.0	0.0	0.000439787	0.00177402	0.0174497	0.0	0.0	0.0009200859999999999	0.013004400000000001	0.0	0.0018953999999999998	0.016758	0.0	0.0	0.0	0.0	0.00202478	0.0343213	0.00103676	0.0215155	0.0	0.0	0.0	0.0	0.0005586	0.006793090000000001	0.025815	0.0	0.0	0.00239074	0.0127226	0.000613949	0.0	0.0	0.0	0.0	0.0	0.000668735	0.0	0.0	0.0	0.0	0.0	0.0	0.0	0.0	0.0	0.0	0.0	0.00080599	0.0	0.0008336810000000001	0.012721600000000001	0.0	0.0	0.0	0.0	0.0148499	0.0	0.0	0.000982907	0.0150379	0.0	0.0	0.0	0.0	0.0	0.0	0.0	0.0	0.0	0.0	0.0	0.0	0.0	0.0	0.0	0.0	0.0	0.0	0.0	0.0	0.0046487099999999995	0.0	0.0	0.00165525	0.008465249999999999	0.0	0.0	0.0018123199999999999	0.0	0.0	0.0	0.0	0.0	0.0	0.0	0.0	0.014988699999999999	0.0	0.0
Sin-CPnd_029-Ex1-4D-lcwgs-1-2.clmp.r1r2_fastp	0.0	0.019062100000000002	0.0	0.0	0.0	0.0	0.0	0.0	0.0	0.0	0.0	0.0	0.0	0.0	0.0381243	0.0	0.0	0.0	0.0	0.0	0.0	0.0	0.0	0.0	0.0	0.0	0.0	0.0	0.0	0.0	0.0	0.0	0.0	0.0	0.0	0.0	0.0	0.0	0.0	0.0	0.0	0.0	0.0	0.0	0.0106519	0.0	0.0109421	0.0	0.0	0.0	0.0	0.0	0.0	0.0	0.0	0.0	0.0	0.0133476	0.0	0.0	0.0	0.0	0.0	0.0	0.0	0.0	0.0	0.0	0.0169291	0.0	0.0	0.0	0.0	0.0	0.0	0.019932199999999997	0.0	0.0	0.0	0.0219443	0.0	0.0	0.0	0.0	0.0	0.0	0.0	0.0	0.0	0.0	0.0	0.0	0.0	0.0	0.0	0.0	0.0	0.0	0.0	0.0	0.0	0.0385951	0.0	0.0	0.0	0.0	0.0	0.0	0.0	0.0	0.0	0.0	0.0	0.0	0.0	0.0	0.0	0.0	0.0	0.0	0.0	0.0	0.0	0.0	0.0	0.0	0.0	0.0	0.0	0.0	0.0	0.0	0.0	0.0	0.0	0.0	0.0	0.0	0.0	0.0	0.0	0.0	0.0	0.0	0.0	0.0	0.0	0.0	0.0	0.0
Sin-CPnd_031-Ex1-3G-lcwgs-1-2.clmp.r1r2_fastp	0.0	0.0535523	0.0	0.0	0.0	0.0	0.0	0.0	0.0	0.0	0.0	0.0	0.0	0.0267762	0.0267762	0.0	0.0	0.0	0.0	0.00892538	0.0	0.0	0.0	0.0	0.0	0.0	0.0	0.0	0.0	0.0	0.0	0.0	0.00892538	0.0	0.0	0.0	0.0	0.0	0.0	0.0	0.0	0.0	0.0	0.0	0.00939055	0.0	0.0	0.0	0.0	0.0	0.0	0.0	0.0	0.030120499999999998	0.0	0.0	0.0	0.031030199999999997	0.0	0.010506399999999999	0.0212202	0.0	0.0	0.0	0.0	0.0	0.0450248	0.0	0.0114903	0.0	0.0	0.0	0.0	0.0	0.0	0.0	0.0	0.0	0.0	0.0258532	0.0	0.0	0.0	0.0	0.0	0.0	0.0	0.0	0.0	0.0	0.0	0.0	0.0	0.0	0.0	0.0	0.0	0.0	0.0	0.0	0.0	0.0175593	0.0	0.0	0.0	0.0	0.038513399999999996	0.0	0.0	0.0203749	0.0	0.0	0.0	0.0	0.0	0.0	0.0	0.0	0.0	0.0	0.0	0.0	0.0	0.0	0.0	0.0	0.0	0.0	0.0	0.0	0.0	0.0328515	0.0	0.0	0.0	0.0	0.0	0.0	0.0	0.0	0.0	0.0	0.0	0.0	0.0	0.0	0.0	0.0	0.0	0.0
Sin-CPnd_032-Ex1-3E-lcwgs-1-2.clmp.r1r2_fastp	0.0	0.0149798	0.004993259999999999	0.004993259999999999	0.0	0.0	0.0	0.0	0.0	0.0	0.0	0.0	0.0	0.0	0.0299596	0.0	0.004993259999999999	0.0	0.0	0.0	0.0	0.019972999999999998	0.0	0.0	0.0	0.0	0.0	0.0	0.0	0.0	0.0	0.004993259999999999	0.004993259999999999	0.0	0.0	0.0	0.0	0.0	0.0	0.0	0.0	0.0	0.0	0.0102093	0.00512164	0.0	0.0	0.0	0.0	0.0	0.0	0.0	0.00529829	0.0266312	0.0	0.00538532	0.0	0.0272331	0.0	0.0165673	0.011108	0.0	0.0	0.0	0.0	0.005763020000000001	0.0232153	0.0	0.017698099999999998	0.0	0.0	0.0	0.0	0.0	0.012377800000000001	0.024981299999999998	0.0	0.0	0.0	0.025859800000000002	0.0	0.0	0.0	0.0	0.0	0.0	0.0	0.0	0.0	0.0	0.0	0.0	0.0	0.0	0.0	0.0	0.0	0.0	0.0	0.0	0.008254230000000001	0.0167336	0.0	0.0	0.0	0.0	0.0	0.0	0.0	0.0	0.0	0.0	0.0	0.0	0.0	0.0	0.0	0.0	0.0	0.0	0.0	0.0	0.0	0.0	0.0	0.0	0.0	0.0	0.0	0.0	0.0	0.0	0.0	0.0	0.0	0.0	0.0	0.0	0.0	0.0	0.0	0.0	0.0	0.0	0.0	0.0	0.0	0.0	0.0	0.0
Sin-CPnd_033-Ex1-1B-lcwgs-1-2.clmp.r1r2_fastp	0.0	0.0	0.0	0.0	0.0	0.0	0.0	0.0	0.0	0.0	0.0	0.0	0.0	0.0	0.025412999999999998	0.0	0.0	0.0	0.0	0.0	0.0	0.0	0.0	0.0	0.0	0.0	0.0	0.0	0.0	0.0	0.0	0.0	0.0	0.0	0.0	0.0	0.0	0.0	0.0	0.0	0.0	0.0	0.0	0.0	0.0	0.0	0.0	0.0	0.0	0.0	0.0	0.0	0.0	0.0	0.0	0.0	0.0	0.0	0.0	0.0	0.0	0.0	0.0	0.0	0.0	0.0	0.0	0.0	0.0	0.0	0.0	0.0	0.0	0.0	0.0	0.0	0.0	0.0	0.0	0.0	0.0	0.0	0.0	0.0	0.0	0.0	0.0	0.0	0.0	0.0	0.0	0.0	0.0	0.0	0.0	0.0	0.0	0.0	0.0	0.0	0.0	0.0	0.0	0.0	0.0	0.0	0.0	0.0	0.0	0.0	0.0	0.0	0.0	0.0	0.0	0.0	0.0	0.0	0.0	0.0	0.0	0.0	0.0	0.0	0.0	0.0	0.0	0.0	0.0	0.0	0.0	0.0	0.0	0.0	0.0	0.0	0.0	0.0	0.0	0.0	0.0	0.0	0.0	0.0	0.0	0.0	0.0	0.0	0.0	0.0
Sin-CPnd_034-Ex1-3C-lcwgs-1-2.clmp.r1r2_fastp	0.0	0.0156266	0.00520888	0.0	0.0	0.0	0.0	0.0	0.0	0.0	0.0	0.0	0.0	0.0	0.0208355	0.0	0.0	0.0	0.0	0.0	0.0	0.00520888	0.0	0.0	0.0	0.0	0.0	0.0	0.0	0.0	0.0	0.0	0.0104178	0.0	0.0	0.0	0.0	0.0	0.0	0.0	0.0	0.0	0.0	0.0	0.0107939	0.0	0.0	0.0	0.0	0.0	0.0	0.0	0.0	0.0	0.0	0.0	0.0	0.00586682	0.0	0.0	0.0	0.0	0.0	0.0	0.0	0.006335929999999999	0.0128098	0.0	0.0065423600000000005	0.0	0.0	0.0	0.0	0.0	0.0	0.0	0.0	0.0	0.0	0.022583600000000002	0.0	0.0	0.0	0.0	0.0	0.0	0.0	0.0	0.0	0.0	0.0	0.0	0.0	0.0	0.0	0.0	0.0	0.0	0.0	0.0	0.0	0.0	0.0	0.0	0.0	0.0	0.0	0.0	0.0	0.0	0.0	0.0	0.0	0.0	0.0	0.0	0.0	0.0	0.0	0.0	0.0	0.0	0.0	0.0	0.0	0.0	0.0	0.0	0.0	0.0	0.0	0.0	0.0	0.0	0.0	0.0	0.0	0.0	0.0304044	0.0	0.0	0.0	0.0	0.0	0.0	0.0	0.0	0.0	0.0	0.0
Sin-CPnd_035-Ex1-12D-lcwgs-1-2.clmp.r1r2_fastp	0.0	0.0242466	0.00137245	0.00137245	0.0	0.0	0.0	0.0	0.0	0.0	0.0	0.0	0.0	0.00182993	0.0297364	0.0	0.0	0.0	0.0	0.0	0.00137245	0.0128095	0.0	0.0	0.0	0.0	0.0	0.0	0.0	0.000457484	0.000457484	0.00320239	0.0160119	0.0	0.0	0.0	0.0	0.00046234700000000005	0.0	0.0	0.0	0.0	0.0	0.00047321099999999997	0.0161735	0.0	0.0	0.0	0.0	0.0	0.0	0.0	0.00100555	0.00912515	0.000511488	0.0	0.00260463	0.00946551	0.0	0.0010728	0.0119226	0.0	0.0	0.0	0.0	0.0011472799999999999	0.0243817	0.0017632600000000002	0.0154852	0.0	0.0	0.000619452	0.0	0.0	0.00515746	0.00784601	0.0	0.0	0.0	0.0103994	0.0	0.0	0.0	0.0	0.0	0.0	0.0	0.0	0.0	0.0	0.0	0.0	0.0	0.0	0.0	0.0	0.0	0.0	0.0	0.0	0.0	0.00700581	0.0	0.0	0.0	0.00216244	0.00441569	0.0	0.0	0.0	0.00599463	0.0	0.0	0.0	0.0	0.0	0.0	0.0	0.0	0.0	0.0	0.0	0.0	0.0	0.0	0.0	0.0	0.0	0.0	0.0	0.0	0.00574911	0.0	0.0	0.0	0.00421186	0.00216085	0.0022094099999999998	0.00452714	0.0	0.0	0.0	0.0	0.0	0.0	0.0	0.00266262	0.00272688	0.0	0.0
Sin-CPnd_038-Ex1-11C-lcwgs-1-2.clmp.r1r2_fastp	0.0	0.023649	0.000537478	0.0016124400000000001	0.0	0.0	0.0	0.0	0.0	0.0	0.000537478	0.0	0.0	0.0	0.0193492	0.000537478	0.0	0.0	0.0	0.0	0.000537478	0.012362000000000001	0.0	0.0	0.0	0.0	0.0	0.0	0.000537478	0.000537478	0.0	0.000537478	0.015049400000000001	0.0	0.0	0.0	0.0	0.0	0.0	0.0	0.0	0.0	0.0	0.000561111	0.009036790000000001	0.0	0.0	0.0	0.0	0.0	0.0	0.0	0.000606057	0.010411199999999999	0.0	0.000626256	0.000633541	0.00961841	0.0	0.000657579	0.00865968	0.0	0.0	0.0	0.000703428	0.00285433	0.020995200000000002	0.000734937	0.0238754	0.0	0.0	0.0	0.0	0.0	0.00574317	0.023352400000000002	0.0	0.0	0.0	0.009802439999999999	0.0	0.0	0.0	0.0	0.0	0.0	0.0	0.0	0.0	0.0	0.0	0.0	0.0	0.0	0.0	0.0	0.0	0.0	0.0	0.0	0.0013123	0.013396600000000002	0.0	0.0	0.0	0.0	0.0104167	0.0	0.0015540999999999999	0.0031808599999999998	0.00325219	0.0	0.0	0.0	0.0	0.0	0.0	0.0	0.0	0.0	0.0	0.0	0.0	0.0	0.0	0.0	0.0	0.0	0.0	0.0	0.0	0.00267272	0.0	0.0	0.0	0.014741400000000002	0.0	0.0	0.0	0.00325722	0.0	0.0	0.0	0.0	0.0	0.0	0.0	0.0114151	0.0	0.0
Sin-CPnd_039-Ex1-10F-lcwgs-1-2.clmp.r1r2_fastp	0.0	0.0242466	0.0	0.0	0.0	0.0	0.0	0.0	0.0	0.0	0.0	0.000418044	0.0	0.0020902200000000003	0.0234105	0.000418044	0.000418044	0.0	0.0	0.0	0.000418044	0.00919698	0.0	0.0	0.0	0.0	0.0	0.0	0.0	0.0	0.0	0.00125413	0.0133774	0.0	0.0	0.0	0.0	0.00042322800000000005	0.0	0.0	0.00042812099999999995	0.000430021	0.0	0.000868802	0.0131089	0.0	0.0	0.0	0.0	0.0	0.0	0.0	0.00092782	0.0102923	0.000472233	0.0	0.0	0.0111945	0.0	0.000496818	0.007031249999999999	0.0	0.0	0.0	0.0	0.00266286	0.0231867	0.00109271	0.016048899999999998	0.0	0.0	0.0	0.0	0.00118625	0.00721726	0.0140329	0.0	0.0	0.000637873	0.0077737299999999995	0.0	0.0	0.0	0.0	0.0	0.0	0.0	0.0	0.0	0.0	0.0	0.0	0.0	0.0	0.0	0.0	0.0	0.0	0.0	0.0	0.000931801	0.00855774	0.0	0.0	0.0	0.00103332	0.0095037	0.0	0.0	0.0	0.00693794	0.0	0.0	0.0	0.0	0.0	0.0	0.0	0.0	0.0	0.0	0.0	0.0	0.0	0.0	0.0	0.0	0.0	0.0	0.0	0.0	0.00193106	0.0	0.0	0.0	0.00644898	0.00220824	0.0	0.00232986	0.0	0.0	0.0	0.0	0.0	0.0	0.0	0.0	0.0143004	0.0	0.0
Sin-CPnd_040-Ex1-11E-lcwgs-1-2.clmp.r1r2_fastp	0.0	0.0178513	0.00172754	0.0023033899999999998	0.0	0.0	0.0	0.0	0.0	0.0	0.0	0.0	0.0	0.0011517	0.0195788	0.0011517	0.000575848	0.0	0.0	0.0	0.0	0.00633433	0.0	0.0	0.0	0.0	0.0	0.0	0.0	0.000575848	0.0	0.000575848	0.0109411	0.0	0.0	0.0	0.0	0.0	0.0	0.0005890180000000001	0.0	0.0	0.0	0.0006028930000000001	0.0139668	0.0	0.0	0.0	0.0	0.0	0.0	0.0	0.0	0.013232200000000001	0.0	0.0	0.0	0.0132045	0.0	0.00142647	0.013014799999999998	0.0	0.0	0.0	0.0	0.00310713	0.0220758	0.00160117	0.013830400000000001	0.0	0.0	0.0	0.0	0.00175991	0.006259	0.00909058	0.0	0.00188023	0.0	0.00680504	0.0	0.0	0.0	0.0	0.0	0.0	0.0	0.0	0.0	0.0	0.0	0.0	0.0	0.0	0.0	0.0	0.0	0.0	0.0	0.0	0.00144113	0.0103075	0.0	0.0	0.0	0.0	0.0114654	0.0	0.0	0.0	0.00716397	0.0	0.0	0.0	0.0	0.0	0.0	0.0	0.0	0.0	0.0	0.0	0.0	0.0	0.0	0.0	0.0	0.0	0.0	0.0	0.0	0.00603792	0.0	0.0	0.0	0.0	0.0	0.0	0.00363861	0.0	0.0	0.0	0.0	0.0	0.0	0.0	0.0	0.0044941799999999995	0.0	0.0
Sin-CPnd_042-Ex1-10D-lcwgs-1-2.clmp.r1r2_fastp	0.0	0.00955193	0.00159199	0.0	0.0	0.000795995	0.0	0.0	0.0	0.0	0.0	0.0	0.0	0.0	0.0103479	0.0	0.0	0.000795995	0.0	0.0	0.0	0.00318398	0.0	0.0	0.0	0.0	0.0	0.0	0.0	0.0	0.0	0.0	0.00795995	0.0	0.0	0.0	0.0	0.000808198	0.0	0.0	0.0	0.0	0.0	0.00167454	0.0101269	0.0	0.0	0.0	0.0	0.0	0.0	0.0	0.0	0.00838903	0.0	0.0	0.000974222	0.00494584	0.0	0.0	0.00416229	0.0	0.0	0.0	0.0	0.0	0.010456100000000001	0.0	0.00242066	0.0	0.0	0.0	0.0	0.0	0.00137714	0.00985999	0.0	0.0	0.00151188	0.00463973	0.0	0.0	0.0	0.0	0.0	0.0	0.0	0.0	0.0	0.0	0.0	0.0	0.0	0.0	0.0	0.0	0.0	0.0	0.0	0.0	0.0	0.0	0.0	0.0	0.0	0.0	0.00325722	0.0	0.0	0.0	0.00369809	0.0	0.0	0.0	0.0	0.0	0.0	0.0	0.0	0.0	0.0	0.0	0.0	0.0	0.0	0.0	0.0	0.0	0.0	0.0	0.0	0.0	0.0	0.0	0.0	0.008807470000000001	0.0	0.0	0.0	0.0	0.0	0.0	0.0	0.0	0.0	0.0	0.0	0.0	0.0	0.0
Sin-CPnd_043-Ex1-1C-lcwgs-1-2.clmp.r1r2_fastp	0.0	0.0485917	0.00323944	0.00161972	0.0	0.0	0.0	0.00161972	0.0	0.0	0.0	0.0	0.00161972	0.0	0.0340142	0.0	0.00161972	0.0	0.0	0.0	0.0	0.00971833	0.0	0.0	0.0	0.0	0.0	0.0	0.0	0.0	0.0	0.00161972	0.0210564	0.0	0.0	0.0	0.0	0.00326062	0.0	0.0	0.0	0.0	0.0	0.0	0.016581500000000002	0.0	0.0	0.0	0.0	0.0	0.0	0.0	0.00513303	0.0240633	0.0	0.0	0.0017444399999999999	0.0140321	0.0	0.00354773	0.0196274	0.0	0.0	0.0	0.0	0.001844	0.0334324	0.0018706600000000001	0.024501500000000002	0.0	0.0	0.00193117	0.0	0.0039248	0.00791719	0.021962699999999998	0.0	0.0	0.0020477499999999997	0.012398699999999999	0.0	0.0	0.0	0.0	0.0	0.0	0.0	0.0	0.0	0.0	0.0	0.0	0.0	0.0	0.0	0.0	0.0	0.0	0.0	0.00259188	0.0	0.0213282	0.0	0.0	0.00279228	0.0	0.020209	0.0	0.0	0.00304081	0.012385799999999999	0.0	0.0	0.0	0.0	0.0	0.0	0.0	0.0	0.0	0.0	0.0	0.0	0.0	0.0	0.0	0.0	0.0	0.0	0.0	0.0	0.0	0.0	0.0	0.010329	0.0	0.0	0.0	0.0	0.0	0.0	0.0	0.0	0.0	0.0	0.0	0.0	0.0135897	0.0	0.0
Sin-CPnd_044-Ex1-2C-lcwgs-1-2.clmp.r1r2_fastp	0.0	0.021925	0.0	0.0	0.0	0.0	0.0	0.0	0.0	0.0	0.0	0.0	0.0	0.0	0.0	0.0	0.0	0.0	0.0	0.0	0.0	0.0	0.0	0.0	0.0	0.0	0.0	0.0	0.0	0.0	0.0	0.0	0.021925	0.0	0.0	0.0	0.0	0.0	0.0	0.0	0.0	0.0	0.0	0.0	0.0	0.0	0.0	0.0	0.0	0.0	0.0	0.0	0.0	0.0	0.0	0.0	0.0	0.0	0.0	0.0	0.0	0.0	0.0	0.0	0.0	0.0	0.0	0.0	0.0	0.0	0.0	0.0	0.0	0.0	0.0	0.0	0.0	0.0	0.0	0.0	0.0	0.0	0.0	0.0	0.0	0.0	0.0	0.0	0.0	0.0	0.0	0.0	0.0	0.0	0.0	0.0	0.0	0.0	0.0	0.0	0.0	0.10352	0.0	0.0	0.0	0.0	0.0	0.0	0.0	0.0	0.0	0.0	0.0	0.0	0.0	0.0	0.0	0.0	0.0	0.0	0.0	0.0	0.0	0.0	0.0	0.0	0.0	0.0	0.0	0.0	0.0	0.0	0.0	0.0	0.0	0.0	0.0	0.0	0.0	0.0	0.0	0.0	0.0	0.0	0.0	0.0	0.0	0.0	0.0	0.0
Sin-CPnd_045-Ex1-11H-lcwgs-1-2.clmp.r1r2_fastp	0.0	0.039969000000000005	0.00105181	0.00108024	0.00011371000000000001	2.8427399999999998e-05	0.0	0.00011371000000000001	2.8427399999999998e-05	0.0	0.000341129	0.000483266	0.00110867	0.0025584699999999998	0.0441194	0.000227419	0.0008812500000000001	0.00011371000000000001	0.0	0.000198992	0.00105181	0.0144411	0.0	0.0	0.0	0.0	0.0	0.0	0.000170565	0.000198992	0.000170565	0.00201835	0.022372399999999997	5.69054e-05	0.0	8.55565e-05	2.85592e-05	0.00074372	0.0	0.0	8.62925e-05	8.64819e-05	0.00023118500000000002	0.00150668	0.0199627	2.91472e-05	5.84806e-05	5.86776e-05	0.0	0.0	0.0	0.000119178	0.00134649	0.017763499999999998	0.0	3.03441e-05	0.00167728	0.0183311	9.24578e-05	0.00130159	0.015397600000000001	3.1352799999999996e-05	0.0	9.52173e-05	0.00028748399999999996	0.00247611	0.034256	0.0015323700000000001	0.0245601	0.0	0.0	6.71528e-05	0.00030452699999999997	0.000613871	0.00935213	0.0221178	0.000139841	3.5261e-05	0.00103159	0.0112707	3.62229e-05	0.0	0.0	3.7262800000000005e-05	0.0	3.80051e-05	0.0	0.000116377	7.840120000000001e-05	0.0	0.0	0.0	0.0	8.29349e-05	0.0	0.0	0.0	0.000217991	0.0	4.47956e-05	0.0008176049999999999	0.0119353	0.0	0.0	0.000241068	0.000440844	0.00940712	0.0	0.000102909	0.000628209	0.00937464	5.42163e-05	5.5195700000000004e-05	0.0	0.0	0.0	0.0	6.05546e-05	0.0	0.0	0.0	0.0	0.0	0.0	0.0	0.0	0.0	0.0	0.0	0.0	0.000158069	0.0038775700000000003	0.0	8.44165e-05	0.000172697	0.0076814299999999995	0.000361231	0.000831409	0.00160711	0.0011600999999999998	0.0	0.00010074000000000001	0.0	0.000104223	0.000212032	0.0	0.00043999	0.00585792	0.0	0.0
Sin-CPnd_049-Ex1-4C-lcwgs-1-2.clmp.r1r2_fastp	0.0	0.0282566	0.0	0.0	0.0	0.0	0.0	0.0	0.0	0.0	0.0	0.0	0.0	0.0	0.0141283	0.0	0.0	0.0	0.0	0.0	0.0141283	0.0	0.0	0.0	0.0	0.0	0.0	0.0	0.0	0.0	0.0	0.0	0.0141283	0.0	0.0	0.0	0.0	0.0	0.0	0.0	0.0	0.0	0.0	0.0	0.0153917	0.0	0.0	0.0	0.0	0.0	0.0	0.0168606	0.017102799999999998	0.0348189	0.0	0.0	0.0	0.0	0.0	0.0	0.019751099999999997	0.0	0.0204499	0.0	0.0	0.0	0.0440917	0.0	0.0	0.0	0.0	0.0	0.0	0.0	0.0	0.0	0.0	0.0	0.0	0.0	0.0	0.0	0.0	0.0	0.0	0.0	0.0	0.0	0.0	0.0	0.0	0.0	0.0	0.0	0.0	0.0	0.0	0.0	0.0	0.0	0.0	0.0	0.0	0.0	0.0	0.0	0.0	0.0	0.0	0.0	0.0	0.0	0.0	0.0	0.0	0.0	0.0	0.0	0.0	0.0	0.0	0.0	0.0	0.0	0.0	0.0	0.0	0.0	0.0	0.0	0.0	0.0	0.0	0.0	0.0	0.0	0.0	0.0	0.0	0.0	0.0	0.0	0.0	0.0	0.0	0.0	0.0	0.0	0.0	0.0
Sin-CPnd_050-Ex1-9B-lcwgs-1-2.clmp.r1r2_fastp	0.0	0.014403899999999999	0.0	0.0	0.0	0.0	0.0	0.0	0.0	0.0	0.0	0.0	0.000600161	0.000600161	0.0156042	0.0	0.0	0.0	0.0	0.0	0.0	0.0030008	0.0	0.0	0.0	0.0	0.0	0.0	0.0	0.0	0.0	0.0	0.00720193	0.0	0.0	0.0	0.0	0.0	0.0	0.0	0.0	0.0	0.0	0.0	0.00583548	0.0	0.0	0.0	0.0	0.0	0.0	0.0	0.0	0.0036545199999999996	0.0	0.0	0.0	0.008604770000000001	0.0	0.000811096	0.00578766	0.0	0.0	0.0	0.0	0.000913375	0.0139937	0.0	0.00779514	0.0	0.0	0.0	0.00106851	0.00218696	0.0	0.00573796	0.0	0.0	0.00123963	0.00254362	0.0	0.0	0.0	0.0	0.0	0.0	0.0	0.0	0.0	0.0	0.0	0.0	0.0	0.0	0.0	0.0	0.0	0.0	0.0	0.0	0.0023312700000000003	0.00240616	0.0	0.0	0.0	0.0	0.00566942	0.0	0.0	0.0	0.00648256	0.0	0.0	0.0	0.0	0.0	0.0	0.0	0.0	0.0	0.0	0.0	0.0	0.0	0.0	0.0	0.0	0.0	0.0	0.0	0.0	0.0	0.0	0.0	0.0	0.0158894	0.0	0.0	0.0	0.0	0.0	0.0	0.0	0.0	0.0	0.0	0.0	0.0243279	0.0	0.0
Sin-CPnd_051-Ex1-12G-lcwgs-1-2.clmp.r1r2_fastp	0.0	0.0187725	0.000521458	0.0	0.0	0.0	0.0	0.0	0.0	0.0	0.000521458	0.000521458	0.000521458	0.00260729	0.017729599999999998	0.0	0.00104292	0.0	0.0	0.0	0.0	0.00521458	0.0	0.0	0.0	0.0	0.0	0.0	0.0	0.000521458	0.0	0.00156437	0.012515	0.0	0.0	0.0	0.0	0.0	0.0	0.0	0.0	0.000540599	0.0	0.000547987	0.008284729999999999	0.0	0.0	0.0005671859999999999	0.0	0.0	0.0	0.000591051	0.0017940399999999998	0.006657830000000001	0.0	0.0	0.00188667	0.00637836	0.000646847	0.000656043	0.00599245	0.0	0.0	0.0	0.000709935	0.000721876	0.0293915	0.000747356	0.012169300000000001	0.0	0.0	0.0	0.0	0.0	0.0034074500000000002	0.00695622	0.0	0.0	0.0	0.00566765	0.0	0.0	0.0	0.0	0.0	0.0	0.00109739	0.0	0.0	0.0	0.0	0.0	0.0	0.0	0.0	0.0	0.0	0.0	0.0	0.0	0.0030582400000000003	0.0031344999999999997	0.0	0.0	0.0	0.0	0.00177958	0.0	0.0	0.0	0.00792754	0.0	0.0	0.0	0.0	0.0	0.0	0.0	0.0	0.0	0.0	0.0	0.0	0.0	0.0	0.0	0.0	0.0	0.0	0.0	0.0	0.010700900000000001	0.0	0.0	0.0	0.0119489	0.0	0.0	0.0	0.00445375	0.0	0.0	0.0	0.0	0.0	0.0	0.0	0.0	0.0	0.0
Sin-CPnd_053-Ex1-9G-lcwgs-1-2.clmp.r1r2_fastp	0.0	0.012086000000000001	0.00048343999999999997	0.0009668799999999999	0.0	0.0	0.0	0.0	0.0	0.0	0.00048343999999999997	0.0	0.00145032	0.00048343999999999997	0.012569400000000001	0.0	0.0	0.0	0.0	0.0	0.00048343999999999997	0.0038675199999999997	0.0	0.0	0.0	0.0	0.0	0.0	0.0	0.00048343999999999997	0.0	0.0	0.0048344	0.0	0.0	0.0	0.0	0.00098614	0.0	0.0	0.0	0.0	0.0	0.0015460699999999999	0.00468116	0.0	0.0	0.0	0.0	0.0	0.0	0.0	0.000573283	0.007565400000000001	0.0	0.0	0.0	0.0049625	0.0	0.0	0.00720338	0.0	0.0	0.000693943	0.0	0.0	0.014756799999999999	0.000753864	0.00616618	0.0	0.0	0.0	0.0	0.0	0.0017779	0.0109289	0.0	0.0	0.0	0.0040404	0.0	0.0	0.0	0.0	0.0	0.0	0.0	0.0	0.0	0.0	0.0	0.0	0.0	0.0	0.0	0.0	0.0	0.0	0.0	0.0	0.0	0.015348599999999999	0.0	0.0	0.0	0.0	0.0	0.0	0.0	0.0	0.0	0.0	0.0	0.0	0.0	0.0	0.0	0.0	0.0	0.0	0.0	0.0	0.0	0.0	0.0	0.0	0.0	0.0	0.0	0.0	0.0	0.0	0.0	0.0	0.0	0.0128329	0.0	0.0	0.007188559999999999	0.0	0.0	0.0	0.0	0.0	0.0	0.0	0.0	0.0	0.0	0.0
Sin-CPnd_058-Ex1-9D-lcwgs-1-2.clmp.r1r2_fastp	0.0	0.00964841	0.00128645	0.00192968	0.0	0.0	0.0	0.0	0.0	0.0	0.000643227	0.0	0.000643227	0.000643227	0.00964841	0.0	0.0	0.0	0.0	0.0	0.0	0.00385936	0.0	0.0	0.0	0.0	0.0	0.0	0.0	0.0	0.0	0.0	0.00771873	0.0	0.0	0.0	0.0	0.0006546820000000001	0.0	0.0	0.0	0.0	0.0	0.0	0.0048140399999999995	0.0	0.0	0.0	0.0	0.0	0.0	0.0	0.0	0.00230376	0.0	0.0	0.000805062	0.00655056	0.0	0.0	0.00172819	0.0	0.0	0.0	0.0	0.00191004	0.0146374	0.000997128	0.00509809	0.0	0.0	0.0	0.0	0.0	0.00234673	0.0120249	0.0	0.00126505	0.0	0.0053377500000000005	0.0	0.0	0.0	0.0	0.0	0.0	0.0	0.0	0.0	0.0	0.0	0.0	0.0	0.0	0.0	0.0	0.0	0.0	0.0	0.0	0.0	0.0	0.0	0.0	0.0	0.0	0.00912714	0.0	0.0	0.0	0.0	0.0	0.0	0.0	0.0	0.0	0.0	0.0	0.0	0.0	0.0	0.0	0.0	0.0	0.0	0.0	0.0	0.0	0.0	0.0	0.0	0.00770891	0.0	0.0	0.0	0.00899766	0.0	0.0	0.0101184	0.0	0.0	0.0	0.0	0.0	0.0	0.0	0.0	0.0413679	0.0	0.0
Sin-CPnd_061-Ex1-9A-lcwgs-1-2.clmp.r1r2_fastp	0.0	0.0226621	0.00059637	0.00059637	0.0	0.0	0.0	0.0	0.0	0.0	0.0	0.0	0.0	0.00238548	0.016698400000000002	0.0	0.00059637	0.0	0.0	0.0	0.00059637	0.004174590000000001	0.0	0.0	0.0	0.0	0.0	0.0	0.0	0.0	0.0	0.00059637	0.0107347	0.0	0.0	0.0	0.0	0.0	0.0	0.0	0.0	0.0	0.0	0.000629806	0.010158499999999999	0.0	0.0	0.0	0.0	0.0	0.0	0.0	0.0	0.011920499999999999	0.0	0.0	0.0007305619999999999	0.0118605	0.000752298	0.00152769	0.010089299999999999	0.0	0.0	0.0	0.0	0.00084332	0.0205918	0.0	0.0115674	0.0	0.0	0.0009409020000000001	0.0	0.0	0.00398553	0.0162542	0.0	0.0	0.0	0.0088032	0.0	0.0	0.0	0.0	0.0	0.0	0.0	0.0	0.0	0.0	0.0	0.0	0.0	0.0	0.0	0.0	0.0	0.0	0.0	0.0	0.0	0.0125136	0.0	0.0	0.0	0.0	0.00809848	0.0	0.0	0.0	0.006739760000000001	0.0	0.0	0.0	0.0	0.0	0.0	0.0	0.0	0.0	0.0	0.0	0.0	0.0	0.0	0.0	0.0	0.0	0.0	0.0	0.0	0.0	0.0	0.0	0.0	0.004375410000000001	0.0	0.0	0.00953471	0.00489956	0.0	0.0	0.0	0.0	0.0	0.0	0.0	0.00586648	0.0	0.0
Sin-CPnd_062-Ex1-11D-lcwgs-1-2.clmp.r1r2_fastp	0.0	0.0221134	0.00052651	0.00105302	0.0	0.0	0.0	0.0	0.0	0.0	0.00052651	0.00052651	0.00052651	0.0	0.025799	0.0	0.00052651	0.0	0.0	0.0	0.00052651	0.00895067	0.0	0.0	0.0	0.0	0.0	0.0	0.0	0.0	0.0	0.00052651	0.0115832	0.0	0.0	0.0	0.0	0.0	0.0	0.0	0.0	0.0	0.0	0.00164373	0.00275698	0.0	0.0	0.0	0.0	0.0	0.0	0.0	0.0	0.0077598	0.0	0.0	0.0	0.00438478	0.0	0.0	0.00652473	0.0	0.0	0.0	0.0	0.00210295	0.0163757	0.00217102	0.00956241	0.000747669	0.0	0.0	0.0	0.0	0.00489488	0.00913781	0.0	0.0	0.0	0.00538658	0.0	0.0	0.0	0.0	0.0	0.0	0.0	0.0	0.00108174	0.0	0.0	0.0	0.0	0.0	0.0	0.0	0.0	0.0	0.0	0.0	0.0	0.0072990600000000004	0.0	0.0	0.0	0.0	0.00664419	0.0	0.0	0.00179724	0.00553454	0.0	0.0	0.0	0.0	0.0	0.0	0.0	0.0	0.0	0.0	0.0	0.0	0.0	0.0	0.0	0.0	0.0	0.0	0.0	0.0	0.00334079	0.0	0.0	0.0	0.0112608	0.0	0.0	0.00410055	0.0	0.0	0.0	0.0	0.0	0.0	0.0	0.0	0.0	0.0	0.0
Sin-CPnd_063-Ex1-9F-lcwgs-1-2.clmp.r1r2_fastp	0.0	0.0151096	0.0	0.0	0.0	0.0	0.0	0.0	0.0	0.0	0.0	0.000604383	0.0	0.0	0.00906574	0.0	0.0	0.0	0.0	0.0	0.0012087699999999999	0.00543945	0.0	0.0	0.0	0.0	0.0	0.0	0.0	0.0	0.0	0.0	0.00967013	0.0	0.0	0.0	0.0	0.0006168160000000001	0.0	0.0	0.0	0.0	0.0	0.00064517	0.006514740000000001	0.0	0.0	0.0	0.0	0.0	0.0	0.0	0.000719859	0.00365652	0.0	0.000755076	0.0	0.00390799	0.0	0.0	0.00330232	0.0	0.0	0.0	0.0	0.0027406	0.0167923	0.0009534249999999999	0.00487572	0.0	0.0	0.0	0.0	0.0	0.00449575	0.00806424	0.0	0.0	0.0	0.00765511	0.0	0.0	0.0	0.0	0.0	0.00149707	0.0	0.0	0.0	0.0	0.0	0.0	0.0	0.0	0.0	0.0	0.0	0.0	0.0	0.0	0.0	0.0047567	0.0	0.0	0.0	0.0	0.0083426	0.0	0.0	0.0	0.0	0.0	0.0	0.0	0.0	0.0	0.0	0.0	0.0	0.0	0.0	0.0	0.0	0.0	0.0	0.0	0.0	0.0	0.0	0.0	0.0	0.0	0.0	0.0	0.0	0.0	0.0	0.0	0.0	0.0	0.0	0.0	0.0	0.0	0.0	0.0	0.0	0.0	0.0	0.0
Sin-CPnd_065-Ex1-11B-lcwgs-1-2.clmp.r1r2_fastp	0.0	0.021474999999999998	0.0005113100000000001	0.0010226200000000001	0.0	0.0	0.0	0.0	0.0	0.0	0.0	0.0	0.0010226200000000001	0.0010226200000000001	0.026076799999999997	0.0005113100000000001	0.0	0.0	0.0	0.0	0.0005113100000000001	0.00357917	0.0	0.0	0.0	0.0	0.0	0.0	0.0	0.0	0.0	0.0	0.007669650000000001	0.0	0.0	0.0	0.0	0.0	0.0	0.0	0.0	0.0	0.0	0.0	0.008669129999999999	0.0	0.0	0.0	0.0	0.0	0.0	0.0	0.0	0.0059496900000000005	0.0	0.0	0.00123661	0.0100308	0.0	0.0	0.00786194	0.0	0.0	0.0	0.0	0.0028362400000000003	0.010098999999999999	0.0014671600000000001	0.0156821	0.0	0.0007740959999999999	0.0	0.0008031350000000001	0.0	0.006666279999999999	0.007647660000000001	0.0	0.0	0.0009018269999999999	0.006443119999999999	0.0	0.0	0.0	0.0	0.0	0.00104575	0.0	0.0	0.0	0.0	0.0	0.0	0.00122602	0.0	0.0	0.0	0.0	0.0	0.0	0.0	0.0	0.00457505	0.0	0.0	0.0	0.0	0.00346969	0.0	0.0	0.00376032	0.0019338600000000001	0.0	0.0	0.0	0.0	0.0	0.0	0.0	0.0	0.0	0.0	0.0	0.0	0.0	0.0	0.0	0.0	0.0	0.0	0.0	0.0	0.0035793500000000002	0.0	0.0	0.0	0.016206099999999998	0.0	0.0	0.00445196	0.0	0.0	0.0	0.0	0.0	0.0	0.0	0.0	0.0	0.0	0.0
Sin-CPnd_067-Ex1-9C-lcwgs-1-2.clmp.r1r2_fastp	0.0	0.015359999999999999	0.000667824	0.000667824	0.0	0.0	0.0	0.0	0.0	0.0	0.0	0.0	0.0	0.0	0.0186991	0.0	0.0	0.0	0.0	0.0	0.000667824	0.008013890000000001	0.0	0.0	0.0	0.0	0.0	0.0	0.0	0.0	0.0	0.0	0.008013890000000001	0.0	0.0	0.0	0.0	0.0	0.0	0.0	0.0	0.0	0.0	0.0	0.00574024	0.0	0.0	0.0	0.0	0.0	0.0	0.0	0.0	0.00882705	0.0	0.0	0.0	0.00854876	0.0	0.000885144	0.00540994	0.0	0.0	0.0	0.0	0.00297159	0.0161757	0.0	0.014754699999999999	0.00107638	0.0	0.00112491	0.0	0.0	0.00480925	0.014768499999999999	0.0	0.0	0.00264044	0.00270577	0.0	0.0	0.0	0.0	0.0	0.0	0.0	0.0	0.0	0.0	0.0	0.0	0.0	0.0	0.0	0.0	0.0	0.0	0.0	0.0	0.00236827	0.0121916	0.0	0.0	0.0	0.0	0.00566572	0.0	0.0	0.0	0.0031998	0.0	0.0	0.0	0.0	0.0	0.0	0.0	0.0	0.0	0.0	0.0	0.0	0.0	0.0	0.0	0.0	0.0	0.0	0.0	0.0	0.0	0.0	0.0	0.0	0.0	0.0	0.0	0.0	0.0	0.0	0.0	0.0	0.0	0.0	0.0	0.0	0.0	0.0	0.0
Sin-CPnd_074-Ex1-12A-lcwgs-1-2.clmp.r1r2_fastp	0.0	0.0193937	0.00138526	0.000692631	0.00138526	0.0	0.0	0.0	0.0	0.0	0.0	0.0	0.000692631	0.0020778899999999998	0.031861	0.0	0.00138526	0.0	0.0	0.0	0.0	0.00831157	0.0	0.0	0.0	0.0	0.0	0.0	0.0	0.00138526	0.000692631	0.00138526	0.0145453	0.0	0.0	0.0	0.0	0.000703032	0.0	0.0	0.0	0.00143462	0.0	0.0	0.0131759	0.0	0.0	0.0	0.0	0.0	0.0	0.0	0.00158088	0.012792200000000002	0.0	0.0	0.000830641	0.015154599999999999	0.0	0.0	0.0105506	0.0	0.0	0.0	0.0	0.0	0.025074	0.0	0.019939600000000002	0.0	0.0	0.00104936	0.0	0.00217351	0.006642680000000001	0.0180235	0.0	0.0	0.0	0.00727528	0.0	0.0	0.0	0.0	0.0	0.0	0.0	0.0	0.0	0.0	0.0	0.0	0.0	0.0	0.0	0.0	0.0	0.0	0.0	0.0	0.0	0.0170516	0.0	0.0	0.0	0.0	0.010641000000000001	0.0	0.0	0.0022851399999999997	0.0187253	0.0	0.0	0.0	0.0	0.0	0.0	0.0	0.0	0.0	0.0	0.0	0.0	0.0	0.0	0.0	0.0	0.0	0.0	0.0	0.0	0.0	0.0	0.0	0.0	0.0131085	0.0	0.0	0.0	0.0	0.0	0.0	0.0	0.0	0.0	0.0	0.0	0.0057198399999999995	0.0	0.0
Sin-CPnd_075-Ex1-11G-lcwgs-1-2.clmp.r1r2_fastp	0.0	0.0233237	0.000440069	0.0	0.000440069	0.0	0.0	0.0	0.0	0.000440069	0.000440069	0.0	0.00176028	0.000880138	0.014522299999999998	0.000880138	0.000440069	0.0	0.0	0.0	0.000880138	0.00440069	0.0	0.0	0.0	0.0	0.0	0.0	0.0	0.0	0.0	0.000880138	0.0105617	0.0	0.0	0.0	0.0	0.0	0.0	0.0	0.0	0.0	0.0	0.0	0.00882432	0.0	0.000944269	0.0	0.0	0.0	0.0	0.0	0.0	0.0061001300000000005	0.0	0.0	0.0015856800000000001	0.0064318000000000005	0.0	0.00110388	0.00728222	0.0	0.0	0.0	0.00059834	0.000608646	0.0161104	0.0	0.00770792	0.0	0.0	0.0	0.0	0.0007074290000000001	0.0014431	0.00957622	0.0	0.0	0.000784523	0.0040095600000000006	0.0	0.0	0.0	0.0	0.0	0.0	0.000944029	0.0	0.0	0.0	0.0	0.0	0.0	0.0	0.0	0.0	0.0	0.0	0.0	0.0013210000000000001	0.00407255	0.00837346	0.0	0.0	0.0	0.00312925	0.006448799999999999	0.0	0.0	0.00175997	0.0	0.0	0.0	0.0	0.0	0.0	0.0	0.0	0.0	0.0	0.0	0.0	0.0	0.0	0.0	0.0	0.0	0.0	0.0	0.0	0.0	0.0	0.0	0.0	0.0	0.007977660000000001	0.0	0.0	0.0	0.0	0.0	0.0	0.0	0.0	0.0	0.0	0.0	0.0	0.0	0.0
Sin-CPnd_076-Ex1-10E-lcwgs-1-2.clmp.r1r2_fastp	0.0	0.0203657	0.0	0.000391648	0.000391648	0.0	0.0	0.0	0.0	0.0	0.000391648	0.0	0.0	0.00195824	0.018799100000000003	0.0	0.0	0.000391648	0.0	0.0	0.000391648	0.00509143	0.0	0.0	0.0	0.0	0.0	0.0	0.0	0.0	0.0	0.0015665899999999999	0.00979121	0.0	0.0	0.0	0.0	0.000396184	0.0	0.0	0.0	0.0	0.0	0.00040647299999999997	0.00940315	0.0	0.0	0.0	0.0	0.0	0.0	0.0	0.000434505	0.007017209999999999	0.0	0.0	0.000904433	0.00731623	0.0	0.0	0.00851886	0.0	0.0	0.000491273	0.0	0.00050462	0.0163716	0.0	0.007368459999999999	0.0	0.0	0.0	0.0	0.000567888	0.00346021	0.00586087	0.0	0.0	0.000616135	0.00438704	0.0	0.0	0.0	0.0	0.0	0.0	0.0	0.0	0.0	0.0	0.0	0.0	0.0	0.0	0.0	0.0	0.0	0.0	0.0	0.0	0.0009578179999999999	0.00196227	0.0	0.0	0.0	0.00108279	0.0044461200000000005	0.0	0.0	0.0	0.00865437	0.0	0.0	0.0	0.0	0.0	0.0	0.0	0.0	0.0	0.0	0.0	0.0	0.0	0.0	0.0	0.0	0.0	0.0	0.0	0.0	0.00230319	0.0	0.0	0.0	0.0	0.0	0.0	0.0	0.0	0.0	0.0	0.0	0.0	0.0	0.0	0.0	0.0	0.0	0.0
Sin-CPnd_079-Ex1-9H-lcwgs-1-2.clmp.r1r2_fastp	0.0	0.0195892	0.000593613	0.0	0.0	0.0	0.0	0.0	0.0	0.0	0.0	0.0	0.000593613	0.000593613	0.0154339	0.0	0.000593613	0.0	0.0	0.0	0.000593613	0.0035616800000000002	0.0	0.0	0.0	0.0	0.0	0.0	0.0	0.0	0.0	0.0	0.00771697	0.0	0.0	0.0	0.0	0.0	0.0	0.0	0.0	0.0	0.0	0.0018989999999999999	0.00511117	0.0	0.0	0.0	0.0	0.0	0.0	0.0	0.0	0.00644505	0.0	0.0	0.000751315	0.0038219	0.0	0.0	0.00725461	0.0	0.0	0.0	0.0	0.0	0.014519700000000002	0.0	0.008523369999999999	0.0	0.0	0.0	0.0010353299999999999	0.00105955	0.00108442	0.00554871	0.0	0.0	0.0	0.00367692	0.00125699	0.0	0.0	0.0	0.0	0.0	0.0	0.0	0.0	0.0	0.0	0.0	0.0	0.0	0.0	0.0	0.0	0.0	0.0	0.0	0.0	0.0068965499999999996	0.0	0.0	0.0	0.0	0.005407739999999999	0.0	0.0	0.0	0.0030961699999999997	0.0	0.0	0.0	0.0	0.0	0.0	0.0	0.0	0.0	0.0	0.0	0.0	0.0	0.0	0.0	0.0	0.0	0.0	0.0	0.0	0.0	0.0	0.0	0.0	0.0	0.0	0.0	0.0	0.0	0.0	0.0	0.0	0.0	0.0	0.0	0.0	0.0	0.0	0.0
Sin-CPnd_080-Ex1-2E-lcwgs-1-2.clmp.r1r2_fastp	0.0	0.0417232	0.0	0.0104308	0.0	0.0	0.0	0.0	0.0	0.0	0.0	0.0	0.0	0.0	0.0104308	0.0	0.0	0.0	0.0	0.0	0.0	0.0	0.0	0.0	0.0	0.0	0.0	0.0	0.0	0.0	0.0	0.0104308	0.0417232	0.0	0.0	0.0	0.0	0.0	0.0	0.0	0.0	0.0	0.0	0.0	0.0322997	0.0	0.0	0.0	0.0	0.0	0.0	0.0	0.0	0.0	0.0	0.0	0.0	0.011594199999999999	0.0	0.0	0.0118413	0.0	0.0	0.0	0.0	0.0	0.0371379	0.0	0.0125723	0.0	0.0	0.0	0.0	0.0	0.0132538	0.013356500000000002	0.0	0.0	0.0	0.0	0.0	0.0	0.0	0.0	0.0	0.0	0.0	0.0	0.0	0.0	0.0	0.0	0.0	0.0	0.0	0.0	0.0	0.0	0.0	0.0	0.0	0.0180897	0.0	0.0	0.018935800000000003	0.0	0.0	0.0	0.0	0.0	0.0	0.0	0.0	0.0	0.0	0.0	0.0	0.0	0.0	0.0	0.0	0.0	0.0	0.0	0.0	0.0	0.0	0.0	0.0	0.0	0.0	0.0	0.0	0.0	0.0	0.0	0.0	0.0	0.0	0.0	0.0	0.0	0.0	0.0	0.0	0.0	0.0	0.0460193	0.0	0.0
Sin-CPnd_081-Ex1-10G-lcwgs-1-2.clmp.r1r2_fastp	0.0	0.0219272	0.000827441	0.000413721	0.0	0.0	0.0	0.0	0.0	0.0	0.0	0.0	0.000413721	0.00165488	0.0264781	0.0	0.0	0.000413721	0.0	0.0	0.000413721	0.00496465	0.0	0.0	0.0	0.0	0.0	0.0	0.0	0.0	0.0	0.00124116	0.013239099999999998	0.0	0.0	0.0	0.0	0.00041917500000000004	0.0	0.0	0.0	0.0	0.0	0.00043137099999999995	0.014759300000000001	0.0	0.0	0.0	0.0	0.0	0.0	0.0	0.00139097	0.008897420000000001	0.0	0.00047845700000000006	0.000483842	0.00978761	0.0	0.00100228	0.0101469	0.0	0.0	0.0	0.0	0.00216973	0.019248499999999998	0.0011158700000000001	0.016419	0.0	0.0	0.0	0.0	0.0	0.0068317000000000004	0.0176836	0.0	0.000652976	0.000664439	0.006763470000000001	0.0	0.0	0.0	0.0	0.0	0.0	0.0	0.0	0.0	0.0	0.0	0.0	0.0	0.0	0.0	0.0	0.0	0.0	0.0	0.0	0.0	0.00936534	0.0	0.0	0.0	0.0	0.00233574	0.0	0.0	0.0012566300000000001	0.0064445399999999995	0.0	0.0	0.0	0.0	0.0	0.0	0.0	0.0	0.0	0.0	0.0	0.0	0.0	0.0	0.0	0.0	0.0	0.0	0.0	0.0	0.0	0.0	0.0	0.0	0.00255676	0.00263137	0.0	0.00279213	0.0	0.0	0.0	0.0	0.0	0.0	0.0	0.0	0.0	0.0	0.0
Sin-CPnd_085-Ex1-4H-lcwgs-1-2.clmp.r1r2_fastp	0.0	0.0577444	0.00115489	0.00173233	0.0	0.0005774440000000001	0.0	0.0	0.0	0.0	0.0	0.00115489	0.00115489	0.00230978	0.0652512	0.0005774440000000001	0.0005774440000000001	0.0	0.0	0.00115489	0.00173233	0.020788	0.0	0.0	0.0	0.0	0.0	0.0	0.0	0.0	0.0	0.00346466	0.031181999999999998	0.0	0.0	0.0	0.0	0.000580504	0.0	0.0	0.0	0.0	0.0	0.0023418099999999997	0.0275645	0.0	0.0	0.0	0.0	0.0	0.0	0.0	0.00178962	0.0299036	0.0	0.0	0.00241129	0.027804099999999998	0.0	0.00182362	0.0207297	0.0	0.0	0.0	0.0	0.00310145	0.0485597	0.00125015	0.036398099999999996	0.0	0.0	0.0	0.0	0.0019238	0.0109521	0.0246004	0.0	0.0	0.0013152700000000001	0.019178	0.0	0.0	0.0	0.00067764	0.0	0.0	0.0	0.0	0.0	0.0	0.0	0.0	0.0	0.0	0.0	0.0	0.0	0.0	0.0	0.0	0.0	0.0134689	0.0	0.0	0.0008217799999999999	0.00166387	0.0134907	0.0	0.0008672650000000001	0.0008801890000000001	0.0205506	0.0	0.0	0.0	0.0	0.0	0.0	0.0	0.0	0.0	0.0	0.0	0.0	0.0	0.0	0.0	0.0	0.0	0.0	0.0	0.0	0.006524179999999999	0.0	0.0	0.0	0.0141739	0.0	0.00147944	0.00453206	0.00308452	0.0	0.0	0.0	0.0	0.0	0.0	0.0	0.00352274	0.0	0.0
Sin-CPnd_088-Ex1-2D-lcwgs-1-2.clmp.r1r2_fastp	0.0	0.0456204	0.0	0.0	0.0	0.0	0.0	0.0	0.0	0.0	0.0	0.0	0.0	0.0	0.0	0.0	0.0	0.0	0.0	0.0	0.0	0.0	0.0	0.0	0.0	0.0	0.0	0.0	0.0	0.0	0.0	0.0	0.0	0.0	0.0	0.0	0.0	0.0	0.0	0.0	0.0	0.0	0.0	0.0	0.0	0.0	0.0	0.0	0.0	0.0	0.0	0.0	0.0	0.0	0.0	0.0	0.0	0.0	0.0	0.0	0.0	0.0	0.0	0.0	0.0	0.0	0.0	0.0	0.0	0.0	0.0	0.0	0.0	0.0	0.035186499999999996	0.0	0.0	0.0	0.0	0.0	0.0	0.0	0.0	0.0	0.0	0.0	0.0	0.0	0.0	0.0	0.0	0.0	0.0	0.0	0.0	0.0	0.0	0.0	0.0	0.0	0.0	0.0	0.0	0.0	0.0	0.0	0.0	0.0	0.0	0.0	0.0	0.0	0.0	0.0	0.0	0.0	0.0	0.0	0.0	0.0	0.0	0.0	0.0	0.0	0.0	0.0	0.0	0.0	0.0	0.0	0.0	0.0	0.0	0.0	0.0	0.0	0.0	0.0	0.0	0.0	0.0	0.0	0.0	0.0	0.0	0.0	0.0	0.0	0.0	0.0
Sin-CPnd_089-Ex1-9E-lcwgs-1-2.clmp.r1r2_fastp	0.0	0.0240583	0.000943463	0.000943463	0.0	0.00047173100000000003	0.0	0.0	0.0	0.0	0.0	0.0	0.0	0.0	0.026417	0.0	0.0	0.0	0.0	0.0	0.000943463	0.00566078	0.0	0.0	0.0	0.0	0.0	0.0	0.0	0.0	0.0	0.000943463	0.0127368	0.0	0.0	0.0	0.0	0.00047915400000000003	0.0	0.0	0.0	0.0	0.0	0.0	0.0094926	0.0	0.0	0.0	0.0	0.0	0.0	0.0	0.00107871	0.00490998	0.0	0.0	0.000565659	0.007446780000000001	0.0	0.000588087	0.00536551	0.0	0.0	0.0	0.0	0.00128272	0.017593400000000002	0.000661516	0.011427	0.0	0.0	0.0	0.0	0.0	0.00593423	0.00830157	0.0	0.0	0.0	0.008919159999999999	0.0	0.0	0.0	0.0	0.0	0.0	0.000926183	0.0	0.000961807	0.0	0.0	0.0	0.0	0.0	0.0	0.0	0.0	0.0	0.0	0.0	0.0	0.00508705	0.0	0.0	0.0	0.0	0.00430416	0.0	0.0	0.0	0.00317475	0.0	0.0	0.0	0.0	0.0	0.0	0.0	0.0	0.0	0.0	0.0	0.0	0.0	0.0	0.0	0.0	0.0	0.0	0.0	0.0	0.00282694	0.0	0.0	0.0	0.00318573	0.0	0.0	0.00346212	0.0	0.0	0.0	0.0	0.0	0.0	0.0	0.0	0.00436148	0.0	0.0
Sin-CPnd_090-Ex1-12F-lcwgs-1-2.clmp.r1r2_fastp	0.0	0.053895099999999994	0.00130995	0.00093568	9.3568e-05	0.0	0.0	0.000187136	0.0	0.0	0.000280704	0.000654976	0.00224563	0.0035555800000000005	0.0641876	0.000654976	0.00130995	9.3568e-05	0.0	0.0	0.00187136	0.0228306	0.0	0.0	0.0	0.0	0.0	0.0	9.3568e-05	0.0	0.000374272	0.00271347	0.0360237	0.0	0.0	9.37856e-05	0.0	0.00159744	0.0	0.0	9.4311e-05	9.44434e-05	0.000283734	0.0017997699999999998	0.0337783	0.0	9.52426e-05	0.0	0.0	0.0	0.0	0.000288932	0.00173801	0.0318523	0.0	0.000292092	0.00214855	0.030860600000000002	0.00029484	0.00177483	0.0301734	0.0	9.962540000000001e-05	0.0	0.00040157999999999996	0.00433379	0.0622359	0.00284514	0.0399018	0.0	0.0	0.0	0.000311699	0.0011483	0.0191979	0.0412197	0.00010595	0.0	0.00128478	0.024111	0.000432885	0.0	0.0	0.0	0.0	0.0	0.00044844099999999994	0.0	0.0	0.0	0.0	0.0	0.0	0.00023516000000000002	0.0	0.0	0.0	0.0	0.00024523	0.000123759	0.0016245499999999998	0.020948	0.0	0.0	0.000130211	0.00131675	0.0226431	0.0	0.000136381	0.000690372	0.0179017	0.0	0.0	0.0	0.0	0.0	0.0	0.0	0.0	0.0	0.0	0.0	0.0	0.0	0.0	0.0	0.0	0.0	0.0	0.0	0.000565296	0.00594084	0.000194896	0.0	0.00040343599999999996	0.014975500000000001	0.00187882	0.0	0.0034563000000000003	0.000878808	0.0	0.0	0.0	0.0	0.000466679	0.0	0.000478133	0.014112099999999999	0.0	0.0
Sin-CPnd_092-Ex1-11F-lcwgs-1-2.clmp.r1r2_fastp	0.0	0.014330500000000001	0.0	0.0	0.0	0.0	0.0	0.0	0.0	0.0	0.0	0.000597104	0.0	0.0	0.0149276	0.000597104	0.000597104	0.0	0.0	0.0	0.0	0.00776235	0.0	0.0	0.0	0.0	0.0	0.0	0.0	0.0	0.0	0.000597104	0.0125392	0.0	0.0	0.0	0.0	0.000606686	0.0	0.0	0.0	0.0	0.0	0.0	0.00761233	0.0	0.0	0.0	0.000659513	0.0	0.0	0.000683055	0.0	0.0035027500000000002	0.0	0.0	0.00073155	0.00371317	0.000754	0.00153197	0.00467188	0.0	0.0	0.000819511	0.0	0.0008502749999999999	0.00693199	0.000883275	0.0099133	0.0	0.0	0.0	0.0	0.0	0.0010197799999999999	0.00729212	0.0	0.0	0.0	0.00683504	0.0	0.0	0.0	0.0	0.0	0.0	0.0	0.0	0.0	0.0	0.0	0.0	0.0	0.0	0.0	0.0	0.0	0.0	0.0	0.0	0.0	0.00789484	0.0	0.0	0.0	0.0	0.00453793	0.0	0.0	0.0	0.00763456	0.0	0.0	0.0	0.0	0.0	0.0	0.0	0.0	0.0	0.0	0.0	0.0	0.0	0.0	0.0	0.0	0.0	0.0	0.0	0.0	0.00479409	0.0	0.0	0.0	0.0162858	0.0	0.00578972	0.0	0.0	0.0	0.0	0.0	0.0	0.0	0.0	0.0	0.00756716	0.0	0.0
Sin-CPnd_093-Ex1-10C-lcwgs-1-2.clmp.r1r2_fastp	0.0	0.0253087	0.00107697	0.00107697	0.0	0.0	0.0	0.000538483	0.0	0.0	0.0	0.000538483	0.00107697	0.0032308999999999997	0.0285396	0.000538483	0.0016154499999999998	0.0	0.0	0.0	0.000538483	0.0113081	0.0	0.0	0.0	0.0	0.0	0.0	0.0	0.000538483	0.0	0.0	0.017769899999999998	0.0	0.0	0.0	0.0	0.0016372399999999999	0.0	0.0	0.000552395	0.0	0.0	0.0	0.0146906	0.0	0.0	0.0	0.0	0.0	0.0	0.0	0.0006017100000000001	0.010329099999999999	0.0006137	0.0	0.0018810699999999999	0.015210399999999999	0.000641206	0.00129802	0.011822899999999999	0.0	0.0	0.0	0.000689403	0.0020956200000000003	0.0276048	0.00215109	0.0101761	0.0	0.0	0.0	0.0	0.00156009	0.00633317	0.0192723	0.0	0.0	0.000840089	0.017905300000000002	0.0008667009999999999	0.0	0.0	0.0	0.0	0.0	0.0	0.0	0.0	0.0	0.0	0.0	0.0	0.0	0.0	0.0	0.0	0.0	0.0	0.00120179	0.0	0.0124942	0.0	0.0	0.0	0.0	0.00552967	0.0	0.0	0.0	0.00754227	0.0	0.0	0.0	0.0	0.0	0.0	0.0	0.0	0.0	0.0	0.0	0.0	0.0	0.0	0.0	0.0	0.0	0.0	0.0	0.0	0.00248515	0.0	0.0	0.0	0.00274967	0.00282103	0.0	0.0	0.0	0.0	0.0	0.0	0.0	0.0	0.0	0.0	0.0	0.0	0.0
Sin-CPnd_094-Ex1-3H-lcwgs-1-2.clmp.r1r2_fastp	0.0	0.0496224	0.00109865	0.0014648699999999998	0.000183109	0.0	0.0	0.0	0.0	0.0	0.000366217	0.000549326	0.0021973	0.00366217	0.0554819	0.000183109	0.00128176	0.000183109	0.0	0.000366217	0.00128176	0.019226399999999998	0.0	0.0	0.0	0.0	0.0	0.0	0.0	0.000549326	0.000366217	0.0027466300000000003	0.0329595	0.0	0.0	0.0	0.000366874	0.00128477	0.0	0.0	0.0	0.000184031	0.000184181	0.00165908	0.0346879	0.0	0.0	0.0	0.0	0.0	0.00037147000000000005	0.000185986	0.00204871	0.02145	0.0	0.0	0.00168752	0.0236682	0.0007528760000000001	0.0016974899999999998	0.0228691	0.000189423	0.0	0.0	0.000381663	0.0036356599999999998	0.0523878	0.0028869399999999997	0.025099299999999998	0.0	0.0	0.0	0.00019575400000000002	0.000982365	0.0114426	0.0305024	0.0	0.0	0.00100348	0.0173403	0.0	0.0	0.0	0.0	0.0	0.0	0.0	0.00021069699999999998	0.0	0.0	0.0	0.0	0.0	0.0	0.0	0.0	0.0	0.0	0.0	0.000232723	0.0009408750000000001	0.0164085	0.0	0.0	0.000246481	0.000748925	0.014420200000000001	0.0	0.0	0.00131846	0.00829591	0.0	0.0	0.000280349	0.0	0.0	0.0	0.0	0.0	0.0	0.0	0.0	0.0	0.0	0.0	0.0	0.0	0.0	0.0	0.0	0.0	0.00507703	0.0	0.0	0.00124652	0.0106079	0.0008672160000000001	0.000443068	0.000905289	0.00138696	0.0	0.0	0.0	0.0	0.000501681	0.0	0.00103721	0.0116614	0.0	0.0
Sin-CPnd_095-Ex1-2B-lcwgs-1-2.clmp.r1r2_fastp	0.0	0.0248075	0.0009541349999999999	0.0038165399999999998	0.0	0.0	0.0	0.0	0.0	0.0	0.0019082699999999999	0.0	0.0	0.0019082699999999999	0.025761600000000003	0.0	0.0	0.0	0.0	0.0	0.0019082699999999999	0.00858721	0.0	0.0	0.0	0.0	0.0	0.0	0.0	0.0	0.0	0.0	0.014312	0.0	0.0	0.0	0.0	0.000971279	0.0	0.0	0.0	0.0	0.00100168	0.00201859	0.00305325	0.0	0.0	0.0	0.0	0.0	0.0	0.0	0.0	0.0133479	0.0	0.0	0.0034530399999999997	0.00931706	0.0	0.0	0.00967644	0.0	0.0	0.0	0.0	0.00258746	0.0262292	0.0	0.0188702	0.0	0.0	0.0	0.0	0.0	0.00147197	0.0089658	0.0	0.0	0.0	0.00635819	0.0	0.0	0.0	0.0	0.0	0.0	0.0	0.0	0.0	0.0	0.0	0.0	0.0	0.0	0.0	0.0	0.0	0.0	0.0	0.0	0.0	0.0023417	0.0	0.0	0.0	0.0	0.00782085	0.0	0.0	0.0	0.00856849	0.0	0.0	0.0	0.0	0.0	0.0	0.0	0.0	0.0	0.0	0.0	0.0	0.0	0.0	0.0	0.0	0.0	0.0	0.0	0.0	0.00487757	0.0	0.0	0.0	0.00544395	0.0	0.0	0.0	0.0060856899999999995	0.0	0.0	0.0	0.0	0.0	0.0	0.0	0.0	0.0	0.0
Undetermined.clmp.r1r2_fastp	0.0	0.0379551	0.0012147500000000001	0.00256132	0.00099627	0.000352481	0.000688941	0.000637234	0.0016946799999999998	0.00200565	0.00129049	0.000577516	0.0015504800000000001	0.0020784700000000002	0.019918099999999998	0.000862997	0.0023239	0.00025489400000000003	0.000103414	0.00044060200000000006	0.000597907	0.00660393	1.3108799999999999e-05	8.010940000000001e-06	5.09787e-06	2.6217599999999998e-05	0.000816388	4.22395e-05	6.55441e-05	0.0013036	0.000195904	0.00148639	0.0116472	5.26133e-05	0.000970474	6.62998e-05	0.0008113780000000001	0.0015175599999999998	1.04803e-05	0.0009702570000000001	0.0007971050000000001	0.000142877	0.000385038	0.000831819	0.00940777	0.00073917	0.000443782	0.000186732	0.000252664	2.6482600000000003e-05	0.000124035	0.00018597200000000001	0.000778262	0.006896469999999999	0.0014429900000000001	0.00024033100000000001	0.000925537	0.00881477	0.00031962	0.00128363	0.0064732800000000005	9.97673e-06	3.8628500000000005e-05	0.000237308	0.00028007499999999996	0.00178597	0.0171504	0.00111101	0.012111	7.86977e-05	7.68808e-05	0.00019295	0.000337096	0.000650301	0.00490382	0.0106005	2.21644e-05	0.00010939000000000001	0.0008176790000000001	0.00573507	0.00066194	4.7332100000000005e-06	0.0007993960000000001	2.33419e-05	0.000130363	6.179619999999999e-05	0.000503588	0.00017601000000000002	0.000266236	0.000101413	0.000508468	8.458e-06	4.7998400000000004e-05	0.00031071	2.5569300000000003e-05	1.4401600000000001e-05	7.191129999999999e-05	0.000520356	0.00110011	0.00010695600000000001	0.000760621	0.00712718	6.085830000000001e-06	2.8379199999999998e-05	0.000101371	0.000940286	0.00706485	5.12189e-05	0.000448215	0.000721921	0.006301770000000001	1.70267e-05	0.000132661	2.7565800000000003e-05	0.0	4.96286e-06	0.0	4.29183e-05	5.58023e-06	0.0	0.0	0.0	0.0	0.0	2.12122e-05	0.0	0.00143184	0.0	3.3150999999999995e-05	1.72449e-05	0.00022430899999999998	0.00378953	3.8836999999999994e-05	3.02883e-05	0.000535512	0.0059626900000000005	0.000772602	0.0012529	0.0034676399999999997	0.004819599999999999	0.0	0.000275436	1.4254100000000001e-05	2.94826e-05	0.00019829499999999997	7.90014e-05	0.00034411	0.00674644	0.0	0.0
