Sample	1	2	3	4	5	6	7	8	9	10	11	12	13	14	15	16	17	18	19	20	21	22	23	24	25	26	27	28	29	30	31	32	33	34	35	36	37	38	39	40	41	42	43	44	45	46	47	48	49	50	51	52	53	54	55	56	57	58	59	60	61	62	63	64	65	66	67	68	69	70	71	72	73	74	75	76	77	78	79	80	81	82	83	84	85	86	87	88	89	90	91	92	93	94	95	96	97	98	99	100	101	102	103	104	105	106	107	108	109	110	111	112	113	114	115	116	117	118	119	120	121	122	123	124	125	126	127	128	129	130	131	132	133	134	135	136	137	138	139	140	141	142	143	144	145	146	147	148	149	150
Sin-APnd_001-Ex1-6G-lcwgs-1-2.clmp.r1r2_fastp	39.5942	39.0906	39.3359	39.3535	39.3767	39.3605	39.2741	39.3451	39.3657	39.3222	39.3696	39.2154	39.3069	39.2747	39.324	39.4852	39.5209	39.4722	39.4479	39.4562	39.4992	39.4638	39.4333	39.4215	39.4151	39.3073	39.297	39.3353	39.3633	39.3026	39.2825	39.3059	39.285	39.2677	39.2789	39.294	39.2926	39.2983	39.3155	39.3019	39.29	39.2722	39.2475	39.2307	39.1325	38.9867	39.2798	39.1552	39.192	39.1044	39.2	39.0539	38.9422	39.1435	39.0593	38.9708	38.9307	38.9675	38.9497	38.9477	38.9106	38.9418	38.9511	38.9893	38.892	39.0728	39.0074	38.9397	38.8809	38.9074	38.9853	39.0805	39.124	39.147	39.144	39.1352	39.1372	39.1374	39.127	39.1337	39.1274	39.1285	39.1233	39.1254	39.1227	39.1233	39.1277	39.1174	39.1096	39.1016	39.1022	39.0907	39.0921	39.0788	39.0676	39.0561	39.0538	39.0252	39.0126	38.9959	38.959	38.9046	38.8337	38.7528	38.6798	38.5551	38.4667	38.4006	38.3185	38.2216	38.1097	37.9949	37.855	37.7356	37.5866	37.4278	37.2328	37.1065	36.9219	36.7794	36.6217	36.4104	36.2054	36.0459	35.7794	35.5527	35.4868	35.2291	35.16	35.0541	34.835	34.5942	34.4582	34.3883	34.1995	34.0979	33.9089	33.7915	33.6006	33.275	33.165	33.1938	33.1271	32.9836	32.9294	32.7774	32.6317	32.6329	32.8215	34.5154
Sin-APnd_002-Ex1-3G-lcwgs-1-2.clmp.r1r2_fastp	39.639	39.1413	39.3903	39.4049	39.4263	39.4103	39.3299	39.4022	39.4204	39.3777	39.4268	39.2678	39.3684	39.3275	39.3821	39.54	39.5784	39.5304	39.5136	39.5197	39.5614	39.5297	39.4994	39.4879	39.4856	39.3997	39.3954	39.4307	39.4569	39.4014	39.3853	39.4114	39.3841	39.3753	39.3868	39.4008	39.4024	39.4119	39.4228	39.4113	39.4011	39.3898	39.3675	39.3335	39.2651	39.1271	39.4035	39.2923	39.3245	39.2435	39.3336	39.2026	39.0994	39.2873	39.2079	39.126	39.0901	39.1311	39.1184	39.115	39.0766	39.1102	39.1212	39.1579	39.0721	39.2361	39.1789	39.1171	39.0606	39.0851	39.1572	39.2414	39.2817	39.3043	39.3002	39.2954	39.2992	39.297	39.283	39.2929	39.2881	39.2864	39.2764	39.282	39.2812	39.2824	39.284	39.2753	39.2678	39.2656	39.2628	39.2513	39.2517	39.2413	39.2307	39.2215	39.2259	39.1974	39.184	39.169	39.1344	39.0929	39.0293	38.9574	38.8905	38.775	38.6857	38.6279	38.5477	38.454	38.3461	38.231	38.0932	37.9613	37.8147	37.6488	37.4414	37.3026	37.1145	36.9621	36.7911	36.5767	36.3529	36.1847	35.9128	35.6831	35.5871	35.3143	35.2166	35.0934	34.8747	34.6332	34.4655	34.3746	34.1679	34.0742	33.8776	33.7528	33.5464	33.2129	33.0972	33.1129	33.0358	32.8764	32.8188	32.6896	32.5475	32.5294	32.7029	34.4312
Sin-APnd_003-Ex1-3H-lcwgs-1-2.clmp.r1r2_fastp	39.6224	39.1584	39.4003	39.3985	39.4278	39.3855	39.3257	39.3779	39.4119	39.3746	39.4195	39.274	39.3647	39.3312	39.3773	39.5294	39.5661	39.5214	39.5051	39.5087	39.5468	39.5151	39.4863	39.478	39.4711	39.3796	39.3709	39.4062	39.4282	39.3764	39.3565	39.3814	39.3529	39.345	39.3575	39.3702	39.3673	39.3742	39.389	39.3745	39.3623	39.3508	39.325	39.3009	39.2207	39.083	39.3636	39.2514	39.2873	39.2045	39.291	39.1622	39.0681	39.2459	39.1623	39.0916	39.048	39.0812	39.0693	39.062	39.0247	39.055	39.0629	39.0972	39.0106	39.1815	39.1256	39.059	39.0029	39.0229	39.0954	39.1798	39.2208	39.2423	39.2408	39.2349	39.2394	39.2407	39.2277	39.2364	39.2303	39.2291	39.2189	39.2224	39.2219	39.2222	39.224	39.2167	39.2096	39.2081	39.2034	39.1929	39.1952	39.182	39.1734	39.1618	39.16	39.136	39.1216	39.1084	39.0747	39.0295	38.9649	38.8908	38.8216	38.705	38.6182	38.5552	38.4766	38.3822	38.2723	38.155	38.0249	37.8978	37.7504	37.5917	37.3864	37.2551	37.0612	36.912	36.7507	36.5315	36.3145	36.1482	35.8899	35.6613	35.5762	35.2966	35.2157	35.1004	34.8844	34.6469	34.4928	34.404	34.2014	34.1025	33.902	33.7948	33.5805	33.2466	33.1351	33.1817	33.0986	32.9225	32.8772	32.7337	32.589	32.5894	32.7434	34.4168
Sin-APnd_004-Ex1-4A-lcwgs-1-2.clmp.r1r2_fastp	39.5692	39.0847	39.3076	39.3362	39.3365	39.3165	39.2589	39.3059	39.3503	39.3106	39.3549	39.2004	39.2937	39.2592	39.3095	39.4753	39.5082	39.4598	39.4306	39.4387	39.4803	39.4455	39.4162	39.4053	39.3988	39.2835	39.2723	39.3094	39.3382	39.2737	39.2513	39.2749	39.254	39.2387	39.2513	39.2681	39.2608	39.2645	39.2815	39.2671	39.2503	39.2321	39.2075	39.1901	39.0862	38.9377	39.2444	39.1145	39.151	39.0566	39.1548	38.9979	38.8821	39.0965	39.0103	38.9162	38.8723	38.9045	38.8856	38.8838	38.8443	38.873	38.8811	38.918	38.816	39.0186	38.945	38.8741	38.8107	38.8361	38.9152	39.0201	39.0626	39.0798	39.0791	39.0692	39.0697	39.0725	39.0661	39.0685	39.0604	39.0568	39.0509	39.0547	39.0506	39.0564	39.062	39.0483	39.0404	39.0263	39.0277	39.0137	39.0191	39.006	38.9924	38.9804	38.9781	38.9473	38.9374	38.9189	38.881	38.82	38.7461	38.6591	38.5821	38.4522	38.3662	38.3036	38.2239	38.1279	38.0208	37.9043	37.7594	37.6417	37.4929	37.3428	37.1513	37.035	36.8526	36.7135	36.5492	36.3454	36.1296	35.9753	35.6874	35.4751	35.4245	35.1889	35.1256	35.0103	34.7934	34.5383	34.4019	34.3402	34.1668	34.0857	33.8983	33.7865	33.5777	33.2458	33.14	33.1952	33.1357	33.0171	32.9304	32.777	32.6267	32.64	32.8765	34.6116
Sin-APnd_005-Ex1-4B-lcwgs-1-2.clmp.r1r2_fastp	39.6092	39.1605	39.3815	39.4011	39.401	39.388	39.3423	39.3768	39.4097	39.3642	39.4102	39.2554	39.3544	39.3109	39.364	39.5181	39.5556	39.5061	39.4801	39.4925	39.5352	39.4994	39.4704	39.4526	39.4492	39.348	39.3444	39.383	39.405	39.3472	39.3286	39.357	39.329	39.3214	39.333	39.3475	39.3437	39.3497	39.3664	39.3569	39.3372	39.3259	39.3019	39.2778	39.1955	39.0633	39.34	39.2175	39.255	39.1662	39.2612	39.1177	39.0056	39.2092	39.1282	39.0371	39.0051	39.0483	39.0317	39.0283	38.9923	39.0242	39.0337	39.072	38.9831	39.153	39.0965	39.0371	38.9814	39.0067	39.079	39.1623	39.2041	39.2254	39.2238	39.2166	39.222	39.2215	39.2104	39.2181	39.2123	39.2104	39.2044	39.2059	39.2072	39.2085	39.2113	39.1978	39.1941	39.1906	39.1873	39.1767	39.1799	39.1686	39.1572	39.1483	39.1478	39.1234	39.1107	39.095	39.0617	39.0133	38.9473	38.8774	38.8118	38.6972	38.6194	38.5562	38.4846	38.3967	38.2902	38.1812	38.0527	37.9364	37.7933	37.6388	37.4458	37.3164	37.1345	36.9948	36.8351	36.6255	36.4093	36.2442	35.9874	35.7548	35.6675	35.4122	35.3178	35.1951	34.9717	34.73	34.5615	34.4898	34.2716	34.1697	33.9581	33.8283	33.6243	33.3059	33.1738	33.2069	33.1339	32.9535	32.8925	32.739	32.6104	32.5789	32.7582	34.4669
Sin-APnd_006-Ex1-4C-lcwgs-1-2.clmp.r1r2_fastp	39.6024	39.1586	39.3682	39.3919	39.4316	39.4178	39.3394	39.3831	39.4116	39.3768	39.4175	39.2702	39.3612	39.324	39.3732	39.5195	39.5525	39.5091	39.485	39.4932	39.5328	39.5005	39.4719	39.4583	39.452	39.3507	39.3426	39.3774	39.3998	39.3434	39.3242	39.3471	39.3263	39.314	39.3248	39.339	39.3363	39.3407	39.357	39.3455	39.3295	39.3153	39.2912	39.2703	39.1892	39.0563	39.3297	39.2139	39.2443	39.1603	39.2505	39.1036	38.9957	39.191	39.1203	39.028	39.001	39.038	39.0184	39.0166	38.9792	39.0034	39.0137	39.051	38.9627	39.1279	39.0714	39.0125	38.959	38.9808	39.0517	39.1326	39.1717	39.1908	39.1872	39.1821	39.1859	39.1848	39.173	39.1796	39.172	39.1677	39.1584	39.1616	39.1587	39.1605	39.1586	39.147	39.1396	39.1375	39.1298	39.1183	39.1204	39.1039	39.09	39.08	39.0767	39.0489	39.0336	39.0179	38.9802	38.9299	38.8617	38.7834	38.7148	38.5965	38.5129	38.4475	38.375	38.2851	38.1803	38.0777	37.9517	37.8382	37.7029	37.5582	37.3655	37.2529	37.0774	36.9501	36.8025	36.6121	36.4086	36.2704	36.0237	35.8192	35.7366	35.4819	35.4001	35.2967	35.0869	34.8546	34.7067	34.634	34.4515	34.3327	34.1485	34.0307	33.8167	33.4997	33.3742	33.4233	33.3283	33.145	33.0777	32.9401	32.8034	32.7675	32.9255	34.5759
Sin-APnd_007-Ex1-4D-lcwgs-1-2.clmp.r1r2_fastp	39.6002	39.1468	39.3658	39.3704	39.399	39.3797	39.2938	39.3475	39.3889	39.3479	39.3941	39.2371	39.3323	39.2954	39.3458	39.5087	39.5461	39.4964	39.4708	39.4818	39.5232	39.4862	39.4563	39.4447	39.4408	39.3404	39.3319	39.3701	39.3945	39.3347	39.3132	39.3403	39.3195	39.3057	39.3189	39.3367	39.3368	39.3413	39.3559	39.3438	39.3268	39.3122	39.2886	39.2728	39.1819	39.0302	39.3291	39.2084	39.2421	39.1552	39.2499	39.1005	38.9888	39.1929	39.1144	39.0284	38.9938	39.0326	39.0109	39.0094	38.972	38.996	39.008	39.049	38.9566	39.1352	39.0739	39.0073	38.9508	38.976	39.0501	39.1424	39.1845	39.2074	39.2063	39.2008	39.2069	39.2069	39.1969	39.2045	39.1987	39.197	39.1888	39.1909	39.1879	39.1925	39.1952	39.1829	39.1777	39.1738	39.1697	39.1582	39.1591	39.1457	39.1319	39.1207	39.1162	39.0903	39.074	39.0582	39.0182	38.9643	38.8884	38.8039	38.7243	38.5947	38.4979	38.424	38.3382	38.2387	38.1205	38.0025	37.8625	37.7375	37.5952	37.4389	37.2432	37.1201	36.9434	36.8109	36.6583	36.4593	36.2604	36.1141	35.8554	35.6434	35.577	35.3218	35.2529	35.1458	34.9288	34.7127	34.5708	34.5048	34.3207	34.2296	34.0351	33.9307	33.7373	33.4221	33.3101	33.3497	33.2826	33.1199	33.0748	32.9095	32.7981	32.8121	32.9706	34.6446
Sin-APnd_008-Ex1-4E-lcwgs-1-2.clmp.r1r2_fastp	39.5813	39.1214	39.3447	39.3561	39.3608	39.3447	39.2962	39.3363	39.3692	39.3275	39.3701	39.214	39.3087	39.2706	39.3208	39.4822	39.5179	39.4698	39.4416	39.452	39.4934	39.4568	39.4261	39.4127	39.4034	39.2917	39.2841	39.3217	39.3474	39.288	39.2656	39.2879	39.2643	39.2521	39.263	39.2797	39.2725	39.2766	39.2955	39.2826	39.266	39.2488	39.2225	39.2051	39.1043	38.9636	39.2587	39.1287	39.1654	39.0712	39.1684	39.0151	38.8987	39.1102	39.0224	38.9311	38.8913	38.927	38.9078	38.9075	38.8672	38.8931	38.903	38.9436	38.8448	39.0325	38.9687	38.9044	38.8458	38.8717	38.9471	39.0424	39.0837	39.1053	39.1023	39.0951	39.0969	39.0961	39.088	39.0933	39.0856	39.0867	39.0771	39.0842	39.0801	39.0845	39.0873	39.0752	39.0683	39.0627	39.0586	39.0483	39.0495	39.0375	39.0249	39.0111	39.0104	38.9826	38.9667	38.95	38.9103	38.8568	38.78	38.7005	38.6259	38.4936	38.4093	38.3425	38.2664	38.1722	38.0707	37.9598	37.8333	37.7187	37.5842	37.4346	37.2508	37.1418	36.9682	36.848	36.7053	36.5113	36.3199	36.1827	35.9173	35.7215	35.65	35.4123	35.3473	35.2419	35.0406	34.8069	34.6734	34.612	34.4131	34.3294	34.1408	34.0293	33.8378	33.5159	33.3893	33.4209	33.3416	33.1687	33.1237	32.9833	32.8175	32.814	32.9894	34.6702
Sin-APnd_009-Ex1-4F-lcwgs-1-2.clmp.r1r2_fastp	39.5993	39.1322	39.3814	39.3888	39.43	39.3994	39.3393	39.3764	39.4027	39.3601	39.4073	39.2513	39.3485	39.3059	39.3582	39.5172	39.5527	39.5038	39.4762	39.4898	39.5296	39.4945	39.4659	39.4499	39.4463	39.3455	39.34	39.3773	39.3999	39.3429	39.3208	39.347	39.3245	39.3117	39.3247	39.3423	39.3385	39.346	39.3602	39.3497	39.3323	39.3155	39.2937	39.27	39.1894	39.0503	39.3337	39.212	39.2447	39.1563	39.2523	39.0973	38.9815	39.1905	39.1171	39.0211	38.9944	39.038	39.0193	39.018	38.982	39.0097	39.0207	39.0581	38.9683	39.1406	39.081	39.0223	38.9703	38.9958	39.0672	39.154	39.1943	39.2136	39.2102	39.2058	39.2083	39.2086	39.1989	39.2065	39.2005	39.1963	39.1899	39.1934	39.1906	39.1933	39.195	39.1843	39.1802	39.1767	39.1717	39.1612	39.1623	39.1499	39.1373	39.1276	39.1253	39.0993	39.0846	39.0731	39.0313	38.9864	38.9148	38.8384	38.7657	38.6436	38.5593	38.5	38.4239	38.3275	38.222	38.1099	37.9785	37.8619	37.7161	37.5677	37.3755	37.2479	37.0748	36.9317	36.7775	36.5725	36.3701	36.2089	35.9575	35.7417	35.6627	35.395	35.3175	35.204	34.9776	34.7497	34.6073	34.5377	34.3391	34.2328	34.033	33.9198	33.7022	33.3871	33.2603	33.308	33.2315	33.0707	33.0207	32.8702	32.7216	32.7048	32.9197	34.5942
Sin-APnd_010-Ex1-4G-lcwgs-1-2.clmp.r1r2_fastp	39.5956	39.0867	39.3426	39.3602	39.3841	39.3644	39.2765	39.3481	39.3687	39.3243	39.3725	39.2109	39.3087	39.2736	39.3251	39.4933	39.5298	39.4798	39.4531	39.4641	39.5065	39.4711	39.4391	39.4265	39.4214	39.3177	39.3088	39.3484	39.3771	39.315	39.2946	39.3202	39.298	39.2831	39.2945	39.3117	39.3095	39.3138	39.3325	39.32	39.3048	39.2882	39.2648	39.2447	39.1529	39.0026	39.2992	39.1714	39.2094	39.1195	39.2191	39.0676	38.9512	39.1621	39.0792	38.9855	38.9475	38.9873	38.9701	38.9691	38.9323	38.9621	38.9735	39.0122	38.9144	39.0964	39.0295	38.9624	38.9022	38.9303	39.0096	39.107	39.1497	39.172	39.1695	39.1616	39.1618	39.163	39.1521	39.1587	39.1538	39.1538	39.1469	39.1505	39.1477	39.1507	39.1555	39.1415	39.1347	39.1276	39.1248	39.1157	39.1174	39.1046	39.0913	39.0816	39.0784	39.0534	39.037	39.0198	38.9852	38.9293	38.8569	38.7758	38.6974	38.572	38.4806	38.4154	38.3312	38.2321	38.1241	38.004	37.8647	37.7352	37.5915	37.433	37.2276	37.1025	36.9132	36.7681	36.6076	36.3968	36.1879	36.0296	35.7474	35.5238	35.4603	35.2073	35.1263	35.0058	34.788	34.533	34.3888	34.3313	34.1431	34.0467	33.838	33.7244	33.5343	33.1899	33.0756	33.1305	33.0648	32.8975	32.847	32.6835	32.5409	32.5505	32.769	34.5258
Sin-APnd_011-Ex1-4H-lcwgs-1-2.clmp.r1r2_fastp	39.589	39.1148	39.3656	39.3621	39.3962	39.3498	39.2851	39.3352	39.3717	39.3306	39.3743	39.2184	39.3161	39.2758	39.3279	39.4905	39.5274	39.4779	39.4499	39.4603	39.5024	39.4662	39.4381	39.4231	39.4179	39.3098	39.302	39.341	39.3658	39.3059	39.2836	39.3095	39.2855	39.2733	39.2862	39.3031	39.2977	39.3031	39.3206	39.3078	39.2891	39.2743	39.2488	39.2297	39.1365	38.9955	39.2901	39.1606	39.1978	39.1038	39.2033	39.048	38.9336	39.1445	39.0613	38.9679	38.9318	38.9728	38.9561	38.9525	38.9133	38.9443	38.9538	38.9925	38.8975	39.0804	39.0203	38.9557	38.901	38.9251	39.0026	39.093	39.1348	39.1566	39.1536	39.1461	39.1507	39.1519	39.141	39.1494	39.1428	39.1403	39.1336	39.1389	39.136	39.1373	39.1417	39.1331	39.1262	39.1197	39.1185	39.1059	39.1098	39.0972	39.085	39.0746	39.0731	39.0457	39.0338	39.0168	38.9812	38.9292	38.8598	38.7794	38.7087	38.5868	38.5015	38.4411	38.3705	38.278	38.174	38.0657	37.9394	37.8163	37.6818	37.5265	37.3407	37.2194	37.0448	36.9126	36.7541	36.5481	36.345	36.1932	35.9271	35.712	35.6351	35.379	35.2995	35.1866	34.9691	34.7336	34.5816	34.5051	34.3044	34.2055	34.016	33.8958	33.6878	33.3619	33.232	33.2593	33.1821	33.0025	32.9449	32.7996	32.6451	32.6301	32.8178	34.5395
Sin-APnd_012-Ex1-5A-lcwgs-1-2.clmp.r1r2_fastp	39.5888	39.122	39.3293	39.3582	39.3578	39.3397	39.2911	39.3367	39.3779	39.3405	39.3839	39.2395	39.3263	39.2959	39.3404	39.4914	39.524	39.4789	39.455	39.4603	39.4998	39.4662	39.4384	39.4299	39.4206	39.3123	39.2998	39.3325	39.3573	39.2995	39.2786	39.2984	39.278	39.2651	39.2757	39.2908	39.283	39.2903	39.3038	39.2908	39.2759	39.2613	39.235	39.2159	39.1202	38.978	39.2718	39.1479	39.1816	39.0925	39.1836	39.0388	38.9316	39.1313	39.047	38.9616	38.9187	38.9497	38.9333	38.9281	38.8901	38.9159	38.9242	38.9586	38.8625	39.052	38.9886	38.9179	38.8571	38.8821	38.9567	39.0489	39.091	39.1099	39.1088	39.0976	39.1005	39.1019	39.0924	39.0948	39.0862	39.0848	39.0754	39.0775	39.0743	39.0749	39.0809	39.0697	39.061	39.0494	39.0477	39.0342	39.0361	39.021	39.0106	38.9937	38.9932	38.9628	38.9546	38.9356	38.8959	38.8409	38.7689	38.6841	38.6122	38.4906	38.4024	38.3344	38.2625	38.1666	38.0629	37.9507	37.8158	37.6927	37.5481	37.3983	37.209	37.0944	36.9152	36.7861	36.6359	36.4326	36.2342	36.0814	35.8137	35.5996	35.5408	35.3045	35.2471	35.1429	34.9343	34.6961	34.5568	34.5041	34.319	34.2307	34.036	33.9285	33.7345	33.4022	33.2819	33.3536	33.2692	33.1283	33.0806	32.9216	32.7741	32.7913	32.9871	34.6189
Sin-APnd_013-Ex1-5B-lcwgs-1-2.clmp.r1r2_fastp	39.5859	39.1349	39.355	39.3808	39.3816	39.3691	39.316	39.3517	39.3876	39.3429	39.3898	39.2371	39.331	39.2916	39.3428	39.4972	39.5353	39.4851	39.4589	39.4703	39.513	39.4755	39.4474	39.4316	39.4258	39.3173	39.3099	39.3491	39.3727	39.315	39.2958	39.3181	39.2936	39.2853	39.2962	39.3122	39.3038	39.3148	39.3272	39.3175	39.3009	39.2879	39.2621	39.2439	39.1472	39.0141	39.3018	39.1737	39.2132	39.1217	39.2176	39.0712	38.9597	39.1664	39.0799	38.9939	38.9523	38.9873	38.9719	38.9686	38.9306	38.9622	38.9718	39.0089	38.915	39.1012	39.0418	38.9756	38.9219	38.9468	39.0226	39.1121	39.1537	39.1732	39.1694	39.164	39.1674	39.165	39.1555	39.1612	39.1547	39.15	39.1435	39.1504	39.1453	39.1486	39.1515	39.14	39.1306	39.1241	39.1193	39.1086	39.1094	39.0995	39.0831	39.0749	39.0703	39.0415	39.0265	39.0065	38.9663	38.9106	38.835	38.7534	38.6729	38.5429	38.453	38.3844	38.307	38.2016	38.0957	37.983	37.8445	37.7191	37.5752	37.4277	37.2346	37.1185	36.9396	36.8113	36.6539	36.4574	36.2579	36.1189	35.846	35.6382	35.5777	35.3451	35.279	35.1756	34.9552	34.7253	34.59	34.5339	34.3461	34.2534	34.0791	33.9641	33.7612	33.4364	33.3328	33.3689	33.3244	33.1747	33.1224	32.96	32.8139	32.8209	33.0275	34.7128
Sin-APnd_014-Ex1-5C-lcwgs-1-2.clmp.r1r2_fastp	39.5956	39.1519	39.3619	39.3916	39.4283	39.4125	39.3323	39.3777	39.4095	39.3712	39.4139	39.2666	39.3561	39.3218	39.3671	39.5148	39.548	39.5013	39.4776	39.4856	39.5258	39.4926	39.466	39.4541	39.4472	39.3454	39.3361	39.3693	39.3944	39.3381	39.3204	39.3398	39.3211	39.3085	39.3201	39.3335	39.3293	39.3372	39.3481	39.3373	39.3224	39.3085	39.2828	39.2623	39.1735	39.0388	39.3191	39.1996	39.2347	39.1459	39.2373	39.0972	38.9915	39.1874	39.1039	39.0206	38.9837	39.0135	38.9979	38.9945	38.9554	38.9875	38.9936	39.028	38.9385	39.1187	39.0575	38.9891	38.9329	38.9579	39.0306	39.1199	39.1579	39.1792	39.1763	39.1689	39.1685	39.171	39.1619	39.1648	39.157	39.1536	39.1471	39.1489	39.1452	39.1487	39.1514	39.1399	39.1333	39.1212	39.1203	39.1086	39.1094	39.0972	39.084	39.074	39.0718	39.0451	39.0343	39.0136	38.977	38.9162	38.8472	38.7696	38.6951	38.5797	38.4959	38.4288	38.3545	38.2593	38.153	38.0434	37.9081	37.7757	37.6378	37.4919	37.3025	37.1827	37.0015	36.8685	36.7054	36.4963	36.289	36.1521	35.8854	35.6659	35.6011	35.3624	35.2887	35.1881	34.9628	34.7264	34.5879	34.5224	34.3534	34.2754	34.0782	33.965	33.7502	33.4416	33.3279	33.3778	33.3251	33.1615	33.1012	32.9655	32.8082	32.8015	33.0198	34.674
Sin-APnd_015-Ex1-5D-lcwgs-1-2.clmp.r1r2_fastp	39.5973	39.1605	39.3582	39.3688	39.3944	39.3775	39.2964	39.351	39.3903	39.3523	39.3972	39.2515	39.3394	39.3069	39.3532	39.5036	39.5376	39.4921	39.4671	39.4771	39.516	39.4819	39.4563	39.4438	39.4371	39.3306	39.3217	39.3567	39.3807	39.3214	39.3022	39.3233	39.3017	39.2903	39.3029	39.3176	39.3123	39.322	39.3334	39.3205	39.3039	39.2908	39.2679	39.246	39.1567	39.0209	39.3052	39.1808	39.2185	39.1291	39.2212	39.0769	38.9712	39.1692	39.0856	39.0019	38.9636	38.9978	38.9839	38.9771	38.9414	38.9705	38.976	39.0106	38.9185	39.0992	39.0426	38.9748	38.9185	38.9418	39.0164	39.1045	39.1435	39.1617	39.1593	39.153	39.1556	39.155	39.1467	39.1509	39.1443	39.1389	39.1317	39.1352	39.1306	39.1325	39.1364	39.1244	39.119	39.1076	39.1069	39.0941	39.096	39.0838	39.0718	39.0588	39.0527	39.031	39.0168	38.9993	38.9628	38.907	38.8359	38.7581	38.6848	38.5633	38.4789	38.4123	38.3373	38.2458	38.1426	38.0291	37.8944	37.7812	37.6367	37.492	37.2984	37.1804	37.0048	36.8644	36.7172	36.5083	36.3039	36.162	35.8913	35.6844	35.6224	35.3709	35.3011	35.2092	34.9793	34.7521	34.6168	34.5364	34.3521	34.2714	34.0786	33.9579	33.7621	33.4326	33.3177	33.3766	33.3215	33.1689	33.1089	32.9637	32.7927	32.8056	32.9806	34.6227
Sin-APnd_016-Ex1-5E-lcwgs-1-2.clmp.r1r2_fastp	39.5891	39.1459	39.3561	39.3731	39.3761	39.3644	39.3164	39.3576	39.3915	39.3485	39.3915	39.243	39.3307	39.2952	39.342	39.4953	39.5304	39.4827	39.4583	39.4671	39.5086	39.4726	39.4441	39.4312	39.4246	39.3149	39.3067	39.3439	39.368	39.3092	39.2916	39.3121	39.2898	39.2773	39.2885	39.3044	39.2989	39.3083	39.3196	39.308	39.2922	39.2785	39.2532	39.2345	39.1358	39.0	39.287	39.1605	39.2016	39.1088	39.2036	39.0587	38.9551	39.1523	39.0644	38.9829	38.9362	38.9682	38.9545	38.949	38.9109	38.9419	38.9496	38.9882	38.8911	39.0812	39.0178	38.9514	38.8931	38.9172	38.9944	39.0863	39.1279	39.1479	39.1464	39.1373	39.1389	39.1393	39.1322	39.1354	39.1283	39.1267	39.1175	39.1237	39.1224	39.1244	39.126	39.1155	39.1099	39.0983	39.0992	39.0864	39.0872	39.0767	39.0653	39.0491	39.0457	39.0204	39.0056	38.9862	38.9495	38.8868	38.8134	38.7269	38.6495	38.5205	38.4326	38.3655	38.2835	38.1833	38.0739	37.9632	37.8216	37.7015	37.5624	37.4058	37.2174	37.103	36.9338	36.8033	36.6505	36.4509	36.2577	36.1122	35.8428	35.639	35.581	35.3422	35.2767	35.1677	34.9619	34.7361	34.6002	34.5475	34.3696	34.2721	34.0909	33.9807	33.7891	33.4645	33.3376	33.3969	33.3375	33.2003	33.1388	33.0119	32.8446	32.8423	33.0589	34.719
Sin-APnd_017-Ex1-5F-lcwgs-1-2.clmp.r1r2_fastp	39.5947	39.14	39.3738	39.3914	39.4287	39.399	39.3417	39.38	39.4068	39.365	39.4104	39.2656	39.3531	39.3173	39.3642	39.514	39.547	39.5008	39.4751	39.4851	39.5233	39.4909	39.4632	39.451	39.4454	39.3404	39.333	39.3679	39.3903	39.3342	39.3136	39.3344	39.3149	39.3049	39.3149	39.3306	39.3254	39.3346	39.3447	39.3351	39.3185	39.3037	39.2803	39.2584	39.1699	39.0378	39.3169	39.1948	39.2318	39.1433	39.2355	39.0905	38.9832	39.1821	39.1017	39.0162	38.9804	39.014	38.9993	38.9961	38.9573	38.987	38.9947	39.0302	38.9412	39.1186	39.0631	38.9973	38.9431	38.967	39.04	39.1251	39.1649	39.185	39.1819	39.1737	39.1776	39.1799	39.1681	39.1739	39.1683	39.1619	39.1561	39.1581	39.1592	39.1582	39.1639	39.1534	39.1504	39.1397	39.1366	39.1263	39.1255	39.1169	39.1042	39.0931	39.0916	39.0644	39.053	39.0347	38.9989	38.9459	38.8799	38.8001	38.7267	38.6061	38.5269	38.4649	38.3888	38.2952	38.1955	38.0853	37.9613	37.844	37.7051	37.5544	37.3656	37.2452	37.0746	36.9441	36.7931	36.6027	36.3965	36.2492	36.0039	35.7974	35.7324	35.4928	35.4128	35.3085	35.0897	34.8734	34.7206	34.6774	34.4674	34.3853	34.2017	34.0794	33.8847	33.5644	33.4537	33.4803	33.4331	33.2674	33.2011	33.0903	32.9089	32.9065	33.0652	34.7107
Sin-APnd_018-Ex1-5G-lcwgs-1-2.clmp.r1r2_fastp	39.606	39.1223	39.3692	39.3904	39.4148	39.4003	39.3181	39.385	39.4061	39.3622	39.4105	39.2569	39.3483	39.3121	39.3617	39.5195	39.5543	39.5067	39.4843	39.4958	39.5355	39.5012	39.4711	39.4588	39.4548	39.3559	39.3485	39.3864	39.4147	39.3551	39.336	39.3602	39.3391	39.325	39.3366	39.355	39.3542	39.3624	39.3739	39.3632	39.3506	39.3365	39.3148	39.2931	39.2073	39.0654	39.3478	39.2289	39.2644	39.181	39.2737	39.133	39.0266	39.2226	39.1415	39.0564	39.0223	39.0598	39.0433	39.0408	39.0059	39.0326	39.0435	39.0841	38.991	39.1637	39.1063	39.0415	38.986	39.01	39.0852	39.1712	39.2138	39.2368	39.2327	39.2277	39.2295	39.2284	39.2173	39.227	39.2194	39.2171	39.2127	39.2153	39.2125	39.2136	39.2163	39.2039	39.1986	39.1916	39.1907	39.178	39.1814	39.1666	39.1541	39.1431	39.1397	39.1125	39.0965	39.0821	39.0413	38.9846	38.9149	38.8297	38.7507	38.6237	38.5258	38.4578	38.3715	38.2699	38.1579	38.0391	37.9022	37.7771	37.6352	37.4791	37.2827	37.1587	36.9731	36.8461	36.6864	36.4841	36.2903	36.1411	35.8811	35.6752	35.6042	35.3482	35.2814	35.1712	34.9643	34.7437	34.6082	34.5328	34.3565	34.2618	34.0884	33.9841	33.7703	33.4574	33.3519	33.4062	33.3312	33.1737	33.1405	32.9799	32.8354	32.8445	32.9995	34.6831
Sin-APnd_019-Ex1-5H-lcwgs-1-2.clmp.r1r2_fastp	39.5826	39.1259	39.3615	39.3637	39.3971	39.3546	39.2904	39.3406	39.3782	39.3378	39.3814	39.2341	39.3233	39.2879	39.3343	39.4896	39.5242	39.4765	39.4498	39.4599	39.5009	39.4654	39.4373	39.4243	39.4173	39.3062	39.2971	39.3335	39.3555	39.2976	39.2778	39.2985	39.2757	39.2655	39.2746	39.2918	39.2844	39.2935	39.3057	39.295	39.2769	39.2608	39.2359	39.2199	39.1203	38.9849	39.2741	39.1486	39.1853	39.0924	39.1868	39.0392	38.9301	39.1329	39.0459	38.9604	38.9188	38.9521	38.9359	38.932	38.8929	38.9203	38.9287	38.9634	38.8695	39.0567	38.9973	38.9297	38.8723	38.8998	38.9734	39.0618	39.1036	39.1239	39.121	39.1134	39.1159	39.115	39.1065	39.1125	39.1053	39.0983	39.092	39.0956	39.0925	39.095	39.0977	39.0858	39.0811	39.0694	39.0665	39.0554	39.056	39.0452	39.0292	39.0191	39.013	38.982	38.969	38.951	38.9145	38.8504	38.7765	38.691	38.6165	38.484	38.3935	38.3232	38.2504	38.1494	38.0396	37.9267	37.7946	37.6684	37.5308	37.3799	37.1887	37.0749	36.8975	36.7722	36.6199	36.4159	36.2234	36.0857	35.823	35.6182	35.5604	35.3247	35.2598	35.1531	34.9514	34.7222	34.5832	34.5319	34.3522	34.2624	34.0844	33.9748	33.7879	33.4595	33.3498	33.3917	33.3282	33.1953	33.1276	32.9756	32.8388	32.8423	33.0531	34.7027
Sin-APnd_020-Ex1-6A-lcwgs-1-2.clmp.r1r2_fastp	39.5638	39.0793	39.2853	39.3184	39.3182	39.2984	39.2407	39.2904	39.3352	39.2964	39.3421	39.1927	39.2792	39.2523	39.2986	39.456	39.4896	39.4402	39.4146	39.4169	39.462	39.4278	39.4009	39.3893	39.3785	39.2567	39.2433	39.2772	39.3077	39.2448	39.2208	39.2391	39.2152	39.2033	39.2139	39.2297	39.218	39.226	39.2419	39.2221	39.2108	39.1947	39.1663	39.1472	39.0364	38.8881	39.2006	39.0655	39.1072	39.0088	39.1077	38.9536	38.8429	39.0516	38.9592	38.8716	38.8209	38.849	38.8357	38.8284	38.7906	38.8255	38.8283	38.8626	38.7571	38.9683	38.8939	38.8144	38.7507	38.7764	38.8577	38.9623	39.0094	39.0261	39.0238	39.0119	39.0114	39.0129	39.0057	39.0073	39.0006	38.9954	38.9924	38.997	38.9898	38.994	39.0026	38.9927	38.9822	38.9588	38.9642	38.9507	38.9568	38.9463	38.9363	38.9166	38.9177	38.887	38.885	38.8603	38.8299	38.7678	38.693	38.6122	38.5417	38.4173	38.3404	38.2735	38.2064	38.1115	38.0039	37.8885	37.7442	37.6055	37.4501	37.3008	37.1026	36.9829	36.7839	36.6309	36.4501	36.2141	35.9906	35.8345	35.5078	35.2655	35.2182	34.9672	34.9004	34.8019	34.5662	34.2721	34.1287	34.0895	33.9041	33.8205	33.6246	33.5058	33.2939	32.9376	32.8289	32.9006	32.8661	32.7554	32.6802	32.5085	32.3405	32.374	32.6452	34.4569
Sin-APnd_021-Ex1-6B-lcwgs-1-2.clmp.r1r2_fastp	39.5695	39.1049	39.3305	39.3549	39.3559	39.3404	39.2827	39.3223	39.3599	39.3155	39.3605	39.2046	39.3011	39.2666	39.3181	39.4798	39.5164	39.466	39.4375	39.4467	39.4898	39.4551	39.4284	39.4114	39.4032	39.2872	39.279	39.3196	39.3454	39.2863	39.2631	39.2871	39.2609	39.2512	39.2628	39.2751	39.2645	39.2723	39.2901	39.2763	39.2624	39.2444	39.2164	39.1991	39.0959	38.9617	39.2541	39.1215	39.1609	39.0639	39.1625	39.0063	38.8934	39.1071	39.0198	38.9245	38.8788	38.9146	38.8996	38.897	38.8574	38.8897	38.8964	38.933	38.8344	39.0285	38.958	38.8878	38.8284	38.8553	38.935	39.0321	39.0743	39.093	39.0896	39.0793	39.0808	39.0797	39.0706	39.0739	39.0694	39.0656	39.0578	39.0635	39.0613	39.0602	39.0657	39.0568	39.0466	39.0361	39.0326	39.022	39.0231	39.0109	38.9995	38.9849	38.9826	38.9529	38.9439	38.9291	38.8884	38.8335	38.7592	38.6766	38.606	38.4765	38.3923	38.3327	38.2612	38.1618	38.0609	37.9452	37.808	37.6807	37.5355	37.3867	37.1954	37.0781	36.8937	36.7504	36.5877	36.3731	36.168	36.0189	35.7124	35.4926	35.4492	35.2003	35.1367	35.0181	34.7869	34.5253	34.3947	34.3352	34.162	34.067	33.8656	33.7496	33.5549	33.2141	33.071	33.1581	33.1044	32.959	32.9074	32.7143	32.5568	32.5914	32.8303	34.5913
Sin-APnd_022-Ex1-6C-lcwgs-1-2.clmp.r1r2_fastp	39.5752	39.1096	39.3468	39.3762	39.4162	39.3996	39.3054	39.3557	39.3895	39.3513	39.3946	39.2391	39.3333	39.2987	39.3488	39.511	39.5452	39.4957	39.4717	39.4799	39.5226	39.4884	39.4601	39.4473	39.4417	39.3416	39.3314	39.3683	39.3944	39.3352	39.3148	39.3373	39.3163	39.3038	39.3144	39.3307	39.324	39.3313	39.3471	39.332	39.3196	39.3024	39.2772	39.2561	39.1647	39.0194	39.3132	39.1903	39.2257	39.1364	39.2306	39.0787	38.9627	39.1721	39.093	38.9983	38.9604	38.9969	38.9786	38.9753	38.9411	38.9664	38.9736	39.0158	38.9154	39.1042	39.0341	38.9608	38.9025	38.925	39.0018	39.0976	39.1424	39.158	39.1597	39.1502	39.1523	39.1534	39.1448	39.1485	39.14	39.1366	39.1344	39.1362	39.13	39.1376	39.1365	39.1281	39.1215	39.1075	39.111	39.0939	39.098	39.0867	39.0734	39.0577	39.0556	39.0255	39.0168	39.0025	38.9651	38.9094	38.8357	38.7556	38.678	38.5538	38.4658	38.4089	38.3264	38.2347	38.1299	38.0223	37.8825	37.7664	37.626	37.4771	37.2931	37.1792	37.003	36.8691	36.7147	36.5127	36.3198	36.1703	35.9167	35.6976	35.656	35.3961	35.3299	35.2316	35.0147	34.7858	34.6478	34.5916	34.4121	34.3271	34.1401	34.0427	33.8404	33.5454	33.3892	33.4368	33.4098	33.2548	33.1519	33.036	32.8795	32.8689	33.0558	34.772
Sin-APnd_023-Ex1-6D-lcwgs-1-2.clmp.r1r2_fastp	39.5485	39.0842	39.2888	39.3015	39.3287	39.3104	39.2278	39.2823	39.319	39.282	39.3284	39.1795	39.2691	39.2384	39.2867	39.4425	39.4787	39.4293	39.3997	39.4096	39.4517	39.4181	39.3896	39.3763	39.365	39.2354	39.2206	39.2586	39.2844	39.22	39.1977	39.2167	39.1959	39.1831	39.1927	39.2063	39.1984	39.2044	39.2202	39.2021	39.1861	39.1692	39.139	39.1227	39.0123	38.8813	39.1797	39.0454	39.0787	38.9815	39.0796	38.9144	38.797	39.012	38.9269	38.8314	38.7913	38.8174	38.8017	38.7964	38.7573	38.7822	38.7911	38.8218	38.7239	38.9216	38.8546	38.7868	38.7303	38.7514	38.8289	38.9213	38.9642	38.9851	38.9782	38.9711	38.9724	38.975	38.9603	38.9684	38.9591	38.953	38.9444	38.9496	38.9403	38.9448	38.9478	38.9381	38.9273	38.9152	38.9143	38.9019	38.9	38.8878	38.8778	38.8628	38.8554	38.8281	38.8095	38.7944	38.7552	38.6992	38.6216	38.5423	38.4611	38.3348	38.2424	38.1863	38.1131	38.0226	37.9166	37.8059	37.6792	37.5638	37.4247	37.2847	37.0928	36.9858	36.8132	36.6773	36.5325	36.3307	36.1473	36.0013	35.7567	35.5445	35.4934	35.2508	35.1892	35.0854	34.8763	34.6504	34.5076	34.4472	34.2625	34.1808	33.9998	33.8802	33.7014	33.3721	33.2613	33.3061	33.2609	33.0765	33.0187	32.8789	32.7179	32.7018	32.9079	34.5971
Sin-APnd_024-Ex1-6E-lcwgs-1-2.clmp.r1r2_fastp	39.5811	39.1315	39.3648	39.3829	39.3874	39.3762	39.3225	39.3642	39.3942	39.3553	39.3988	39.2462	39.3388	39.2991	39.3487	39.5113	39.5489	39.4994	39.4751	39.4829	39.5261	39.4903	39.4629	39.4476	39.4431	39.34	39.3311	39.3699	39.3946	39.3381	39.3187	39.3417	39.3181	39.3072	39.3169	39.3353	39.3288	39.3376	39.3503	39.3374	39.3237	39.3097	39.2868	39.2645	39.1743	39.0346	39.322	39.1996	39.2351	39.1438	39.2402	39.0903	38.9791	39.1849	39.1027	39.0119	38.9765	39.0169	38.9963	38.9946	38.958	38.9866	38.9957	39.0341	38.9434	39.1169	39.0555	38.9871	38.9353	38.957	39.0304	39.1207	39.1648	39.1857	39.1791	39.1749	39.177	39.176	39.1647	39.1728	39.1681	39.1646	39.1565	39.1599	39.1574	39.1602	39.163	39.1537	39.1459	39.1373	39.1368	39.1249	39.1242	39.1152	39.1039	39.0895	39.0831	39.0606	39.045	39.0265	38.9925	38.9398	38.8648	38.7857	38.7121	38.5862	38.5013	38.4311	38.3601	38.2671	38.1525	38.0403	37.9013	37.786	37.6364	37.4864	37.2823	37.1717	36.9887	36.8443	36.6889	36.4734	36.276	36.1324	35.8692	35.6345	35.5758	35.306	35.227	35.1365	34.9116	34.6799	34.5251	34.4374	34.2562	34.1712	33.9607	33.8583	33.67	33.3275	33.2304	33.2709	33.1969	33.038	32.9918	32.824	32.6786	32.6827	32.8748	34.5591
Sin-APnd_025-Ex1-6F-lcwgs-1-2.clmp.r1r2_fastp	39.6089	39.152	39.3944	39.4111	39.4464	39.4214	39.3583	39.3965	39.4237	39.3809	39.4303	39.2833	39.3714	39.3349	39.382	39.5365	39.5712	39.5263	39.5015	39.5108	39.5497	39.5167	39.4874	39.4759	39.4736	39.3801	39.3718	39.4083	39.4303	39.3759	39.3556	39.3815	39.3592	39.3465	39.358	39.3727	39.3729	39.3805	39.3927	39.3781	39.3668	39.3509	39.3317	39.3074	39.2294	39.0808	39.3657	39.2509	39.2839	39.2008	39.2905	39.1524	39.0442	39.2379	39.1616	39.0792	39.047	39.0855	39.0702	39.0659	39.0295	39.0564	39.0676	39.105	39.0158	39.1815	39.1229	39.0584	39.0006	39.0231	39.095	39.1825	39.2255	39.2456	39.2438	39.2409	39.2429	39.2422	39.232	39.2397	39.2333	39.231	39.2221	39.2263	39.2256	39.2283	39.2261	39.2171	39.2106	39.2074	39.2038	39.1917	39.1924	39.1821	39.1721	39.1623	39.1577	39.1338	39.1217	39.1042	39.0703	39.0225	38.958	38.8807	38.8092	38.6918	38.6054	38.5453	38.4724	38.3658	38.2598	38.1467	38.0068	37.8801	37.7361	37.5743	37.3702	37.2357	37.0406	36.9025	36.7338	36.5209	36.3175	36.1455	35.8804	35.641	35.5573	35.2939	35.2083	35.0878	34.8598	34.6243	34.462	34.4002	34.1987	34.0904	33.9186	33.8085	33.5919	33.2674	33.1484	33.1956	33.1324	32.9784	32.9199	32.7629	32.6232	32.6335	32.793	34.4933
Sin-CPnd_013-Ex1-4E-lcwgs-1-2.clmp.r1r2_fastp	39.4128	38.8722	39.3122	39.3489	39.3457	39.3802	39.3901	39.4092	39.4377	39.3829	39.3299	39.135	39.4227	39.2442	39.4092	39.5741	39.6266	39.5523	39.3901	39.5505	39.5768	39.5505	39.5242	39.507	39.4708	39.4209	39.3996	39.4662	39.594	39.4527	39.3919	39.4517	39.4862	39.4593	39.4673	39.4119	39.4745	39.4202	39.4502	39.481	39.5747	39.4636	39.4303	39.3144	39.3221	39.278	39.496	39.2643	39.3211	39.214	39.3068	39.1861	39.118	39.2831	39.2181	39.1342	39.2324	39.1123	39.1911	39.0368	39.0908	39.2074	39.1121	39.1116	39.0923	39.3769	39.2316	39.1973	39.1885	39.1907	39.2174	39.362	39.3197	39.3828	39.2424	39.3035	39.3807	39.2328	39.3608	39.3681	39.3804	39.1386	39.2391	39.1997	39.2462	39.3018	39.2991	39.3473	39.1827	39.2421	39.338	39.3353	39.1771	39.2588	39.2142	39.2481	39.3146	39.2445	39.1284	39.1757	39.1893	39.2477	39.0115	38.956	39.0496	38.7934	38.8479	38.7013	38.5584	38.5676	38.4555	38.4735	38.4476	38.3122	38.0867	38.1121	37.6889	37.6838	37.6047	37.2477	37.4557	37.0056	36.7209	36.703	36.4419	36.3028	36.1354	35.7474	35.7628	35.5761	35.2268	35.0852	34.655	35.039	34.3749	34.5064	34.0534	33.4981	33.7905	33.7874	33.3041	33.1465	33.2151	32.5004	32.9095	32.6751	32.65	32.3659	32.2747	33.9241
Sin-CPnd_015-Ex1-4A-lcwgs-1-2.clmp.r1r2_fastp	39.6066	39.0069	39.372	39.4251	39.4476	39.3817	39.2744	39.3628	39.433	39.372	39.4341	39.1929	39.4191	39.3709	39.4388	39.5661	39.6417	39.5622	39.5703	39.6027	39.6123	39.6143	39.5722	39.4935	39.5824	39.465	39.4945	39.5406	39.5086	39.455	39.4955	39.4905	39.5001	39.4966	39.5421	39.5154	39.4862	39.5141	39.4772	39.5188	39.4388	39.5126	39.4598	39.4606	39.3197	39.2955	39.5172	39.4471	39.4832	39.2977	39.4531	39.2856	39.1965	39.3826	39.2705	39.2209	39.1854	39.2266	39.2101	39.1844	39.1716	39.2634	39.2865	39.2376	39.2088	39.3091	39.2657	39.2061	39.0969	39.1891	39.2475	39.3111	39.398	39.4469	39.324	39.3663	39.438	39.4015	39.3394	39.4017	39.3316	39.3609	39.3353	39.3675	39.298	39.3046	39.3898	39.3253	39.3785	39.3282	39.362	39.3779	39.2826	39.3724	39.3071	39.3184	39.3882	39.3429	39.2814	39.3304	39.2731	39.1794	39.1608	39.1616	39.0204	39.0516	38.911	38.8623	38.8194	38.6907	38.6941	38.2998	38.3718	38.2008	38.0506	37.9226	37.5432	37.4375	37.2417	37.0221	36.7509	36.6118	36.2781	36.1452	35.9892	35.5963	35.7543	35.1054	34.9434	34.619	34.5895	34.4482	34.0424	33.8903	33.9441	33.6226	33.568	33.3657	32.9488	32.4158	32.3322	32.6526	32.0522	32.3342	32.0882	32.0	31.796	31.2004	31.7876	33.6254
Sin-CPnd_018-Ex1-11A-lcwgs-1-2.clmp.r1r2_fastp	39.5632	39.0516	39.3598	39.3841	39.3936	39.3713	39.3279	39.3733	39.3992	39.3722	39.4206	39.2378	39.3546	39.3138	39.3707	39.5642	39.6167	39.5718	39.5417	39.5681	39.5987	39.5538	39.5268	39.5178	39.5201	39.4438	39.4457	39.4901	39.5212	39.4566	39.4391	39.4827	39.449	39.4363	39.4379	39.481	39.4665	39.4781	39.4805	39.4752	39.4623	39.458	39.435	39.4054	39.3548	39.2049	39.4796	39.3771	39.4048	39.3196	39.422	39.2737	39.1619	39.3718	39.2925	39.1939	39.1571	39.2222	39.1973	39.1866	39.178	39.1941	39.2054	39.2395	39.129	39.3169	39.2587	39.1989	39.099	39.1445	39.2277	39.3002	39.3469	39.3683	39.3813	39.3567	39.3652	39.3423	39.3432	39.3595	39.3648	39.3595	39.3258	39.3274	39.351	39.3539	39.3581	39.3248	39.3479	39.3441	39.3301	39.3246	39.3254	39.3136	39.2861	39.2693	39.3147	39.2725	39.2689	39.2595	39.2287	39.1645	39.0937	39.0203	38.9838	38.8432	38.7935	38.7166	38.6143	38.5234	38.4301	38.368	38.1695	38.031	37.9305	37.7158	37.4763	37.3596	37.1105	36.8939	36.6997	36.4905	36.2707	36.038	35.7627	35.4476	35.3408	34.9967	34.9229	34.6815	34.444	34.219	33.9917	33.8466	33.5788	33.4869	33.3349	33.1916	32.9899	32.6719	32.4816	32.4179	32.3286	32.0733	32.0924	31.8026	31.631	31.6957	31.9248	33.9488
Sin-CPnd_019-Ex1-1H-lcwgs-1-2.clmp.r1r2_fastp	39.6345	39.1333	39.4484	39.4115	39.4708	39.3904	39.3413	39.3912	39.4236	39.3867	39.4497	39.2833	39.3765	39.3387	39.3791	39.5585	39.6189	39.5824	39.546	39.5738	39.6057	39.5551	39.5329	39.5456	39.5376	39.4504	39.4722	39.5205	39.5445	39.489	39.4538	39.4852	39.451	39.4542	39.4644	39.4889	39.4912	39.493	39.5225	39.5053	39.4757	39.496	39.4493	39.452	39.38	39.2651	39.501	39.3893	39.456	39.3752	39.4283	39.3135	39.1791	39.413	39.3094	39.2265	39.2132	39.2668	39.2652	39.2738	39.2048	39.246	39.2663	39.2936	39.2233	39.3543	39.2942	39.2313	39.1831	39.2527	39.2805	39.3711	39.414	39.4248	39.4095	39.4389	39.4234	39.4117	39.3973	39.415	39.3962	39.3675	39.4088	39.3684	39.3935	39.365	39.387	39.3886	39.4108	39.3633	39.3873	39.3036	39.3826	39.4102	39.3853	39.3976	39.3543	39.2892	39.3362	39.3488	39.2622	39.2383	39.1911	39.1198	39.0867	38.9552	38.9055	38.8036	38.7655	38.653	38.574	38.4636	38.3414	38.279	38.0481	37.8385	37.6858	37.5592	37.2276	37.1105	36.9605	36.7102	36.5422	36.3676	36.1312	35.7457	35.7312	35.2183	35.1801	35.0658	34.796	34.5545	34.4495	34.2506	33.9662	34.0296	33.7034	33.6585	33.2578	32.8925	32.9561	32.8215	32.999	32.5778	32.4795	32.4758	32.1825	32.0999	32.2129	34.0453
Sin-CPnd_020-Ex1-12E-lcwgs-1-2.clmp.r1r2_fastp	39.6004	39.1486	39.4401	39.4311	39.4377	39.4348	39.37	39.4179	39.4561	39.4048	39.45	39.2999	39.4145	39.3522	39.3971	39.5809	39.6185	39.5728	39.561	39.5587	39.613	39.5602	39.5354	39.5304	39.5213	39.4459	39.4414	39.4789	39.5088	39.4673	39.4398	39.4779	39.4401	39.433	39.4569	39.4577	39.4637	39.4701	39.4887	39.4753	39.4666	39.4455	39.4377	39.3978	39.3388	39.204	39.4783	39.3716	39.3952	39.3044	39.4046	39.2792	39.1451	39.3596	39.2919	39.1878	39.1657	39.2209	39.188	39.1915	39.1473	39.1943	39.2291	39.2459	39.149	39.3067	39.2557	39.2144	39.161	39.1935	39.2275	39.3207	39.3513	39.3696	39.3626	39.3774	39.3654	39.3829	39.3875	39.3805	39.3646	39.373	39.3598	39.3465	39.3705	39.3867	39.3732	39.3528	39.3436	39.3594	39.3381	39.3222	39.3498	39.3291	39.3035	39.3127	39.3215	39.3026	39.2819	39.2707	39.2229	39.1995	39.1398	39.0945	39.0033	38.928	38.8332	38.7981	38.735	38.6691	38.5635	38.4523	38.3429	38.1937	38.0961	37.9408	37.7368	37.5628	37.4153	37.2732	37.1613	36.9267	36.7009	36.5087	36.3239	36.0193	35.9672	35.5873	35.5417	35.403	35.1543	34.9626	34.8153	34.6711	34.4659	34.2306	34.1133	33.9353	33.7371	33.4043	33.3013	33.243	33.0603	32.925	32.8519	32.7135	32.5632	32.5734	32.6658	34.4411
Sin-CPnd_021-Ex1-3D-lcwgs-1-2.clmp.r1r2_fastp	39.5929	39.1157	39.5066	39.4229	39.4445	39.3793	39.3505	39.4272	39.4582	39.3834	39.3638	39.2346	39.3606	39.3204	39.4048	39.6189	39.644	39.5723	39.5865	39.5993	39.6221	39.5436	39.5952	39.523	39.4884	39.4852	39.5098	39.5482	39.5513	39.5586	39.534	39.4756	39.4833	39.4907	39.5676	39.566	39.538	39.4907	39.5592	39.4835	39.5203	39.5324	39.5485	39.5066	39.4269	39.2394	39.5178	39.4558	39.4694	39.4183	39.5578	39.3315	39.1953	39.4587	39.3147	39.199	39.2449	39.3154	39.2921	39.3071	39.1828	39.2637	39.2887	39.3499	39.3024	39.3542	39.3822	39.2501	39.2042	39.1853	39.3336	39.3894	39.5156	39.4849	39.4762	39.4704	39.4694	39.4165	39.4098	39.3804	39.4368	39.4097	39.3741	39.3158	39.433	39.3398	39.4729	39.3139	39.3376	39.4076	39.4137	39.3053	39.4702	39.1997	39.3072	39.1864	39.3191	39.3086	39.2261	39.278	39.3012	39.3282	38.9884	39.025	39.0218	38.8981	38.7783	38.8396	38.5831	38.5138	38.5707	38.324	38.2609	37.9829	37.8202	37.778	37.47	37.3655	37.2604	37.1715	36.8609	36.6418	36.5984	36.3517	36.1738	35.764	35.7933	35.2889	34.956	34.6834	34.6233	34.0733	34.3225	33.9024	33.6159	33.5273	32.9811	33.0078	32.9111	32.2683	32.183	31.9258	32.2622	31.6549	31.4186	31.1534	31.3641	31.33	32.0729	33.5607
Sin-CPnd_022-Ex1-1D-lcwgs-1-2.clmp.r1r2_fastp	39.5529	38.9836	39.3851	39.362	39.3924	39.3811	39.323	39.3707	39.3742	39.373	39.3976	39.1907	39.336	39.2971	39.3694	39.5846	39.6314	39.5382	39.5605	39.5405	39.609	39.5668	39.537	39.5506	39.4832	39.4392	39.4679	39.5251	39.5532	39.5105	39.4555	39.5037	39.4454	39.4421	39.4757	39.4843	39.4966	39.4606	39.495	39.5126	39.5241	39.52	39.4255	39.4359	39.3892	39.2532	39.5333	39.4178	39.453	39.3842	39.4292	39.3154	39.1975	39.3845	39.3213	39.244	39.184	39.2561	39.2586	39.2231	39.212	39.2508	39.2392	39.2993	39.2155	39.3906	39.3006	39.1773	39.132	39.1957	39.2562	39.3362	39.4154	39.4095	39.3777	39.3763	39.3948	39.4172	39.3599	39.4274	39.3893	39.3997	39.3866	39.378	39.3774	39.3606	39.4098	39.4091	39.3828	39.3766	39.3689	39.3555	39.364	39.3047	39.3428	39.3121	39.3181	39.3346	39.2898	39.3094	39.2344	39.2128	39.1789	39.0972	39.0803	38.9149	38.8523	38.8317	38.7125	38.6572	38.5558	38.4468	38.3332	38.1773	38.0714	37.8807	37.697	37.4549	37.2449	37.0291	36.8466	36.5993	36.2943	36.0635	35.8969	35.5683	35.4297	35.1227	34.8633	34.7462	34.4582	34.1965	34.0326	33.7922	33.6148	33.5218	33.2263	33.1872	32.7648	32.4649	32.2095	32.2797	32.1806	31.9585	31.8798	31.8272	31.5708	31.4326	31.745	33.8572
Sin-CPnd_023-Ex1-12B-lcwgs-1-2.clmp.r1r2_fastp	39.5759	39.104	39.4012	39.4222	39.4218	39.4193	39.3493	39.4105	39.4345	39.3832	39.4347	39.2749	39.379	39.3376	39.4034	39.5742	39.6077	39.5683	39.5413	39.5389	39.579	39.5479	39.5292	39.5118	39.5116	39.4452	39.4207	39.4835	39.4949	39.4317	39.4283	39.4693	39.4273	39.4135	39.4495	39.4552	39.4444	39.4565	39.4799	39.4702	39.4472	39.4576	39.4152	39.378	39.3138	39.189	39.454	39.3444	39.3812	39.289	39.3751	39.2575	39.1415	39.3374	39.2746	39.1754	39.1601	39.191	39.1647	39.1785	39.1403	39.1936	39.1874	39.2233	39.1135	39.2831	39.2268	39.1843	39.1269	39.1503	39.2029	39.2911	39.3251	39.3399	39.3431	39.3194	39.3311	39.3311	39.3134	39.3593	39.3205	39.3296	39.3456	39.3499	39.3368	39.3364	39.3376	39.3317	39.3376	39.3174	39.3382	39.3287	39.3103	39.2969	39.2975	39.259	39.3004	39.2693	39.2829	39.2628	39.2214	39.1693	39.1176	39.0596	39.0269	38.9022	38.8034	38.735	38.6658	38.6047	38.5202	38.4199	38.2653	38.1667	38.0206	37.8111	37.6199	37.4543	37.2685	37.1646	37.0145	36.7389	36.5336	36.285	36.0136	35.8061	35.7167	35.4229	35.3394	35.1656	34.9168	34.7151	34.4608	34.515	34.2383	34.0023	33.925	33.7686	33.5065	33.1019	32.9295	32.9487	32.8244	32.6328	32.6393	32.3555	32.1702	32.099	32.2995	34.1731
Sin-CPnd_024-Ex1-12C-lcwgs-1-2.clmp.r1r2_fastp	39.5791	39.1222	39.3917	39.4225	39.4789	39.4373	39.3565	39.4127	39.4398	39.4014	39.4513	39.267	39.405	39.3694	39.4102	39.5772	39.6244	39.5663	39.5209	39.5791	39.6179	39.5601	39.54	39.5295	39.5219	39.4473	39.4384	39.4686	39.5059	39.4736	39.4125	39.4654	39.4328	39.412	39.436	39.4604	39.4577	39.4836	39.4821	39.4738	39.4611	39.4546	39.4091	39.3781	39.3362	39.1841	39.4593	39.3566	39.3871	39.3105	39.4016	39.2721	39.1535	39.3518	39.276	39.1808	39.1631	39.2016	39.2009	39.1861	39.1568	39.1709	39.1749	39.2535	39.1698	39.3077	39.2523	39.1676	39.1306	39.1806	39.2068	39.2993	39.3574	39.3693	39.3717	39.3492	39.3499	39.3406	39.318	39.3386	39.3551	39.3334	39.3335	39.3225	39.3301	39.357	39.384	39.3199	39.3459	39.3384	39.3485	39.3248	39.315	39.278	39.296	39.2672	39.2963	39.2563	39.2598	39.2407	39.2111	39.1868	39.132	39.066	39.0267	38.8552	38.7973	38.7244	38.6891	38.614	38.4881	38.3964	38.2892	38.1521	38.0268	37.8946	37.579	37.5216	37.3274	37.1786	36.9711	36.7973	36.5723	36.4473	36.1514	35.8772	35.7102	35.4079	35.3037	35.2592	35.049	34.7716	34.5012	34.2883	34.1205	34.0838	33.8042	33.5935	33.5468	33.1303	32.9443	32.943	32.926	32.5597	32.605	32.2588	32.1073	32.2427	32.2547	34.1389
Sin-CPnd_025-Ex1-3B-lcwgs-1-2.clmp.r1r2_fastp	39.6267	39.0941	39.4101	39.4518	39.47	39.4311	39.3844	39.3656	39.4309	39.4278	39.4481	39.2794	39.3715	39.3496	39.3554	39.5977	39.6199	39.5812	39.5628	39.5416	39.6041	39.5718	39.5546	39.5414	39.5159	39.4478	39.4344	39.4898	39.5383	39.5086	39.4492	39.5459	39.5141	39.4698	39.4929	39.4935	39.514	39.4987	39.5301	39.5486	39.4757	39.5005	39.5042	39.4346	39.3897	39.2434	39.5247	39.4165	39.4822	39.3889	39.4487	39.3403	39.2612	39.3735	39.3293	39.2185	39.2456	39.2442	39.257	39.202	39.2224	39.2692	39.2088	39.2082	39.207	39.3612	39.303	39.2394	39.2066	39.1438	39.3052	39.3475	39.389	39.431	39.378	39.3768	39.4326	39.3696	39.3903	39.3768	39.4146	39.4026	39.3696	39.3913	39.4019	39.4225	39.4189	39.3962	39.3681	39.3693	39.3729	39.3479	39.3555	39.3255	39.3492	39.3325	39.3684	39.3313	39.3249	39.2665	39.1807	39.2289	39.1581	39.0576	39.0255	39.0067	38.9244	38.8438	38.7369	38.7285	38.472	38.504	38.4014	38.2084	38.196	37.8752	37.6004	37.5719	37.3434	37.12	37.1306	36.5983	36.4459	36.1481	35.9828	35.6528	35.4642	35.0011	34.9671	34.9199	34.4001	34.1385	33.968	33.9075	33.6787	33.4268	33.3442	33.2537	33.0382	32.7414	32.3819	32.5657	32.4691	32.0295	32.0332	31.6769	31.752	31.748	31.8203	33.9788
Sin-CPnd_028-Ex1-12H-lcwgs-1-2.clmp.r1r2_fastp	39.5973	39.0893	39.4332	39.4092	39.467	39.4082	39.3461	39.387	39.4426	39.3914	39.447	39.2629	39.3868	39.3401	39.398	39.5782	39.6164	39.5643	39.5512	39.5649	39.5991	39.5712	39.5388	39.5248	39.5082	39.4517	39.438	39.4934	39.5155	39.4705	39.4526	39.4672	39.454	39.4258	39.4501	39.4801	39.462	39.4781	39.5004	39.4787	39.4722	39.4542	39.4286	39.4007	39.3425	39.1846	39.4811	39.3807	39.4144	39.3215	39.4063	39.2695	39.1552	39.3552	39.2758	39.1968	39.1753	39.2198	39.2098	39.1952	39.1615	39.2141	39.201	39.2528	39.1548	39.3189	39.2486	39.1898	39.1413	39.1808	39.225	39.3081	39.3567	39.3799	39.3595	39.3669	39.3686	39.361	39.3568	39.3603	39.3591	39.3665	39.357	39.3463	39.347	39.3606	39.3508	39.3356	39.3458	39.3416	39.3209	39.3426	39.3317	39.3175	39.3168	39.3042	39.3247	39.2915	39.2703	39.2511	39.2248	39.1874	39.1539	39.087	39.009	38.9053	38.8549	38.796	38.7294	38.6347	38.5322	38.4423	38.3187	38.2042	38.0556	37.8699	37.7004	37.5276	37.3083	37.1869	37.0272	36.8034	36.5913	36.3956	36.153	35.9198	35.7831	35.4821	35.3326	35.212	35.0331	34.7848	34.629	34.4989	34.1838	34.0893	33.871	33.7798	33.5057	33.1856	33.0427	33.0602	32.9142	32.76	32.7136	32.5363	32.3504	32.3807	32.4298	34.324
Sin-CPnd_029-Ex1-4D-lcwgs-1-2.clmp.r1r2_fastp	39.602	39.0332	39.4281	39.3995	39.4186	39.4316	39.3729	39.3992	39.3921	39.3976	39.4091	39.2772	39.3828	39.3164	39.3801	39.5459	39.6382	39.6153	39.5566	39.5376	39.5776	39.5574	39.5147	39.5315	39.5431	39.4001	39.4584	39.5337	39.5345	39.4785	39.3957	39.4575	39.4933	39.4115	39.4549	39.4938	39.4956	39.4565	39.5057	39.5204	39.4142	39.4256	39.4425	39.4049	39.3803	39.2254	39.549	39.3522	39.3953	39.3854	39.418	39.3028	39.1542	39.3861	39.332	39.2442	39.1744	39.2175	39.214	39.2248	39.1541	39.1258	39.2065	39.2538	39.1381	39.3077	39.2484	39.2217	39.0971	39.1975	39.1915	39.2887	39.2993	39.3754	39.4355	39.3882	39.3293	39.3854	39.3732	39.3487	39.3594	39.3561	39.3831	39.3481	39.2924	39.3456	39.3007	39.2893	39.4116	39.3875	39.3937	39.2554	39.4767	39.3248	39.3335	39.3087	39.2932	39.3598	39.2318	39.2467	39.2514	39.1581	39.1462	39.0554	39.0498	38.8531	38.8679	39.0902	39.0938	38.6815	38.7427	38.507	38.2591	38.291	37.9108	37.8881	37.6911	37.6835	37.3451	37.3977	37.1014	36.8337	36.3973	36.6948	36.2288	35.7966	35.8937	35.5025	35.3654	35.0374	35.0193	34.4025	34.3967	33.9665	34.1645	34.0978	33.8018	33.9076	33.3372	33.2379	32.5774	32.9605	32.1225	32.5861	31.95	32.2471	32.2246	31.709	32.1535	34.0507
Sin-CPnd_031-Ex1-3G-lcwgs-1-2.clmp.r1r2_fastp	39.6159	39.0955	39.4016	39.4323	39.5062	39.4202	39.3777	39.472	39.4357	39.3877	39.4545	39.2767	39.3484	39.3756	39.4088	39.6048	39.6455	39.6173	39.6173	39.5934	39.6665	39.5752	39.5398	39.5923	39.5587	39.5484	39.5045	39.5444	39.5841	39.4638	39.5059	39.5584	39.5159	39.4955	39.5064	39.4902	39.5642	39.49	39.5768	39.5241	39.5384	39.5559	39.4095	39.4912	39.3799	39.2184	39.5842	39.4288	39.43	39.4168	39.5235	39.3306	39.2526	39.363	39.38	39.1954	39.2576	39.2805	39.2521	39.2703	39.2587	39.2658	39.2906	39.3084	39.2274	39.3241	39.2615	39.2554	39.2333	39.2417	39.2782	39.4358	39.3467	39.3931	39.4354	39.4781	39.4211	39.4424	39.4188	39.4286	39.3938	39.4761	39.366	39.4743	39.3809	39.454	39.4078	39.4232	39.3872	39.3622	39.3833	39.4174	39.4062	39.376	39.3929	39.3691	39.2854	39.3998	39.2549	39.3427	39.2779	39.2724	39.1765	39.0727	39.0725	38.9338	38.7895	38.7875	38.8164	38.6312	38.657	38.4307	38.3458	38.2495	38.0666	37.8787	37.6854	37.5762	37.2467	36.925	36.8442	36.6776	36.2662	36.0094	35.9088	35.4417	35.3907	35.2045	34.9544	35.0329	34.6373	34.2885	34.1467	34.1397	33.7311	33.5865	33.0726	33.0672	32.5633	32.4524	32.5347	32.5451	32.4414	32.2852	31.6197	32.0898	31.7782	31.8224	31.9757	33.8571
Sin-CPnd_032-Ex1-3E-lcwgs-1-2.clmp.r1r2_fastp	39.5949	39.0713	39.3914	39.3972	39.4236	39.371	39.372	39.4168	39.3654	39.3854	39.4142	39.2254	39.4096	39.3167	39.3673	39.5632	39.6055	39.5987	39.5151	39.5614	39.5963	39.565	39.528	39.5392	39.5573	39.4445	39.4585	39.5103	39.5015	39.4527	39.4553	39.4913	39.4294	39.47	39.4492	39.5016	39.4841	39.5174	39.5151	39.5037	39.4786	39.4784	39.4316	39.3792	39.3613	39.217	39.5446	39.3789	39.4206	39.3358	39.4085	39.3076	39.159	39.3663	39.2957	39.2274	39.1808	39.2656	39.1895	39.1689	39.1864	39.1605	39.2163	39.2781	39.1884	39.3736	39.228	39.1793	39.1482	39.2099	39.2423	39.3279	39.3033	39.3857	39.3757	39.3525	39.3537	39.3637	39.3458	39.4271	39.3213	39.3295	39.3429	39.3454	39.3398	39.3116	39.3731	39.365	39.3056	39.3408	39.3247	39.3632	39.3864	39.356	39.34	39.3315	39.2636	39.3348	39.2503	39.3009	39.2223	39.2168	39.1268	39.0255	39.0163	38.9671	38.8676	38.8161	38.768	38.6224	38.5606	38.4118	38.3557	38.1953	38.1029	37.993	37.7211	37.5346	37.2933	37.1169	36.8958	36.7651	36.5215	36.3583	35.956	35.7861	35.6825	35.1576	34.972	35.0188	34.8875	34.5394	34.2821	34.1897	33.9997	33.9274	33.6401	33.4948	33.2494	32.8025	32.643	32.5452	32.4446	32.3294	32.2287	32.104	32.062	31.9267	32.1344	34.0774
Sin-CPnd_033-Ex1-1B-lcwgs-1-2.clmp.r1r2_fastp	39.5487	39.0587	39.2813	39.3687	39.4419	39.2508	39.2874	39.2661	39.3449	39.2569	39.5111	39.1817	39.4582	39.3149	39.2966	39.6158	39.63	39.5609	39.5405	39.6046	39.5964	39.695	39.5598	39.4175	39.6041	39.4928	39.448	39.4511	39.6249	39.4267	39.4643	39.5487	39.4816	39.4476	39.5361	39.4774	39.4825	39.4823	39.5963	39.4974	39.4621	39.535	39.3642	39.42	39.4223	39.3004	39.5649	39.3768	39.4435	39.3932	39.4439	39.3653	39.179	39.3266	39.2801	39.0894	39.1748	39.3152	39.2923	39.3024	39.1501	39.1931	39.3095	39.3948	39.351	39.2915	39.3155	39.1987	39.2613	39.2331	39.374	39.3519	39.498	39.5355	39.435	39.2736	39.2625	39.3208	39.3685	39.4325	39.4446	39.3761	39.3759	39.4315	39.2615	39.4453	39.2831	39.3146	39.3538	39.328	39.086	39.3517	39.1637	39.1817	39.3734	38.9646	39.1007	39.1947	39.0751	39.1347	39.4103	39.3509	39.0872	39.0163	38.9853	38.9461	38.7808	38.6538	38.6463	38.4459	38.3116	38.09	37.824	38.005	37.8028	37.9629	37.2914	36.7504	36.9217	36.7048	37.0341	36.4992	36.1827	36.0469	35.3461	35.5971	34.7458	35.1162	34.5412	34.5959	34.0125	33.6104	33.1828	32.7459	33.0769	33.3831	32.7292	33.2547	33.2316	32.8696	31.8675	31.7683	31.6885	31.1742	29.7368	30.1966	29.8082	31.0423	31.1273	33.5022
Sin-CPnd_034-Ex1-3C-lcwgs-1-2.clmp.r1r2_fastp	39.63	39.1055	39.4287	39.4073	39.4481	39.4358	39.3883	39.4441	39.4295	39.3779	39.4479	39.2818	39.3745	39.3758	39.4577	39.576	39.657	39.5735	39.5529	39.5856	39.5864	39.5837	39.55	39.5312	39.5401	39.4876	39.478	39.5395	39.5441	39.5091	39.4883	39.5287	39.5154	39.455	39.4852	39.4905	39.515	39.5509	39.5301	39.5305	39.5178	39.5074	39.4792	39.4401	39.3788	39.2555	39.54	39.4497	39.4132	39.3428	39.4321	39.2841	39.2543	39.4228	39.3001	39.215	39.1916	39.2749	39.2508	39.2051	39.212	39.2387	39.2821	39.3023	39.1633	39.3464	39.2799	39.2221	39.1921	39.2566	39.3	39.3376	39.4455	39.4212	39.3949	39.3748	39.4092	39.4421	39.394	39.4491	39.4709	39.4068	39.3637	39.3706	39.411	39.4113	39.4196	39.4258	39.4286	39.3707	39.3872	39.3477	39.3768	39.42	39.4012	39.4252	39.3763	39.3546	39.3831	39.2356	39.2504	39.2183	39.1548	39.1236	39.156	38.972	38.8919	38.8417	38.8842	38.8008	38.6411	38.5822	38.465	38.2606	38.1349	37.914	37.6187	37.6237	37.2794	37.0603	37.0166	36.7114	36.5643	36.3751	36.1976	35.8935	35.777	35.5577	35.164	35.3377	34.8143	34.822	34.6324	34.5076	34.3794	34.0995	33.9991	33.8682	33.5382	33.2307	32.9785	33.2071	32.6537	32.6041	32.8286	32.6518	32.3767	32.3245	32.6519	34.1033
Sin-CPnd_035-Ex1-12D-lcwgs-1-2.clmp.r1r2_fastp	39.6079	39.1376	39.4271	39.42	39.458	39.4397	39.3523	39.415	39.4368	39.4097	39.4582	39.2795	39.3931	39.3532	39.4093	39.5915	39.6217	39.5777	39.5459	39.5638	39.5977	39.57	39.5481	39.5336	39.5278	39.474	39.4633	39.4968	39.5178	39.4771	39.4432	39.4744	39.4561	39.4466	39.4561	39.4761	39.4824	39.4899	39.5172	39.4921	39.4813	39.468	39.4382	39.4173	39.3646	39.2211	39.4774	39.3851	39.4169	39.3365	39.4173	39.2795	39.1717	39.373	39.291	39.2046	39.1833	39.2373	39.2129	39.2159	39.172	39.2119	39.2191	39.2723	39.1846	39.3183	39.2725	39.198	39.1538	39.162	39.2468	39.3238	39.3514	39.388	39.3821	39.3783	39.3815	39.374	39.3659	39.3774	39.36	39.3686	39.3644	39.3755	39.3661	39.359	39.3584	39.3434	39.3644	39.3653	39.3503	39.3587	39.3462	39.3266	39.3259	39.3436	39.3429	39.298	39.2822	39.2816	39.2444	39.2218	39.171	39.1005	39.0326	38.9485	38.8555	38.8095	38.7257	38.6745	38.566	38.4582	38.3371	38.2548	38.1122	37.9533	37.7664	37.6289	37.4097	37.2615	37.1098	36.9011	36.7067	36.5157	36.2915	36.0859	35.9489	35.6298	35.4919	35.3913	35.1486	34.9467	34.8207	34.6525	34.4531	34.323	34.117	33.953	33.7084	33.4065	33.2916	33.3002	33.1952	32.8905	32.9117	32.7257	32.6515	32.63	32.7488	34.351
Sin-CPnd_038-Ex1-11C-lcwgs-1-2.clmp.r1r2_fastp	39.5707	39.0581	39.3876	39.4074	39.447	39.43	39.3325	39.3975	39.4252	39.3797	39.4366	39.2592	39.3794	39.3188	39.397	39.5752	39.6114	39.5776	39.5561	39.5681	39.5985	39.5694	39.5457	39.5382	39.5317	39.4685	39.4616	39.5161	39.5469	39.476	39.4661	39.4884	39.4644	39.4536	39.4695	39.4935	39.4815	39.4994	39.5248	39.4886	39.496	39.4953	39.4578	39.4179	39.3644	39.2387	39.5075	39.4064	39.4273	39.3442	39.4419	39.3066	39.1971	39.392	39.3145	39.2338	39.2202	39.2303	39.2325	39.2452	39.1918	39.2321	39.223	39.2647	39.1897	39.3242	39.2709	39.2186	39.1793	39.2004	39.2583	39.3398	39.3676	39.3976	39.3718	39.3753	39.3803	39.3765	39.3763	39.3846	39.3603	39.3725	39.3718	39.3595	39.3754	39.372	39.3675	39.3615	39.3557	39.3695	39.3628	39.3453	39.3226	39.3349	39.3325	39.3322	39.3122	39.2914	39.2893	39.2662	39.253	39.1955	39.1509	39.0857	39.0115	38.9314	38.8348	38.7616	38.6742	38.6003	38.4815	38.3993	38.3077	38.1307	37.9632	37.8216	37.5575	37.3836	37.2115	37.0308	36.818	36.59	36.3344	36.1365	35.7953	35.542	35.4706	35.1419	35.0078	34.8348	34.5568	34.281	34.2002	34.0384	33.6835	33.6202	33.4024	33.2559	32.9863	32.7128	32.4855	32.4884	32.3686	32.1117	32.1419	31.8569	31.6791	31.694	31.8202	33.8774
Sin-CPnd_039-Ex1-10F-lcwgs-1-2.clmp.r1r2_fastp	39.6112	39.0897	39.4373	39.4251	39.4665	39.433	39.3653	39.4201	39.4317	39.3953	39.4377	39.2721	39.3949	39.3368	39.4046	39.5927	39.6324	39.5849	39.5653	39.5814	39.6105	39.5772	39.5437	39.5448	39.541	39.4717	39.4631	39.5144	39.5525	39.4871	39.4654	39.5173	39.4679	39.4628	39.4813	39.5056	39.4837	39.4932	39.5203	39.5123	39.5107	39.501	39.4545	39.427	39.3868	39.2333	39.5017	39.4059	39.4435	39.3469	39.4439	39.3113	39.2156	39.3892	39.3116	39.2379	39.217	39.2575	39.248	39.2392	39.203	39.2202	39.233	39.2933	39.2042	39.3523	39.2897	39.2419	39.1685	39.202	39.2608	39.3537	39.3923	39.3967	39.4168	39.3961	39.4052	39.3936	39.3909	39.3908	39.3809	39.3891	39.3929	39.3857	39.3912	39.3808	39.3998	39.4027	39.3973	39.3726	39.3664	39.3585	39.3655	39.344	39.3415	39.3253	39.3619	39.3194	39.2926	39.2894	39.26	39.2491	39.1843	39.0954	39.065	38.9787	38.884	38.8286	38.745	38.6614	38.5716	38.4564	38.3453	38.2043	38.0736	37.8944	37.6715	37.5403	37.3382	37.1492	37.0034	36.7759	36.5491	36.3384	36.0737	35.7895	35.6313	35.3721	35.2208	35.0696	34.8714	34.6078	34.3817	34.3358	34.0262	33.8783	33.7043	33.5088	33.273	32.9497	32.7783	32.7784	32.648	32.4227	32.3751	32.2167	32.0401	32.0263	32.2321	34.1201
Sin-CPnd_040-Ex1-11E-lcwgs-1-2.clmp.r1r2_fastp	39.5624	39.0492	39.3875	39.4097	39.4164	39.3902	39.3399	39.3813	39.4097	39.3681	39.4392	39.2555	39.3742	39.3223	39.3839	39.5791	39.6164	39.5637	39.5424	39.555	39.5942	39.5693	39.5373	39.5276	39.5256	39.4649	39.4627	39.493	39.528	39.4869	39.4372	39.5043	39.4642	39.4637	39.4703	39.4694	39.4987	39.4805	39.5152	39.5071	39.4886	39.476	39.4393	39.4284	39.3425	39.2428	39.499	39.3763	39.4014	39.3416	39.4243	39.2964	39.2027	39.3877	39.313	39.2274	39.1796	39.2368	39.23	39.2074	39.1863	39.2193	39.2288	39.2667	39.1782	39.3353	39.268	39.2077	39.1531	39.1743	39.2592	39.3206	39.3623	39.3885	39.3885	39.3665	39.3895	39.3872	39.3755	39.3808	39.3746	39.3684	39.3671	39.338	39.3521	39.3701	39.3631	39.3364	39.3097	39.3561	39.3281	39.3403	39.3322	39.3177	39.3092	39.3217	39.3106	39.2981	39.2657	39.2925	39.2458	39.1968	39.1192	39.0711	39.0129	38.9101	38.7854	38.7656	38.6988	38.5586	38.4477	38.3175	38.2734	38.1101	37.9897	37.8306	37.5181	37.3846	37.1378	37.0122	36.7771	36.525	36.3241	36.1862	35.8378	35.5627	35.3946	35.0303	34.9884	34.8457	34.5304	34.3755	34.1407	33.9349	33.7135	33.5533	33.4082	33.1955	32.9496	32.5881	32.4292	32.4317	32.3644	32.0858	32.0528	31.9309	31.6937	31.8156	31.9393	33.8805
Sin-CPnd_042-Ex1-10D-lcwgs-1-2.clmp.r1r2_fastp	39.5833	39.0907	39.3966	39.3935	39.422	39.3928	39.3024	39.3649	39.4059	39.351	39.411	39.2266	39.365	39.3143	39.3729	39.5575	39.6021	39.5676	39.5388	39.5719	39.592	39.5429	39.5256	39.5065	39.5176	39.4414	39.4358	39.4812	39.51	39.4582	39.4544	39.4793	39.4259	39.4341	39.4494	39.4567	39.4877	39.483	39.487	39.485	39.4574	39.4654	39.4406	39.3891	39.3505	39.2116	39.4792	39.3772	39.4035	39.3309	39.4109	39.2862	39.1538	39.3678	39.2759	39.1968	39.1669	39.2285	39.1912	39.1904	39.1783	39.1867	39.1932	39.2392	39.1395	39.3114	39.2363	39.1824	39.1415	39.1467	39.2366	39.3196	39.3566	39.3911	39.3644	39.3605	39.362	39.3529	39.3518	39.3862	39.3773	39.3523	39.3466	39.3574	39.3514	39.3712	39.3549	39.3375	39.3473	39.3366	39.3193	39.3429	39.3374	39.3129	39.3312	39.3088	39.2824	39.2719	39.2445	39.2797	39.189	39.2184	39.1032	39.031	38.9644	38.8269	38.7857	38.7318	38.5656	38.542	38.4513	38.3265	38.1651	38.0329	37.9217	37.7189	37.4991	37.3645	37.0567	37.0083	36.8	36.4718	36.2786	36.0541	35.8646	35.5971	35.5055	35.0249	34.9596	34.8509	34.5197	34.4135	34.1127	33.9873	33.6296	33.5781	33.3676	33.2448	33.0041	32.5544	32.3959	32.5078	32.3302	32.1751	32.1134	31.9927	31.7071	31.8007	31.738	33.875
Sin-CPnd_043-Ex1-1C-lcwgs-1-2.clmp.r1r2_fastp	39.6025	39.0161	39.3974	39.4265	39.4572	39.4162	39.3537	39.3787	39.4214	39.3725	39.429	39.2364	39.3897	39.3252	39.3996	39.5899	39.613	39.5909	39.5692	39.5988	39.6067	39.5864	39.5443	39.5197	39.5366	39.4803	39.4648	39.5055	39.5555	39.475	39.4588	39.4996	39.4761	39.4246	39.4985	39.5066	39.4897	39.5125	39.5395	39.5226	39.4969	39.485	39.4548	39.4373	39.3792	39.254	39.5417	39.4206	39.4615	39.3737	39.4564	39.3237	39.2193	39.4	39.3241	39.2299	39.2163	39.266	39.2494	39.2528	39.2085	39.2501	39.2547	39.2911	39.1659	39.3473	39.298	39.2173	39.1693	39.2001	39.2824	39.3282	39.4022	39.4174	39.4107	39.4035	39.4244	39.4088	39.3891	39.3821	39.4001	39.3855	39.3636	39.3876	39.3762	39.382	39.3704	39.3893	39.3732	39.3801	39.3703	39.3789	39.3308	39.3177	39.3363	39.3359	39.3219	39.3383	39.3167	39.2785	39.2521	39.2506	39.1845	39.1086	39.0755	38.9409	38.8929	38.8491	38.789	38.6761	38.6109	38.4754	38.3416	38.2418	38.0953	37.8862	37.6541	37.4986	37.2636	37.1255	36.9326	36.7007	36.3721	36.2144	35.9047	35.7018	35.5518	35.1727	35.0872	34.9161	34.6685	34.3655	34.2063	34.0884	33.7582	33.6651	33.4039	33.2851	32.9744	32.6213	32.6077	32.4617	32.4046	32.0933	31.9814	32.0077	31.7365	31.7853	31.8386	33.7622
Sin-CPnd_044-Ex1-2C-lcwgs-1-2.clmp.r1r2_fastp	39.4317	39.009	39.1975	39.251	39.3107	39.4256	39.2651	39.3168	39.3449	39.3308	39.4063	39.1142	39.2458	39.2265	39.3054	39.4668	39.5326	39.5098	39.4352	39.4677	39.515	39.4203	39.4299	39.4378	39.4212	39.3773	39.3453	39.4571	39.4124	39.2791	39.2984	39.4168	39.2274	39.2499	39.2946	39.2376	39.4155	39.3526	39.4064	39.2917	39.4416	39.3304	39.2769	39.324	39.125	39.0991	39.3558	39.1677	39.243	39.1932	39.3351	39.2402	39.0825	39.3265	39.0769	39.1739	39.0732	39.021	39.0408	39.2473	39.1065	39.0813	39.1244	39.0705	39.0733	39.0735	39.1891	39.1206	39.1924	39.0518	39.1907	39.3209	39.2887	39.3855	39.1357	39.299	39.2673	39.3013	39.381	39.3904	39.3311	39.1584	39.433	39.2966	39.1617	39.3423	39.3386	39.2195	39.2671	39.2686	39.4399	39.3171	39.3313	39.2302	39.1862	39.2452	39.2771	39.2815	39.3327	39.2906	39.0358	39.3314	38.9017	39.0476	38.9099	38.8764	38.8304	38.6544	38.729	38.6748	38.798	38.7574	38.5531	38.2803	38.2706	38.33	37.4407	37.7195	37.838	37.3802	36.7961	36.7919	36.8571	36.4974	36.2791	35.6648	35.577	35.0285	34.3969	34.99	35.1203	34.293	34.713	34.4887	33.8353	33.6289	33.2277	33.3162	32.8783	32.6649	32.4873	32.7493	32.6136	32.6341	33.3043	31.9489	32.9311	32.2449	32.7482	33.7705
Sin-CPnd_045-Ex1-11H-lcwgs-1-2.clmp.r1r2_fastp	39.6188	39.0785	39.4251	39.4114	39.4572	39.3992	39.3399	39.3921	39.4254	39.3924	39.4422	39.2645	39.3846	39.3351	39.3984	39.5836	39.6248	39.5757	39.5553	39.5741	39.612	39.5769	39.5519	39.5356	39.5283	39.4736	39.4666	39.521	39.5409	39.4889	39.4694	39.504	39.4736	39.4708	39.4867	39.4981	39.4888	39.4931	39.5267	39.5138	39.5034	39.49	39.4522	39.4356	39.385	39.2442	39.5111	39.4096	39.4411	39.3655	39.4483	39.3233	39.2193	39.4012	39.3254	39.2482	39.214	39.2695	39.2568	39.2438	39.2119	39.2468	39.2511	39.2922	39.2125	39.3556	39.302	39.2403	39.1863	39.2072	39.2712	39.3436	39.3898	39.4096	39.4116	39.4082	39.4092	39.4092	39.398	39.4082	39.3979	39.3994	39.3872	39.3921	39.3921	39.3981	39.3951	39.3864	39.3798	39.3864	39.3771	39.3708	39.3728	39.3669	39.3503	39.3514	39.3463	39.3324	39.3114	39.3113	39.2752	39.2491	39.1891	39.128	39.0776	38.977	38.8899	38.8425	38.7664	38.6772	38.5725	38.4622	38.3327	38.202	38.0551	37.8761	37.6511	37.4793	37.2733	37.0999	36.9312	36.6877	36.445	36.2394	35.9626	35.6942	35.5577	35.2298	35.1142	34.9588	34.7065	34.4658	34.2596	34.1427	33.88	33.7676	33.545	33.4277	33.1951	32.8512	32.6952	32.7028	32.5794	32.3519	32.2962	32.1377	31.9812	31.9772	32.1047	34.0224
Sin-CPnd_049-Ex1-4C-lcwgs-1-2.clmp.r1r2_fastp	39.6338	39.15	39.4433	39.4168	39.4761	39.4236	39.3784	39.4371	39.4004	39.4173	39.4614	39.2602	39.3546	39.3309	39.3993	39.5756	39.6491	39.5315	39.5479	39.5722	39.5665	39.5745	39.5626	39.5129	39.4987	39.4863	39.4465	39.4501	39.5253	39.4586	39.4801	39.4467	39.4925	39.4708	39.4526	39.4674	39.4455	39.4857	39.5162	39.4768	39.5135	39.483	39.4921	39.3765	39.3018	39.2514	39.5334	39.4296	39.4762	39.3351	39.4328	39.2848	39.2242	39.4138	39.3116	39.2845	39.1014	39.2404	39.2721	39.2234	39.2175	39.1998	39.1933	39.3268	39.1531	39.3489	39.2383	39.1746	39.1523	39.2419	39.1599	39.392	39.3808	39.3791	39.3356	39.4075	39.4095	39.3044	39.2529	39.3518	39.2546	39.3815	39.4901	39.3672	39.4099	39.3741	39.4927	39.4656	39.4085	39.3176	39.4036	39.411	39.4171	39.3659	39.3339	39.395	39.4583	39.3679	39.4018	39.4298	39.2699	39.2348	39.1747	39.0887	39.1047	38.8375	39.0005	38.757	38.7201	38.5334	38.7242	38.4534	38.3439	38.0551	37.9378	37.8239	37.3239	37.389	37.1639	37.3196	36.8714	36.6218	36.4681	36.1307	35.9906	35.6586	35.7778	35.2095	35.0798	34.9489	34.7575	34.261	33.94	34.1055	33.3251	33.7095	33.763	33.5257	33.2841	32.7603	32.7729	32.2757	32.4853	32.0158	31.9457	31.9777	31.5398	31.5559	32.2775	33.8313
Sin-CPnd_050-Ex1-9B-lcwgs-1-2.clmp.r1r2_fastp	39.5857	39.111	39.4034	39.4187	39.4289	39.4186	39.3481	39.3885	39.4335	39.3948	39.4304	39.2792	39.385	39.3336	39.3822	39.5695	39.6127	39.5617	39.5405	39.5597	39.6037	39.5562	39.5414	39.5133	39.5133	39.4573	39.4343	39.4842	39.4992	39.4542	39.4384	39.4624	39.4358	39.4423	39.4464	39.456	39.4642	39.4733	39.4839	39.4883	39.4643	39.457	39.4196	39.4112	39.3282	39.205	39.4699	39.3595	39.403	39.3137	39.4134	39.24	39.1813	39.3545	39.2804	39.1847	39.1511	39.2029	39.1861	39.1856	39.1564	39.1677	39.1862	39.2227	39.127	39.3202	39.2409	39.1797	39.1008	39.1301	39.2082	39.2878	39.3325	39.3716	39.3479	39.3434	39.3585	39.3269	39.3281	39.3305	39.3315	39.3318	39.3178	39.3295	39.3049	39.3316	39.3598	39.3204	39.3376	39.3227	39.2816	39.277	39.3177	39.3185	39.2565	39.2695	39.2789	39.2435	39.2401	39.22	39.1626	39.1631	39.088	38.9924	38.949	38.8917	38.776	38.7603	38.6577	38.5807	38.5119	38.3138	38.1822	38.1027	37.9123	37.7946	37.4861	37.4005	37.1361	37.012	36.8669	36.5458	36.3311	36.1888	35.975	35.6878	35.5666	35.2417	35.1112	34.9691	34.7147	34.4962	34.2807	34.0799	33.8187	33.6282	33.6519	33.3531	33.1931	32.9161	32.7337	32.8182	32.5387	32.4163	32.2008	32.2334	32.0245	31.8225	32.1003	34.0855
Sin-CPnd_051-Ex1-12G-lcwgs-1-2.clmp.r1r2_fastp	39.5791	39.1003	39.3847	39.4076	39.4446	39.4162	39.3388	39.4158	39.4229	39.3749	39.4199	39.246	39.3682	39.3268	39.3801	39.5617	39.6037	39.5555	39.5316	39.5478	39.5779	39.5545	39.5211	39.5127	39.5171	39.4475	39.4493	39.4822	39.502	39.4489	39.4321	39.454	39.4394	39.4243	39.4492	39.4617	39.4516	39.4689	39.485	39.4819	39.4594	39.454	39.4383	39.3904	39.3481	39.1894	39.4738	39.3646	39.4	39.3187	39.4109	39.2678	39.1535	39.3474	39.2888	39.1774	39.1586	39.2125	39.1931	39.1933	39.1457	39.1828	39.1987	39.2609	39.1539	39.2914	39.2403	39.184	39.1462	39.139	39.2167	39.2924	39.3407	39.3643	39.3338	39.3399	39.3614	39.3478	39.3456	39.3512	39.3363	39.3502	39.3439	39.3518	39.3384	39.3515	39.3424	39.3323	39.3337	39.3326	39.296	39.33	39.3094	39.2905	39.2915	39.2881	39.3097	39.271	39.2451	39.2361	39.2115	39.1885	39.1059	39.0298	38.9835	38.8369	38.7717	38.7472	38.6897	38.5662	38.46	38.3414	38.1964	38.0745	37.9879	37.8093	37.5621	37.3948	37.1922	37.089	36.9351	36.6896	36.4562	36.2244	35.9944	35.7773	35.7636	35.319	35.1722	35.0694	34.8928	34.6574	34.4454	34.3075	34.1213	34.0385	33.7774	33.682	33.4174	33.0175	32.8836	32.8232	32.7743	32.496	32.4964	32.3472	32.1941	32.2423	32.3991	34.2366
Sin-CPnd_053-Ex1-9G-lcwgs-1-2.clmp.r1r2_fastp	39.5778	39.0779	39.3711	39.4066	39.4359	39.4092	39.3258	39.3891	39.4171	39.3598	39.416	39.2466	39.3513	39.308	39.3708	39.5553	39.594	39.563	39.5248	39.5525	39.5947	39.5569	39.5316	39.5074	39.5148	39.4255	39.4384	39.48	39.5076	39.4555	39.4369	39.4538	39.4303	39.4198	39.4354	39.4608	39.4806	39.465	39.4838	39.4702	39.4767	39.4453	39.427	39.4036	39.338	39.1774	39.4639	39.3416	39.38	39.3097	39.3947	39.2406	39.143	39.3505	39.272	39.1883	39.1457	39.1993	39.1778	39.1819	39.1453	39.1694	39.1665	39.213	39.1308	39.2794	39.2298	39.1466	39.1031	39.1261	39.1961	39.2996	39.3233	39.3582	39.356	39.3346	39.3287	39.3515	39.3428	39.3327	39.3422	39.3322	39.3328	39.3451	39.3406	39.3219	39.3269	39.3079	39.3206	39.318	39.3048	39.2829	39.3151	39.3013	39.2802	39.2539	39.2502	39.2654	39.2388	39.2232	39.1667	39.1311	39.0682	39.0058	38.9187	38.8413	38.7419	38.6936	38.602	38.4604	38.3651	38.2941	38.1413	37.9785	37.8515	37.6643	37.4281	37.36	37.1358	36.9407	36.7265	36.4901	36.3034	36.1139	35.8243	35.5125	35.5089	35.1281	34.9939	34.7817	34.586	34.2833	34.1365	34.0279	33.6979	33.6267	33.3896	33.3337	33.049	32.6733	32.4573	32.48	32.23	32.1218	32.0575	31.9871	31.7331	31.5399	31.8477	33.9395
Sin-CPnd_058-Ex1-9D-lcwgs-1-2.clmp.r1r2_fastp	39.5861	39.1054	39.3858	39.4136	39.4427	39.4228	39.3248	39.3808	39.4059	39.3875	39.4262	39.2566	39.3628	39.3111	39.3794	39.5642	39.6235	39.5433	39.5401	39.5489	39.582	39.5488	39.5353	39.5124	39.5235	39.432	39.4335	39.4843	39.4892	39.4561	39.4296	39.4784	39.4227	39.4422	39.4589	39.4567	39.478	39.4852	39.4845	39.4846	39.465	39.4404	39.4305	39.4064	39.3363	39.1955	39.4721	39.3467	39.4019	39.3147	39.393	39.2487	39.1525	39.334	39.2744	39.1865	39.1519	39.206	39.1782	39.1891	39.1442	39.1855	39.2	39.2145	39.1367	39.3069	39.2205	39.181	39.1408	39.1422	39.2333	39.2943	39.3269	39.3524	39.3395	39.3658	39.3345	39.3293	39.3583	39.3385	39.3665	39.3427	39.3093	39.3633	39.336	39.362	39.3234	39.3301	39.2999	39.3201	39.2965	39.3111	39.2864	39.2868	39.2748	39.2906	39.2901	39.2409	39.2291	39.2463	39.179	39.1624	39.0923	38.9712	38.931	38.8306	38.7352	38.6902	38.6048	38.4988	38.3628	38.2554	38.1452	37.9863	37.8892	37.7204	37.4511	37.3544	37.1871	37.0254	36.7693	36.5002	36.3354	36.0667	35.7826	35.5668	35.4976	35.0623	35.0072	34.8559	34.6098	34.3574	34.1132	34.0555	33.702	33.6218	33.6432	33.3701	33.2223	32.7331	32.5117	32.596	32.6405	32.2716	32.2892	32.1673	31.8027	31.817	31.9546	34.1943
Sin-CPnd_061-Ex1-9A-lcwgs-1-2.clmp.r1r2_fastp	39.5844	39.0854	39.3854	39.4133	39.4138	39.3902	39.3253	39.3838	39.4164	39.3749	39.427	39.2514	39.3667	39.3169	39.3841	39.5626	39.6059	39.5709	39.5282	39.5639	39.5877	39.5489	39.5213	39.5007	39.5185	39.4453	39.4211	39.4748	39.494	39.4513	39.4197	39.4609	39.4202	39.4135	39.4203	39.4519	39.4664	39.4642	39.4818	39.461	39.443	39.4511	39.4223	39.4005	39.3308	39.1895	39.4702	39.3641	39.3929	39.3138	39.3962	39.2477	39.1444	39.345	39.2681	39.1439	39.152	39.2001	39.1833	39.1719	39.1511	39.1687	39.2002	39.2143	39.1141	39.2967	39.2364	39.1811	39.114	39.126	39.1956	39.2852	39.3162	39.3339	39.3656	39.3456	39.3503	39.3428	39.3412	39.3389	39.3198	39.3417	39.3424	39.3275	39.3204	39.3283	39.3542	39.3421	39.3276	39.3305	39.3227	39.3263	39.3122	39.2916	39.289	39.2873	39.2908	39.2584	39.2689	39.2373	39.2078	39.191	39.1427	39.0512	39.0162	38.9092	38.7906	38.7419	38.6904	38.5848	38.4691	38.389	38.2559	38.1281	37.9994	37.789	37.5803	37.4552	37.2968	37.0544	36.8922	36.7245	36.4401	36.249	35.9584	35.7883	35.6216	35.3923	35.1968	35.1071	34.7743	34.5706	34.4	34.2582	34.0638	34.0337	33.7139	33.5985	33.3961	32.9682	32.8713	32.9055	32.7008	32.5234	32.4719	32.2722	32.2035	32.0457	32.2186	34.2053
Sin-CPnd_062-Ex1-11D-lcwgs-1-2.clmp.r1r2_fastp	39.571	39.0924	39.4018	39.4039	39.4275	39.3957	39.3059	39.3704	39.4163	39.3754	39.4296	39.2504	39.3754	39.3294	39.3851	39.568	39.616	39.5611	39.5382	39.563	39.5988	39.5618	39.533	39.5191	39.523	39.4482	39.4427	39.5039	39.5111	39.4723	39.4465	39.4893	39.4636	39.4429	39.4669	39.4879	39.477	39.4792	39.4943	39.495	39.4784	39.4643	39.4455	39.411	39.3621	39.2086	39.4938	39.3691	39.4081	39.3458	39.4204	39.2819	39.1765	39.3753	39.3065	39.2197	39.1968	39.2432	39.2183	39.2015	39.1804	39.2019	39.2086	39.2643	39.1665	39.3315	39.2568	39.2122	39.1461	39.1558	39.2369	39.3354	39.3785	39.3793	39.3634	39.3672	39.3641	39.3782	39.3578	39.3775	39.353	39.355	39.3429	39.3666	39.3419	39.35	39.3672	39.3249	39.3256	39.3219	39.3707	39.3347	39.3266	39.3411	39.2932	39.2859	39.2725	39.263	39.2753	39.2531	39.1936	39.1727	39.1167	39.0464	38.9779	38.8397	38.753	38.6864	38.6081	38.5335	38.3817	38.2916	38.1926	38.0584	37.8724	37.75	37.4954	37.3491	37.0926	36.9551	36.7121	36.5161	36.2754	36.0841	35.7184	35.4886	35.3578	35.1068	34.8977	34.8734	34.5816	34.2901	34.1533	34.0334	33.7128	33.5352	33.4439	33.2521	33.0196	32.6693	32.5765	32.52	32.3877	32.1794	32.0329	31.8724	31.7922	31.6867	31.9371	33.9665
Sin-CPnd_063-Ex1-9F-lcwgs-1-2.clmp.r1r2_fastp	39.5872	39.1079	39.4123	39.4	39.4767	39.4375	39.362	39.3901	39.4025	39.3857	39.4316	39.2642	39.3822	39.3112	39.3872	39.5808	39.6224	39.5632	39.5467	39.5539	39.6081	39.5621	39.5258	39.5091	39.5232	39.4497	39.4412	39.4957	39.5253	39.4749	39.4357	39.4621	39.442	39.4269	39.4464	39.4728	39.4795	39.4962	39.4942	39.485	39.4718	39.4609	39.4408	39.4112	39.3607	39.2098	39.483	39.365	39.4106	39.3372	39.421	39.2857	39.1595	39.355	39.2963	39.1852	39.1781	39.2043	39.2064	39.2181	39.1584	39.2168	39.2181	39.24	39.1727	39.3183	39.2673	39.2018	39.1499	39.1663	39.2248	39.3279	39.3489	39.3469	39.3796	39.3675	39.3608	39.3821	39.3547	39.3666	39.3682	39.354	39.3508	39.3246	39.3392	39.3365	39.3827	39.3374	39.3525	39.3354	39.3382	39.3412	39.3233	39.3132	39.303	39.2808	39.2789	39.2738	39.2697	39.2625	39.2281	39.2006	39.1494	39.0258	39.0022	38.8712	38.7873	38.7346	38.6804	38.6171	38.4678	38.4001	38.2369	38.1175	38.0078	37.8051	37.5826	37.3752	37.2469	37.0398	36.9349	36.6513	36.4673	36.2417	35.9753	35.6342	35.5753	35.2566	35.1444	35.062	34.5973	34.4275	34.2443	34.1505	33.892	33.7587	33.5518	33.3596	33.2065	32.8061	32.6863	32.6654	32.6298	32.2871	32.299	32.1758	31.8608	31.942	32.0736	34.1746
Sin-CPnd_065-Ex1-11B-lcwgs-1-2.clmp.r1r2_fastp	39.5554	39.07	39.4081	39.4208	39.4235	39.4078	39.3414	39.3855	39.4199	39.383	39.4319	39.2586	39.3901	39.326	39.3906	39.5828	39.6282	39.568	39.5478	39.5612	39.5999	39.5697	39.5395	39.5428	39.5316	39.4595	39.4488	39.484	39.5232	39.4867	39.4426	39.4902	39.4484	39.4513	39.4718	39.4986	39.4862	39.4929	39.5142	39.4836	39.4753	39.4626	39.4416	39.4262	39.3457	39.2333	39.4835	39.3878	39.4092	39.3432	39.4211	39.2989	39.1961	39.3842	39.3137	39.2408	39.2006	39.2392	39.2223	39.214	39.1784	39.2176	39.1967	39.2602	39.1716	39.3283	39.2688	39.1976	39.151	39.1764	39.2486	39.3091	39.3629	39.4016	39.3801	39.369	39.3838	39.3756	39.3719	39.3684	39.3756	39.3593	39.3575	39.3466	39.3626	39.3668	39.3494	39.3454	39.3526	39.3577	39.339	39.3165	39.3237	39.3484	39.2886	39.3321	39.2857	39.2656	39.2618	39.2616	39.256	39.1914	39.1305	39.0589	39.0146	38.8793	38.7998	38.761	38.6559	38.5734	38.4397	38.3288	38.1664	38.0745	37.9019	37.7298	37.5077	37.3346	37.1044	36.9495	36.7368	36.5064	36.2105	35.9823	35.7398	35.4515	35.3112	34.9757	34.8777	34.7317	34.4253	34.1664	34.019	33.8894	33.6134	33.499	33.2681	33.1507	32.8598	32.5372	32.4334	32.3396	32.2701	31.983	31.9191	31.7686	31.6479	31.6191	31.8962	33.9187
Sin-CPnd_067-Ex1-9C-lcwgs-1-2.clmp.r1r2_fastp	39.5931	39.12	39.3989	39.4058	39.4788	39.4414	39.3589	39.411	39.4241	39.3786	39.4522	39.2458	39.3864	39.334	39.4025	39.5726	39.6227	39.5735	39.5495	39.5607	39.5931	39.5597	39.5253	39.5166	39.5407	39.4677	39.44	39.4949	39.5138	39.4693	39.4434	39.4691	39.4594	39.4367	39.4425	39.4683	39.4696	39.4872	39.4863	39.4872	39.4598	39.4403	39.4313	39.3908	39.3605	39.2015	39.4736	39.3738	39.3973	39.3136	39.4004	39.2838	39.1428	39.3558	39.2583	39.1954	39.1719	39.2185	39.1817	39.1833	39.1409	39.1905	39.1844	39.2303	39.1491	39.3034	39.2366	39.1726	39.131	39.1694	39.2217	39.307	39.3213	39.3472	39.3581	39.3464	39.3512	39.3589	39.3288	39.3399	39.3722	39.3691	39.3185	39.3475	39.3538	39.3499	39.3473	39.3579	39.3391	39.3338	39.3171	39.3311	39.3524	39.3293	39.3096	39.3098	39.3258	39.3326	39.2717	39.2854	39.2561	39.2105	39.121	39.0421	38.9994	38.9024	38.8092	38.7712	38.6715	38.5493	38.5058	38.4278	38.2423	38.0948	37.9351	37.7661	37.6083	37.4871	37.2318	37.0701	36.9312	36.7055	36.4131	36.244	35.9799	35.7412	35.5771	35.2374	35.1072	34.8936	34.803	34.5196	34.2912	34.1875	33.9896	33.796	33.5742	33.4519	33.2838	32.9803	32.7044	32.776	32.7129	32.3472	32.3628	32.1505	32.1127	32.0211	32.1839	34.2331
Sin-CPnd_074-Ex1-12A-lcwgs-1-2.clmp.r1r2_fastp	39.5667	39.0835	39.3727	39.4088	39.4271	39.3874	39.357	39.3889	39.4228	39.3846	39.4461	39.26	39.3739	39.3269	39.3872	39.5644	39.6121	39.5368	39.5144	39.5461	39.5853	39.558	39.5163	39.519	39.5036	39.4352	39.4134	39.4622	39.499	39.4356	39.4184	39.436	39.4258	39.4063	39.4368	39.4436	39.4402	39.4421	39.4701	39.444	39.4281	39.4365	39.3992	39.3802	39.317	39.1649	39.432	39.3351	39.3805	39.2985	39.3698	39.2505	39.1278	39.3385	39.2512	39.1668	39.1382	39.1656	39.1569	39.1554	39.1211	39.1665	39.1946	39.2199	39.1251	39.2954	39.2488	39.1636	39.0959	39.1402	39.2031	39.2809	39.3208	39.3323	39.3643	39.3174	39.3414	39.3553	39.3118	39.3354	39.317	39.3363	39.3173	39.3277	39.3313	39.3201	39.3302	39.3042	39.3554	39.3206	39.2783	39.3191	39.304	39.2903	39.2823	39.2766	39.2818	39.2788	39.2468	39.2397	39.2119	39.1516	39.1106	39.0309	38.975	38.8925	38.7972	38.7465	38.6942	38.5996	38.5143	38.4268	38.3166	38.1449	38.0076	37.8579	37.6475	37.4954	37.3349	37.134	37.0024	36.7803	36.5611	36.3536	36.0936	35.866	35.756	35.439	35.372	35.1743	34.9285	34.6356	34.543	34.4281	34.1935	34.1396	33.8536	33.8114	33.5364	33.1004	33.0455	32.9777	32.9767	32.6874	32.6843	32.3413	32.2457	32.2854	32.5781	34.2292
Sin-CPnd_075-Ex1-11G-lcwgs-1-2.clmp.r1r2_fastp	39.5492	39.0595	39.3794	39.3966	39.4343	39.3934	39.31	39.3827	39.4028	39.3626	39.4113	39.2436	39.342	39.3067	39.385	39.5639	39.6045	39.5603	39.5449	39.5511	39.5858	39.5579	39.5314	39.5126	39.5215	39.4472	39.4507	39.4909	39.5215	39.4714	39.4421	39.4782	39.4589	39.434	39.4489	39.4719	39.4659	39.482	39.4994	39.4879	39.4834	39.4647	39.4455	39.412	39.3541	39.2022	39.4826	39.3918	39.4222	39.3372	39.4267	39.2968	39.1927	39.3831	39.3015	39.2046	39.173	39.2358	39.1938	39.2006	39.1562	39.2064	39.2039	39.2507	39.1525	39.2997	39.2427	39.1954	39.1348	39.1535	39.2324	39.3062	39.3616	39.3806	39.3724	39.3694	39.37	39.3636	39.3544	39.365	39.3742	39.3517	39.3452	39.355	39.3556	39.3734	39.3468	39.3378	39.3255	39.3226	39.3345	39.3252	39.32	39.3328	39.3157	39.3115	39.2823	39.2733	39.2446	39.2339	39.2368	39.1574	39.1089	39.0059	38.9375	38.8181	38.7389	38.6815	38.5809	38.5052	38.3664	38.2399	38.1025	37.965	37.7922	37.6209	37.3382	37.2019	36.9659	36.7883	36.5767	36.351	36.0624	35.8166	35.5196	35.2532	35.1725	34.7827	34.6311	34.5348	34.2607	34.003	33.8257	33.7268	33.3684	33.2877	33.0232	32.8845	32.7216	32.3074	32.2374	32.2323	32.0917	31.806	31.8151	31.7115	31.3656	31.3545	31.6729	33.7518
Sin-CPnd_076-Ex1-10E-lcwgs-1-2.clmp.r1r2_fastp	39.6241	39.1417	39.4302	39.4232	39.4357	39.4088	39.3723	39.4071	39.4466	39.4046	39.4394	39.28	39.3803	39.332	39.4096	39.5861	39.6182	39.5723	39.5406	39.5727	39.6034	39.5726	39.5426	39.5275	39.5258	39.4736	39.4706	39.5096	39.5383	39.4791	39.4598	39.5043	39.4698	39.4591	39.4736	39.4852	39.4815	39.4892	39.5078	39.4874	39.4889	39.4726	39.4541	39.4184	39.3724	39.2339	39.5024	39.3837	39.4229	39.3389	39.4217	39.3106	39.1921	39.3811	39.3107	39.2269	39.1841	39.2533	39.2241	39.2212	39.2028	39.2424	39.2407	39.2784	39.1855	39.3396	39.2869	39.2311	39.1809	39.1936	39.2755	39.3441	39.3745	39.4033	39.4138	39.3988	39.4144	39.3977	39.4159	39.4078	39.3874	39.3822	39.3823	39.3832	39.3828	39.3817	39.3977	39.387	39.3558	39.3815	39.3758	39.3703	39.3828	39.3693	39.3644	39.3448	39.3449	39.3319	39.3134	39.3185	39.2575	39.2375	39.1853	39.1156	39.0639	38.9542	38.8505	38.8132	38.7552	38.6664	38.5712	38.4266	38.3507	38.1885	38.0713	37.875	37.6892	37.5554	37.2908	37.167	36.9795	36.7767	36.5222	36.3076	36.1016	35.814	35.6678	35.3632	35.2279	35.1235	34.8631	34.6463	34.4558	34.2972	34.0724	33.9633	33.7409	33.5901	33.4351	33.1051	32.8991	32.9336	32.8188	32.5738	32.5163	32.3441	32.2596	32.2747	32.3763	34.2438
Sin-CPnd_079-Ex1-9H-lcwgs-1-2.clmp.r1r2_fastp	39.5658	39.0916	39.4037	39.3887	39.4563	39.4052	39.3213	39.3909	39.4035	39.3683	39.4263	39.2692	39.3529	39.2989	39.3649	39.5757	39.5901	39.5504	39.5409	39.5593	39.5915	39.5405	39.5221	39.495	39.5117	39.429	39.4356	39.4736	39.4955	39.4514	39.4329	39.4609	39.4308	39.4156	39.427	39.4599	39.4685	39.4621	39.4806	39.4751	39.4501	39.4302	39.407	39.3959	39.3326	39.1943	39.4667	39.3516	39.3917	39.2925	39.3873	39.262	39.1293	39.324	39.2572	39.1644	39.1472	39.1842	39.1785	39.1693	39.1505	39.1652	39.1745	39.2013	39.1101	39.2799	39.2341	39.1687	39.0816	39.1504	39.1971	39.2652	39.3297	39.3487	39.3276	39.339	39.3398	39.3341	39.3345	39.3218	39.3309	39.3022	39.3145	39.3257	39.3279	39.2997	39.3041	39.3113	39.3062	39.2951	39.3137	39.3025	39.2906	39.2793	39.2704	39.2715	39.2738	39.2418	39.2208	39.2147	39.2012	39.1348	39.0373	38.9984	38.9728	38.818	38.7513	38.6259	38.5979	38.4331	38.3845	38.2417	38.1254	38.0361	37.8263	37.6654	37.4674	37.2985	37.1602	36.9724	36.8274	36.5161	36.2729	36.0851	35.8262	35.4466	35.3981	35.0665	34.9299	34.7868	34.6683	34.2788	34.1312	34.0141	33.7684	33.6345	33.4586	33.3113	33.0595	32.7108	32.5376	32.5327	32.2953	32.1802	32.0643	31.954	31.72	31.6834	32.0363	34.0829
Sin-CPnd_080-Ex1-2E-lcwgs-1-2.clmp.r1r2_fastp	39.6645	39.1184	39.4255	39.4338	39.4555	39.4296	39.3387	39.4313	39.4703	39.4046	39.5089	39.2504	39.4488	39.2932	39.2828	39.5523	39.6228	39.6249	39.5552	39.5844	39.589	39.5828	39.5289	39.4868	39.5239	39.4897	39.4751	39.5519	39.5552	39.4213	39.4497	39.4105	39.4793	39.4409	39.499	39.4621	39.4384	39.4937	39.5255	39.4896	39.493	39.4212	39.4838	39.4899	39.3925	39.2728	39.4847	39.3712	39.3992	39.32	39.4625	39.1896	39.2053	39.3623	39.294	39.229	39.241	39.2541	39.2674	39.2508	39.1472	39.2176	39.2014	39.2322	39.2075	39.2224	39.258	39.1928	39.1233	39.16	39.2249	39.3887	39.3161	39.4032	39.4132	39.3826	39.4281	39.3892	39.3643	39.2964	39.3248	39.3421	39.381	39.3543	39.3692	39.4274	39.3773	39.3997	39.3912	39.3815	39.3972	39.3538	39.2925	39.3984	39.3527	39.3032	39.3766	39.3212	39.1724	39.2625	39.1441	39.1994	39.2259	39.0698	38.8999	38.9676	38.8866	38.918	38.7809	38.6032	38.5316	38.4609	38.337	38.3028	38.0843	37.8286	37.7296	37.6128	37.5317	37.159	37.1256	36.7804	36.6444	36.4178	36.2262	35.8712	35.7262	35.3913	35.4247	35.4381	35.0282	35.0625	34.5739	34.5343	33.9034	34.1454	33.6785	33.7177	33.3929	32.8418	32.6758	33.2974	32.743	32.5448	32.7368	32.6824	32.465	32.1446	32.4555	34.2824
Sin-CPnd_081-Ex1-10G-lcwgs-1-2.clmp.r1r2_fastp	39.5833	39.0615	39.3874	39.4043	39.4336	39.4068	39.3076	39.3973	39.4086	39.3589	39.4059	39.231	39.3585	39.2956	39.3772	39.5733	39.6113	39.5752	39.5453	39.5641	39.5985	39.5721	39.5324	39.5157	39.5304	39.4614	39.4613	39.4914	39.5164	39.4686	39.4514	39.4728	39.4434	39.4493	39.4607	39.4847	39.4772	39.4848	39.5076	39.4999	39.4779	39.4678	39.4409	39.4061	39.3555	39.1912	39.4825	39.3767	39.4132	39.3376	39.4192	39.2882	39.1903	39.3869	39.2895	39.2144	39.1801	39.2302	39.2168	39.2058	39.1648	39.2149	39.2212	39.2578	39.1742	39.3192	39.2624	39.1995	39.1417	39.1337	39.2223	39.3247	39.3615	39.3869	39.3798	39.3739	39.3569	39.375	39.3599	39.3738	39.3628	39.3613	39.3704	39.3647	39.3468	39.3646	39.3682	39.3508	39.3586	39.3431	39.3509	39.334	39.3482	39.327	39.3159	39.3348	39.3298	39.2862	39.2954	39.2883	39.2345	39.1872	39.1503	39.0917	39.025	38.912	38.8426	38.7559	38.6939	38.609	38.5158	38.3552	38.2632	38.1217	37.9587	37.7789	37.5436	37.4029	37.1964	37.0057	36.8297	36.5962	36.3505	36.1552	35.8485	35.585	35.4086	35.1482	34.9746	34.874	34.6212	34.3537	34.1504	33.9733	33.8272	33.5885	33.4429	33.2734	33.0525	32.7306	32.4881	32.5588	32.4322	32.1662	32.1595	31.9919	31.8527	31.7324	32.0245	34.0801
Sin-CPnd_085-Ex1-4H-lcwgs-1-2.clmp.r1r2_fastp	39.5708	39.022	39.417	39.3876	39.4488	39.3883	39.3095	39.3839	39.3976	39.3762	39.4403	39.2297	39.3704	39.3116	39.3662	39.5792	39.6339	39.5782	39.5568	39.5785	39.6141	39.5777	39.5484	39.5306	39.5133	39.4623	39.4621	39.5291	39.5411	39.4965	39.4734	39.507	39.464	39.4697	39.483	39.5026	39.5003	39.4899	39.5267	39.5102	39.5079	39.4859	39.4308	39.4225	39.382	39.2274	39.5116	39.4052	39.4395	39.3638	39.4368	39.3191	39.1953	39.3947	39.3227	39.2345	39.1732	39.2459	39.2384	39.2371	39.2094	39.2444	39.2432	39.2709	39.2013	39.3402	39.2811	39.215	39.1632	39.1984	39.2648	39.3372	39.3788	39.3984	39.3991	39.3902	39.3934	39.3977	39.4002	39.3815	39.367	39.3653	39.3825	39.368	39.3762	39.378	39.3662	39.3595	39.3612	39.3652	39.3511	39.3403	39.3499	39.3217	39.3345	39.3304	39.3303	39.3066	39.2898	39.2889	39.2618	39.2388	39.1815	39.1097	39.0666	38.9575	38.8628	38.8336	38.74	38.6504	38.561	38.4517	38.3538	38.2054	38.0813	37.8599	37.6607	37.4938	37.3309	37.129	36.961	36.7384	36.4884	36.2763	35.9636	35.7024	35.5663	35.191	35.1353	34.9656	34.6914	34.4553	34.2042	34.1206	33.8111	33.7453	33.468	33.37	33.0597	32.798	32.6016	32.5768	32.4442	32.2293	32.0895	31.9619	31.8281	31.8515	31.966	33.962
Sin-CPnd_088-Ex1-2D-lcwgs-1-2.clmp.r1r2_fastp	39.562	39.0925	39.3297	39.4106	39.4258	39.427	39.2622	39.3838	39.3996	39.2768	39.4477	39.2299	39.3741	39.3023	39.3814	39.559	39.6101	39.4824	39.5152	39.5827	39.5572	39.4854	39.4252	39.542	39.4927	39.3607	39.4599	39.4659	39.5043	39.4513	39.3765	39.5274	39.3923	39.4248	39.3419	39.4365	39.5046	39.3525	39.4423	39.4302	39.411	39.3985	39.3777	39.3441	39.264	39.1957	39.3572	39.2717	39.4152	39.2918	39.3285	39.2732	39.1027	39.285	39.2182	39.2003	39.1238	39.1513	39.1195	39.1015	39.1337	38.9828	38.9967	39.1651	39.0508	39.2731	39.2709	39.0946	39.0854	39.1181	39.1774	39.2945	39.1543	39.2811	39.368	39.3861	39.2366	39.3959	39.2894	39.3482	39.4021	39.3198	39.3054	39.365	39.3843	39.4057	39.4015	39.2923	39.3527	39.3369	39.3521	39.3341	39.1667	39.3081	39.257	39.42	39.3004	39.3785	39.332	39.2528	39.2994	39.083	39.2861	39.0224	39.1746	38.9951	38.8881	38.8185	38.8969	38.5355	38.7589	38.5033	38.422	38.1033	38.2023	38.0385	38.0044	37.468	37.4266	37.0629	36.8205	36.9104	36.5941	36.1581	36.3102	35.6185	35.7746	35.6402	35.318	34.5518	34.9115	34.4958	34.1291	34.2764	33.4291	33.0832	33.9399	33.0435	33.0924	31.7002	32.8509	32.7048	33.3962	32.0	32.0	31.6751	30.8883	31.7326	32.5099	33.3968
Sin-CPnd_089-Ex1-9E-lcwgs-1-2.clmp.r1r2_fastp	39.5909	39.1064	39.4163	39.4104	39.424	39.4113	39.3618	39.3967	39.4206	39.3989	39.4376	39.2566	39.3814	39.3215	39.389	39.5638	39.6077	39.5631	39.5355	39.5556	39.5957	39.5606	39.5285	39.516	39.5062	39.4397	39.4316	39.4941	39.5291	39.449	39.4372	39.4643	39.4389	39.4335	39.4472	39.481	39.4774	39.4757	39.4892	39.477	39.4708	39.462	39.4319	39.3929	39.3276	39.2066	39.4772	39.3671	39.404	39.3143	39.4006	39.2606	39.1471	39.3432	39.2797	39.1774	39.1569	39.2174	39.1967	39.1904	39.146	39.1993	39.1872	39.2399	39.1444	39.2951	39.2524	39.2115	39.1309	39.1581	39.2478	39.3158	39.3593	39.3699	39.3628	39.3574	39.3673	39.361	39.3591	39.3589	39.3503	39.3657	39.3558	39.3573	39.3349	39.3462	39.3555	39.3518	39.3322	39.3338	39.3312	39.3297	39.3382	39.3168	39.3174	39.3149	39.3119	39.2706	39.2746	39.294	39.2537	39.215	39.132	39.1045	39.0458	38.9254	38.8369	38.7953	38.7021	38.6405	38.5377	38.4034	38.3292	38.2265	38.0633	37.9112	37.6946	37.5698	37.3528	37.2394	37.0466	36.8013	36.6048	36.3967	36.1892	35.8866	35.7778	35.5045	35.3585	35.2615	34.9772	34.7237	34.5708	34.4182	34.2094	34.0021	33.8628	33.721	33.4667	33.1559	32.9705	32.972	32.8875	32.5377	32.5915	32.4518	32.3906	32.196	32.4076	34.2057
Sin-CPnd_090-Ex1-12F-lcwgs-1-2.clmp.r1r2_fastp	39.6167	39.095	39.4538	39.4316	39.4974	39.4655	39.3971	39.4365	39.4457	39.4235	39.4749	39.285	39.4227	39.3679	39.4331	39.6053	39.6464	39.5961	39.576	39.5921	39.6282	39.5958	39.5736	39.5567	39.5315	39.4975	39.4828	39.5425	39.5631	39.5117	39.4817	39.5176	39.4935	39.4909	39.4982	39.5166	39.4929	39.4975	39.5325	39.5277	39.5141	39.4989	39.4467	39.4464	39.4009	39.2566	39.5229	39.4234	39.4435	39.3694	39.4589	39.3113	39.1954	39.3973	39.327	39.2356	39.217	39.2705	39.2433	39.245	39.2165	39.2426	39.2548	39.288	39.2121	39.3518	39.2991	39.2368	39.184	39.2066	39.2762	39.3531	39.3829	39.4011	39.3956	39.3965	39.3985	39.3981	39.3895	39.3912	39.3871	39.3876	39.3838	39.3834	39.3852	39.3798	39.3807	39.3698	39.3696	39.3828	39.3681	39.3607	39.3595	39.3558	39.3504	39.3423	39.3383	39.3217	39.3124	39.3021	39.262	39.2321	39.1886	39.1252	39.0807	38.9846	38.9102	38.8583	38.7915	38.7145	38.6181	38.5207	38.4004	38.2913	38.1654	38.0148	37.7881	37.6538	37.4725	37.3168	37.1615	36.952	36.7267	36.5433	36.2948	36.0395	35.9205	35.6065	35.5088	35.3671	35.1478	34.916	34.7231	34.6146	34.3694	34.2704	34.0536	33.9153	33.7233	33.3776	33.2311	33.2188	33.1143	32.8967	32.8304	32.6574	32.5372	32.4755	32.609	34.3648
Sin-CPnd_092-Ex1-11F-lcwgs-1-2.clmp.r1r2_fastp	39.5719	39.0433	39.402	39.4027	39.463	39.4226	39.3509	39.3856	39.4255	39.3859	39.4276	39.2813	39.3629	39.3155	39.3832	39.5795	39.6236	39.5716	39.5343	39.5685	39.5916	39.5721	39.5456	39.5435	39.531	39.4639	39.4539	39.5063	39.5431	39.4831	39.4404	39.4902	39.4563	39.4676	39.4772	39.4841	39.4818	39.4892	39.5223	39.5021	39.4937	39.4686	39.4543	39.4282	39.3672	39.2259	39.4936	39.3804	39.411	39.3608	39.4383	39.3025	39.2035	39.3975	39.3209	39.2277	39.1973	39.2596	39.2398	39.2075	39.1744	39.2329	39.2335	39.2531	39.1909	39.3381	39.2837	39.2269	39.1784	39.1905	39.2508	39.3371	39.366	39.3817	39.4071	39.3846	39.3943	39.4022	39.3857	39.3873	39.3828	39.3775	39.3662	39.3709	39.3641	39.3861	39.366	39.3419	39.3452	39.3533	39.3393	39.339	39.3327	39.3274	39.3231	39.3077	39.3101	39.3222	39.2575	39.27	39.2199	39.1945	39.1263	39.0397	39.0252	38.8733	38.7719	38.7658	38.6765	38.5598	38.4375	38.3507	38.2313	38.0666	37.8949	37.6668	37.4827	37.3022	37.0544	36.9697	36.758	36.4415	36.1359	36.0247	35.6876	35.4725	35.2522	34.9549	34.8843	34.7061	34.3875	34.1634	33.9806	33.8355	33.6394	33.3722	33.0973	33.0477	32.8002	32.4857	32.2789	32.4223	32.1242	31.8635	31.6732	31.7361	31.5263	31.5363	31.6807	33.8192
Sin-CPnd_093-Ex1-10C-lcwgs-1-2.clmp.r1r2_fastp	39.6034	39.0827	39.395	39.4242	39.4599	39.4453	39.3537	39.4056	39.4289	39.3838	39.441	39.2772	39.3903	39.3466	39.398	39.5994	39.6244	39.5866	39.5577	39.5691	39.6125	39.5752	39.5477	39.5416	39.5382	39.472	39.4663	39.5151	39.5455	39.4952	39.477	39.5095	39.4677	39.4739	39.4781	39.5007	39.497	39.4986	39.5216	39.5161	39.5082	39.4835	39.4657	39.4235	39.4001	39.2704	39.5162	39.408	39.4497	39.3672	39.4499	39.3087	39.201	39.3957	39.3181	39.2374	39.2073	39.2509	39.2408	39.2374	39.2138	39.2385	39.2403	39.2883	39.2002	39.3495	39.2663	39.2521	39.174	39.2031	39.2661	39.349	39.3743	39.4042	39.4046	39.4098	39.3994	39.4043	39.4046	39.397	39.3837	39.4046	39.3829	39.3968	39.3883	39.3681	39.3982	39.3724	39.3602	39.384	39.361	39.3771	39.3741	39.3503	39.3447	39.3661	39.3707	39.3327	39.2949	39.2919	39.2737	39.2209	39.1752	39.1336	39.05	38.97	38.8805	38.8381	38.7824	38.6775	38.5639	38.4551	38.3347	38.2645	38.0821	37.9211	37.6885	37.5208	37.3532	37.1304	36.9698	36.7406	36.4995	36.2998	36.0592	35.7661	35.6191	35.3089	35.2468	35.0952	34.8041	34.615	34.3741	34.2857	33.962	33.8407	33.6181	33.4641	33.2579	32.9346	32.7851	32.7776	32.6493	32.3959	32.347	32.1507	32.041	32.0071	32.1976	34.0128
Sin-CPnd_094-Ex1-3H-lcwgs-1-2.clmp.r1r2_fastp	39.5868	39.0174	39.4275	39.3963	39.4482	39.3898	39.3103	39.3839	39.3952	39.3729	39.4275	39.2397	39.3682	39.3066	39.3702	39.5817	39.625	39.5758	39.5429	39.5749	39.6098	39.5843	39.5421	39.52	39.5121	39.4727	39.4544	39.5261	39.5363	39.4954	39.4684	39.5081	39.4737	39.4684	39.4826	39.493	39.4852	39.4938	39.5287	39.5203	39.5039	39.4959	39.446	39.4344	39.3878	39.2301	39.5125	39.4098	39.4437	39.3585	39.4472	39.3207	39.2052	39.3923	39.3197	39.2327	39.203	39.2565	39.2407	39.2413	39.2071	39.2342	39.2437	39.2833	39.2062	39.3505	39.2968	39.2318	39.1737	39.205	39.2717	39.3447	39.3882	39.4043	39.3904	39.3952	39.3988	39.3967	39.3935	39.3949	39.3942	39.3896	39.3827	39.3837	39.3868	39.3749	39.3891	39.3714	39.3716	39.3869	39.3771	39.3649	39.3583	39.3576	39.3508	39.3402	39.3446	39.3205	39.3122	39.3144	39.2697	39.2469	39.1987	39.1372	39.0706	38.97	38.8948	38.8329	38.7578	38.6874	38.5814	38.473	38.3394	38.2002	38.0772	37.9069	37.6645	37.5197	37.3119	37.1511	36.9651	36.7111	36.4938	36.2745	36.014	35.7351	35.6017	35.2604	35.1178	34.9751	34.7183	34.4528	34.2425	34.1085	33.8781	33.7377	33.5007	33.3529	33.1385	32.7861	32.6121	32.6109	32.4902	32.2679	32.1862	32.0352	31.8731	31.8728	32.0228	34.015
Sin-CPnd_095-Ex1-2B-lcwgs-1-2.clmp.r1r2_fastp	39.6586	39.1827	39.4503	39.4513	39.4844	39.4585	39.4129	39.4369	39.4657	39.4238	39.4781	39.3031	39.4266	39.3702	39.4328	39.5822	39.627	39.5795	39.5392	39.5616	39.6158	39.5814	39.5504	39.5269	39.5219	39.4693	39.4515	39.4997	39.5286	39.4836	39.4515	39.4878	39.4616	39.4337	39.4455	39.4589	39.4888	39.4575	39.479	39.4588	39.4642	39.4186	39.43	39.4073	39.3329	39.1953	39.4456	39.3172	39.3513	39.2801	39.344	39.2082	39.1232	39.292	39.251	39.1268	39.1176	39.1596	39.1733	39.1501	39.1327	39.1301	39.1592	39.207	39.1036	39.2504	39.2128	39.1672	39.1005	39.1231	39.1833	39.2688	39.3027	39.3453	39.3094	39.3282	39.3197	39.2975	39.311	39.3213	39.3357	39.3196	39.3187	39.3164	39.3091	39.3122	39.323	39.3108	39.3277	39.316	39.3158	39.2836	39.3236	39.3062	39.2595	39.257	39.2837	39.2621	39.2597	39.2391	39.2355	39.1867	39.1025	39.0798	39.0105	38.9098	38.8463	38.8295	38.7441	38.6456	38.5923	38.4504	38.3432	38.2223	38.0604	37.9868	37.7602	37.5455	37.2934	37.2107	37.1314	36.8692	36.6268	36.356	36.2477	35.9744	35.7841	35.5097	35.3966	35.3212	35.0142	34.863	34.6293	34.4965	34.119	34.0997	33.8783	33.7934	33.6011	33.1362	33.1065	33.0832	32.9564	32.7658	32.7634	32.6171	32.4915	32.4007	32.5037	34.3494
Undetermined.clmp.r1r2_fastp	39.346	38.4196	38.6271	38.586	38.8127	38.7903	38.6446	38.7397	38.8421	38.7754	38.8791	38.6269	38.7832	38.715	38.8209	39.0727	39.1684	39.078	39.0225	39.0649	39.1619	39.0922	39.0495	39.0268	39.0203	38.7966	38.7923	38.8681	38.9289	38.8118	38.7901	38.8439	38.7992	38.8048	38.8267	38.8454	38.8558	38.8823	38.904	38.8898	38.8715	38.8605	38.8248	38.8104	38.6716	38.5141	38.9284	38.7442	38.8235	38.6932	38.8308	38.6406	38.5118	38.7781	38.653	38.5529	38.4961	38.5423	38.5312	38.5215	38.4754	38.5259	38.5376	38.5958	38.4771	38.7291	38.6564	38.5741	38.5078	38.5416	38.6422	38.7576	38.815	38.8512	38.8502	38.8458	38.8561	38.8558	38.8401	38.8549	38.8481	38.8455	38.8355	38.8432	38.8423	38.848	38.8534	38.8416	38.8351	38.8397	38.8327	38.8198	38.8237	38.8066	38.7926	38.7803	38.7783	38.748	38.7244	38.7114	38.66	38.6023	38.5147	38.4185	38.3349	38.1894	38.0831	38.0172	37.9279	37.8242	37.698	37.5756	37.4282	37.299	37.1446	36.9719	36.7475	36.6124	36.4088	36.261	36.093	35.8664	35.6325	35.4649	35.1939	34.9507	34.8575	34.5645	34.4674	34.3269	34.0989	33.8679	33.6873	33.5942	33.3721	33.248	33.0681	32.9246	32.7085	32.361	32.1986	32.1895	32.078	31.8389	31.7574	31.5784	31.4153	31.4067	31.6894	33.812
