Sample	1	2	3	4	5	6	7	8	9	10	11	12	13	14	15	16	17	18	19	20	21	22	23	24	25	26	27	28	29	30	31	32	33	34	35	36	37	38	39	40	41	42	43	44	45	46	47	48	49	50	51	52	53	54	55	56	57	58	59	60	61	62	63	64	65	66	67	68	69	70	71	72	73	74	75	76	77	78	79	80	81	82	83	84	85	86	87	88	89	90	91	92	93	94	95	96	97	98	99	100	101	102	103	104	105	106	107	108	109	110	111	112	113	114	115	116	117	118	119	120	121	122	123	124	125	126	127	128	129	130	131	132	133	134	135	136	137	138	139	140	141	142	143	144	145	146	147	148	149	150
Sin-APnd_001-Ex1-6G-lcwgs-1-2.clmp.r1r2_fastp	1.8922e-05	0.0876531	0.00478096	0.05811739999999999	2.04989e-05	0.0	0.0	0.000700115	0.0948482	0.0	0.00010407099999999999	0.0981517	0.0	0.0	0.0	0.0	0.0	3.1536699999999996e-06	0.0	7.88417e-06	0.0	0.0	3.1536699999999996e-06	0.000879874	0.177815	0.0	0.128652	0.00101233	8.04186e-05	0.0	0.000137185	0.00011353200000000001	2.04989e-05	0.000446959	0.000145578	0.000329876	0.186142	0.253802	9.926519999999999e-05	7.07292e-05	0.0005037899999999999	3.40796e-05	0.23974	8.21034e-06	2.14934e-05	0.000286515	8.39708e-06	3.38839e-06	3.24944e-05	5.1826999999999995e-06	0.0	5.828729999999999e-05	1.2513699999999998e-05	0.000401917	8.43946e-05	9.302020000000001e-06	0.0	0.0	0.000469075	9.89035e-06	0.000146827	0.00019234000000000002	0.00040817	0.0	0.004697450000000001	0.000262123	0.0	0.0	0.0009528360000000001	9.086450000000001e-05	0.00011485000000000001	0.0	0.0005621259999999999	0.0	6.15568e-05	0.00024393600000000002	0.000249932	3.74211e-05	0.0	0.0	0.0496837	4.14565e-05	2.9471200000000003e-05	1.34554e-05	0.0	0.000284397	0.000639899	0.0	0.0	0.00013562100000000002	0.0	2.54078e-05	0.000130994	0.00275144	0.0	0.0	0.0	0.0	0.0	0.0	1.12776e-05	0.0003904	3.0114800000000002e-05	0.000193091	0.00025130599999999997	0.0	1.3807099999999999e-05	0.0	0.000495852	3.06554e-05	7.93678e-06	0.000131574	0.000246992	0.000167646	0.0	2.8443200000000002e-05	1.9664800000000002e-05	0.0	0.0	0.094599	0.0	0.0	0.0	0.0	0.0	1.36517e-05	0.000155916	1.47178e-05	0.0	0.0	0.0970967	0.0	0.0	0.000166155	0.0	7.97331e-05	0.0856572	0.147052	8.98009e-05	0.0	2.43606e-05	0.000203293	0.0002644	0.0	0.000114478	0.0007170589999999999	3.12774e-05	0.0	0.0617609	0.0
Sin-APnd_002-Ex1-3G-lcwgs-1-2.clmp.r1r2_fastp	2.0028e-05	0.0868814	0.00461311	0.057940900000000004	1.3352e-05	3.338e-06	0.0	0.000570797	0.0901559	0.0	8.34499e-05	0.0944686	0.0	0.0	0.0	0.0	0.0	0.0	0.0	1.0014e-05	0.0	0.0	0.0	0.000684289	0.15963	0.0	0.112006	0.0007644010000000001	7.34359e-05	0.0	8.67879e-05	6.34219e-05	1.3352e-05	0.000270995	0.000137536	0.000262473	0.15986799999999998	0.216193	3.06672e-05	6.16475e-05	0.00042707499999999996	2.42565e-05	0.208617	3.5136800000000002e-06	0.0	0.000174989	3.6033999999999997e-06	3.6380599999999997e-06	2.20515e-05	7.4299e-06	0.0	1.9012399999999998e-05	1.15517e-05	0.00034724399999999997	3.56019e-05	8.02602e-06	0.0	0.0	0.00036579	0.0	9.56909e-05	0.00012839900000000002	0.00030664	0.0	0.0038235499999999998	0.00022470900000000002	0.0	0.0	0.0007692630000000001	0.00011460300000000001	0.00013858	5.45612e-06	0.000519707	0.0	4.69621e-05	0.000222786	0.00019153800000000002	2.5376400000000003e-05	0.0	0.0	0.0461339	3.5422e-05	5.83269e-05	7.506139999999999e-06	0.0	0.000231071	0.0006407299999999999	0.0	0.0	0.000126356	0.0	1.92643e-05	5.97545e-05	0.00259559	0.0	0.0	0.0	0.0	0.0	0.0	0.0	0.000245956	2.8349699999999997e-05	0.00013239	0.000183241	0.0	0.0	0.0	0.000284635	5.54667e-05	3.84473e-05	9.995820000000001e-05	0.000228728	0.00021629800000000002	0.0	4.68351e-05	0.0	0.0	0.0	0.0918829	0.0	0.0	0.0	0.0	0.0	0.0	0.00029253600000000003	3.8111499999999996e-05	0.0	0.0	0.0944802	0.0	0.0	4.8851000000000004e-05	0.0	5.30878e-05	0.0850718	0.142216	6.0307400000000005e-05	6.29502e-05	0.0	6.875740000000001e-05	0.000645897	0.0	0.00015628000000000001	0.000409023	0.0	0.0	0.06632450000000001	0.0
Sin-APnd_003-Ex1-3H-lcwgs-1-2.clmp.r1r2_fastp	2.56487e-05	0.0874673	0.00479119	0.05855609999999999	1.36793e-05	0.0	0.0	0.000559143	0.0934674	0.0	9.233550000000001e-05	0.0966684	0.0	1.70992e-06	0.0	0.0	0.0	1.70992e-06	0.0	5.12975e-06	0.0	0.0	1.70992e-06	0.000860088	0.170236	0.0	0.120366	0.0009130949999999999	7.35264e-05	0.0	0.000123114	8.37859e-05	1.53892e-05	0.000441771	0.000159507	0.000302449	0.17491900000000002	0.241785	8.488650000000001e-05	4.51946e-05	0.000479818	4.20494e-05	0.229143	7.076440000000001e-06	1.60114e-05	0.00023090100000000002	7.20713e-06	0.0	2.19425e-05	7.3742e-06	0.0	2.4399600000000003e-05	1.51621e-05	0.000356166	6.58129e-05	1.17464e-05	0.0	2.0055e-06	0.00039204800000000004	8.23382e-06	0.000110602	0.00018413499999999998	0.000382269	0.0	0.00446136	0.000218225	0.0	0.0	0.000870896	9.15405e-05	8.586470000000001e-05	0.0	0.000621568	0.0	4.2391e-05	0.000164928	0.00022634100000000002	3.3829300000000005e-05	0.0	0.0	0.049025299999999994	3.08072e-05	3.78354e-05	1.2912100000000001e-05	0.0	0.00032526800000000003	0.00070856	0.0	0.0	0.00011253700000000001	0.0	2.7697599999999997e-05	0.000142325	0.00271303	0.0	0.0	0.0	0.0	0.0	0.0	3.0744e-05	0.00035913	2.17806e-05	0.00016848900000000002	0.000162246	0.0	0.0	0.0	0.00046763999999999996	2.72155e-05	7.0295400000000005e-06	7.99157e-05	0.00034543000000000003	0.00025619099999999996	0.0	4.98162e-05	2.57639e-05	0.0	0.0	0.0964747	0.0	0.0	0.0	1.09003e-05	0.0	2.33739e-05	0.000217887	1.25397e-05	0.0	0.0	0.100973	0.0	0.0	0.00012399	0.0	8.32378e-05	0.0840591	0.150771	1.85836e-05	0.0	6.01483e-05	0.000250196	0.000346171	2.24495e-05	9.32722e-05	0.0006801579999999999	2.53721e-05	2.67271e-05	0.0607274	0.0
Sin-APnd_004-Ex1-4A-lcwgs-1-2.clmp.r1r2_fastp	1.1353e-05	0.08985889999999999	0.00488462	0.0617375	5.67649e-06	0.0	0.0	0.000613061	0.0967672	0.0	0.000119206	0.09997149999999999	0.0	0.0	0.0	8.51474e-06	0.0	0.0	0.0	1.1353e-05	0.0	0.0	0.0	0.000984871	0.177473	0.0	0.12896400000000002	0.000990548	7.66326e-05	0.0	0.00014475099999999998	0.000130559	2.5544200000000002e-05	0.000523583	0.000202644	0.000329375	0.183424	0.250349	9.877249999999999e-05	7.59678e-05	0.0005469120000000001	3.55296e-05	0.23720899999999998	1.20316e-05	2.73135e-05	0.00033398499999999997	6.191270000000001e-06	3.1295000000000003e-06	5.0649600000000004e-05	2.2429400000000002e-05	0.0	4.93338e-05	6.669990000000001e-06	0.000382374	7.55791e-05	1.396e-05	0.0	0.0	0.000473595	3.73763e-06	0.000137055	0.00019007	0.000430991	0.0	0.00448082	0.000289874	0.0	0.0	0.0009550470000000001	0.000128408	0.000103235	0.0	0.0005212789999999999	0.0	6.19143e-05	0.000206215	0.000200568	1.11202e-05	0.0	0.0	0.0501886	4.31941e-05	3.16846e-05	1.95271e-05	0.0	0.00028199	0.000813552	0.0	0.0	0.00017737799999999998	0.0	4.0902500000000004e-05	0.000101182	0.00282458	0.0	0.0	0.0	0.0	0.0	0.0	1.08188e-05	0.0005471009999999999	2.30539e-05	8.334e-05	0.00015993300000000002	0.0	0.0	0.0	0.000590877	1.45479e-05	0.0	6.22571e-05	0.000370238	0.00014988	0.0	8.91536e-05	0.0	0.0	0.0	0.0923381	0.0	0.0	0.0	0.0	0.0	0.0	0.00020760600000000002	0.0	0.0	2.8821099999999998e-05	0.0997839	0.0	0.0	3.30969e-05	0.0	0.00021290100000000001	0.0863933	0.147332	0.000158161	0.0	4.2546499999999997e-05	0.00022097799999999998	0.00041230199999999997	9.4924e-05	4.9233599999999996e-05	0.0007174120000000001	5.3483099999999996e-05	0.0	0.05751629999999999	0.0
Sin-APnd_005-Ex1-4B-lcwgs-1-2.clmp.r1r2_fastp	3.10279e-05	0.0877257	0.00449905	0.0593565	2.3271e-05	0.0	0.0	0.000572078	0.09129	0.0	8.920529999999999e-05	0.0970341	0.0	1.93925e-06	0.0	0.0	0.0	3.87849e-06	0.0	3.87849e-06	0.0	0.0	0.0	0.000818362	0.164853	0.0	0.118556	0.000884296	8.338760000000001e-05	0.0	0.000110537	0.000104719	2.5210199999999998e-05	0.00044931500000000004	0.00017373	0.000327349	0.17005	0.229177	0.000115617	6.22138e-05	0.000489264	3.05698e-05	0.22065600000000002	1.03757e-05	2.5155699999999997e-05	0.000199198	6.4306299999999994e-06	2.16962e-06	2.85657e-05	6.68066e-06	0.0	4.8117799999999995e-05	9.30526e-06	0.000380471	6.4858e-05	0.0	0.0	0.0	0.000435728	2.62761e-06	0.00013129	0.000229594	0.000393308	0.0	0.00434706	0.00024089	0.0	0.0	0.0009015070000000001	6.524829999999999e-05	0.000130365	0.0	0.0005128540000000001	0.0	4.06658e-05	0.000144218	0.000253345	5.20628e-05	0.0	0.0	0.0469824	2.6884999999999998e-05	4.61235e-05	4.74913e-06	0.0	0.00027230399999999996	0.0007590209999999999	0.0	0.0	0.000119896	0.0	4.86947e-05	0.000113203	0.0021837799999999997	0.0	0.0	0.0	0.0	0.0	7.97078e-06	0.0	0.000324724	1.77033e-05	0.000137581	0.000142623	0.0	0.0	0.0	0.000395956	1.14089e-05	0.0	0.000135109	0.00021662800000000001	0.000105801	0.0	5.70026e-05	0.0	0.0	0.0	0.0954976	0.0	0.0	0.0	0.0	0.0	0.0	0.000107511	0.0	0.0	0.0	0.094953	0.0	0.0	0.00011187299999999999	0.0	6.0290699999999995e-05	0.08646910000000001	0.141325	3.3819199999999996e-05	0.0	7.31189e-05	0.00015219	0.000237105	4.1032199999999997e-05	0.000170621	0.000489023	0.00013933	0.0	0.0639137	0.0
Sin-APnd_006-Ex1-4C-lcwgs-1-2.clmp.r1r2_fastp	2.3398200000000002e-05	0.0877848	0.00467704	0.05983959999999999	3.11976e-05	0.0	0.0	0.000595354	0.0943493	0.0	0.00012739	0.09542039999999999	0.0	0.0	0.0	0.0	0.0	0.0	0.0	1.03992e-05	0.0	0.0	5.1996e-06	0.0009931229999999998	0.17216099999999998	0.0	0.12401599999999999	0.000935928	9.0993e-05	0.0	0.00012479	0.00012739	2.3398200000000002e-05	0.0004763	0.000140743	0.00033155799999999997	0.186361	0.258455	9.20296e-05	6.33022e-05	0.000563799	3.45487e-05	0.241572	8.050139999999999e-06	2.9687e-05	0.000228153	5.47054e-06	5.51286e-06	3.05786e-05	1.1222e-05	0.0	2.0045e-05	2.89616e-06	0.000378154	7.12581e-05	9.028169999999999e-06	0.0	0.0	0.000468805	6.39492e-06	0.000146322	0.00022168	0.000485104	0.0	0.00487356	0.000285501	0.0	0.0	0.00111742	0.000143768	7.552020000000001e-05	0.0	0.000662212	0.0	5.24548e-05	0.000250977	0.000294178	3.3015199999999995e-05	4.841750000000001e-06	0.0	0.052344800000000004	7.34879e-05	3.77733e-05	5.54921e-06	0.0	0.000446522	0.000756136	1.2459600000000002e-05	0.0	0.000145539	0.0	4.22053e-05	0.00014516599999999999	0.0033328499999999996	0.0	0.0	0.0	0.0	0.0	0.0	0.0	0.000301475	3.01692e-05	0.000270446	0.000312066	0.0	0.0	0.0	0.000432149	6.39088e-05	2.6469700000000002e-05	0.000178159	0.000297985	0.00023511	0.0	3.15349e-05	1.63331e-05	0.0	0.0	0.102509	0.0	0.0	0.0	0.0	0.0	2.2405e-05	0.00020897	0.0	0.0	0.0	0.115058	0.0	0.0	0.00020854	0.0	3.2014499999999996e-05	0.0864268	0.16802799999999998	0.000178681	0.0	3.85285e-05	0.00020030000000000002	0.00024939200000000003	4.31233e-05	8.95719e-05	0.000839301	0.000194716	0.0	0.0589123	0.0
Sin-APnd_007-Ex1-4D-lcwgs-1-2.clmp.r1r2_fastp	3.0330000000000003e-05	0.0869387	0.0045213300000000005	0.0578479	1.9497799999999998e-05	0.0	0.0	0.000593601	0.0882234	0.0	6.71592e-05	0.0920645	0.0	0.0	0.0	2.16643e-06	0.0	2.16643e-06	0.0	8.66571e-06	0.0	0.0	6.499279999999999e-06	0.000862238	0.158032	0.0	0.11440199999999999	0.00095756	6.06599e-05	0.0	9.96556e-05	9.96556e-05	3.0330000000000003e-05	0.000369008	0.000167533	0.000340371	0.165053	0.22146700000000002	7.06514e-05	5.76933e-05	0.00039719	2.46982e-05	0.214759	2.27792e-06	1.83752e-05	0.000261889	1.17008e-05	2.36454e-06	3.8253399999999995e-05	1.45148e-05	0.0	4.2187499999999995e-05	5.03195e-06	0.000347115	8.29082e-05	1.31584e-05	0.0	0.0	0.00040672200000000004	5.63259e-06	0.00013480099999999999	0.00017240500000000001	0.000354419	0.0	0.004198690000000001	0.00024038000000000003	0.0	0.0	0.000859942	0.000124125	7.75837e-05	0.0	0.000539189	0.0	6.97008e-05	0.000178523	0.000178891	4.1688e-05	0.0	0.0	0.0471407	7.39242e-05	7.59046e-05	9.745130000000001e-06	0.0	0.000370522	0.000767228	5.44227e-06	0.0	9.221509999999999e-05	0.0	3.05513e-05	5.66575e-05	0.0025107	0.0	0.0	0.0	0.0	0.0	0.0	8.076690000000001e-06	0.000316928	4.30726e-05	0.000151313	0.00024841699999999996	0.0	9.83844e-06	0.0	0.000452707	1.08919e-05	1.1271700000000001e-05	0.00016336600000000002	0.000301974	0.00020012999999999997	0.0	4.02667e-05	0.0	0.0	0.0	0.0919193	0.0	0.0	0.0	0.0	0.0	0.0	0.000218997	0.0	0.0	0.0	0.0946906	0.0	0.0	0.000154726	0.0	0.000138964	0.08630349999999999	0.138988	9.357529999999999e-05	0.0	3.37655e-05	0.000140786	7.31767e-05	0.000152099	0.0	0.00070198	4.32022e-05	0.0	0.062279900000000006	0.0
Sin-APnd_008-Ex1-4E-lcwgs-1-2.clmp.r1r2_fastp	2.80264e-05	0.0880073	0.00469981	0.058732599999999996	8.62351e-06	4.31176e-06	0.0	0.000571308	0.0951475	0.0	0.000125041	0.099248	0.0	0.0	0.0	0.0	0.0	2.15588e-06	0.0	1.2935300000000001e-05	0.0	0.0	0.0	0.000985236	0.175894	0.0	0.12782	0.00107794	0.00011210599999999999	0.0	0.00010995	0.000129353	2.80264e-05	0.000470784	0.00016879	0.000366603	0.184727	0.253317	0.000103002	8.14389e-05	0.000524188	4.22516e-05	0.24074800000000002	2.25222e-06	2.94958e-05	0.000263034	2.30739e-06	1.1646e-05	3.52939e-05	4.75703e-06	0.0	3.89652e-05	2.46662e-06	0.00041498599999999995	6.591560000000001e-05	7.71754e-06	0.0	0.0	0.00047996700000000003	0.0	0.000167381	0.00019874299999999998	0.000459672	0.0	0.004835010000000001	0.00031827099999999996	0.0	0.0	0.00105393	9.30188e-05	0.000115408	1.04074e-05	0.000585151	0.0	5.9350599999999994e-05	0.000220147	0.000275846	3.1825999999999996e-05	0.0	0.0	0.0507118	2.19319e-05	3.5985399999999996e-05	0.0	0.0	0.000403325	0.000853178	0.0	0.0	0.000135238	0.0	5.1445599999999994e-05	6.46748e-05	0.0025521	0.0	0.0	0.0	0.0	0.0	0.0	0.0	0.000396811	2.3579e-05	0.000153866	0.00015857300000000001	0.0	0.0	0.0	0.000462511	6.81438e-05	4.01615e-05	0.000176074	0.00020298200000000002	0.000231407	0.0	2.3459e-05	7.26237e-05	0.0	0.0	0.0968327	0.0	0.0	0.0	0.0	0.0	0.0	0.000165672	0.0	0.0	0.0	0.10166800000000001	0.0	0.0	0.000165901	0.0	4.42207e-05	0.0859982	0.146979	2.44238e-05	0.0	0.0	0.00021676199999999998	0.00022409699999999998	2.89543e-05	2.9966000000000004e-05	0.00046650799999999997	0.0	0.0	0.0587911	0.0
Sin-APnd_009-Ex1-4F-lcwgs-1-2.clmp.r1r2_fastp	2.0128199999999998e-05	0.0862418	0.0044282	0.0577554	1.25801e-05	2.51603e-06	0.0	0.000523333	0.0910751	0.0	8.55449e-05	0.09599390000000001	0.0	0.0	0.0	5.0320499999999995e-06	0.0	0.0	0.0	1.50962e-05	0.0	0.0	0.0	0.000752292	0.163693	0.0	0.11872600000000001	0.0009007370000000001	6.79327e-05	0.0	0.00011825300000000001	9.30929e-05	1.76122e-05	0.000385717	0.000166777	0.000271128	0.172188	0.23315599999999997	6.15037e-05	6.179e-05	0.000502049	3.38338e-05	0.22401600000000002	0.0	2.12584e-05	0.000262591	8.110880000000001e-06	0.0	2.48251e-05	8.36732e-06	0.0	3.4289e-05	2.89514e-06	0.000366914	5.360540000000001e-05	9.06993e-06	0.0	0.0	0.000314381	3.2319300000000003e-06	7.898889999999999e-05	0.000157605	0.00041363599999999994	0.0	0.00414643	0.000192643	0.0	0.0	0.000901247	0.00010336500000000001	8.14179e-05	0.0	0.000448727	0.0	4.94282e-05	0.00020287799999999998	0.000236645	1.4583100000000001e-05	0.0	0.0	0.048732199999999996	2.7140099999999998e-05	3.90929e-05	5.747940000000001e-06	0.0	0.000304883	0.0008420700000000001	0.0	0.0	0.00013100200000000002	0.0	2.20404e-05	0.000113847	0.00244658	0.0	0.0	0.0	0.0	0.0	0.0	1.98793e-05	0.00032929899999999997	2.13162e-05	5.52071e-05	0.000148773	0.0	0.0	0.0	0.00038391399999999996	0.0	0.0	0.000133112	0.000168836	0.00014341200000000002	0.0	5.15448e-05	0.0	0.0	0.0	0.0917955	0.0	0.0	0.0	0.0	0.0	0.0	0.00033987199999999996	2.71862e-05	0.0	0.0	0.0963166	0.0	0.0	0.00030931999999999997	0.0	0.000148811	0.0860381	0.145906	0.000126019	0.0	0.0	0.000285814	0.00019846300000000001	5.16556e-05	0.000107728	0.0007885640000000001	0.000177118	0.0	0.0612176	0.0
Sin-APnd_010-Ex1-4G-lcwgs-1-2.clmp.r1r2_fastp	2.01e-05	0.0876239	0.00479586	0.058706	1.809e-05	2.0100000000000002e-06	0.0	0.0005728500000000001	0.0911454	0.0	8.240990000000001e-05	0.096088	0.0	0.0	0.0	0.0	0.0	0.0	0.0	4.0200000000000005e-06	0.0	0.0	0.0	0.000958769	0.16532	0.0	0.119892	0.00100098	9.64799e-05	0.0	0.00011055	9.64799e-05	2.814e-05	0.00038264399999999996	0.000147355	0.000325859	0.173654	0.235206	0.00010230100000000001	6.5764e-05	0.000448154	4.1527100000000004e-05	0.22745500000000002	4.20428e-06	2.3286499999999998e-05	0.000283707	6.45183e-06	0.0	2.84643e-05	1.10559e-05	0.0	2.03285e-05	1.14239e-05	0.000363048	6.79074e-05	7.11772e-06	0.0	0.0	0.00045801399999999997	2.5135899999999997e-06	0.000137877	0.000171255	0.00037988400000000004	0.0	0.00445419	0.000269751	0.0	0.0	0.000842184	0.00010814699999999999	7.97202e-05	0.0	0.00048608099999999997	0.0	5.3439799999999996e-05	0.00021176599999999998	0.00022713000000000003	3.57635e-05	0.0	0.0	0.049034299999999996	5.5135499999999994e-05	4.44154e-05	2.4846700000000004e-05	0.0	0.000331438	0.000747849	0.0	0.0	0.00016520199999999998	0.0	2.5697099999999998e-05	8.99253e-05	0.00231416	0.0	0.0	0.0	0.0	0.0	0.0	0.0	0.00041595499999999997	7.15117e-06	0.000154976	0.000251405	0.0	0.0	0.0	0.000477246	1.79345e-05	9.26863e-06	0.000134163	0.000227814	0.000143379	0.0	3.28716e-05	1.1335900000000001e-05	0.0	0.0	0.09393449999999999	0.0	0.0	0.0	0.0	0.0	0.0	0.000175649	3.3080599999999996e-05	0.0	0.0	0.0955495	0.0	0.0	0.000122646	0.0	0.000131758	0.0871777	0.142621	9.8107e-05	0.0	0.0	0.000192661	0.000257172	0.0	3.08103e-05	0.000674556	0.000134269	0.0	0.060921300000000005	0.0
Sin-APnd_011-Ex1-4H-lcwgs-1-2.clmp.r1r2_fastp	1.9915200000000002e-05	0.0870928	0.00479594	0.058786099999999994	1.26733e-05	1.8104699999999999e-06	0.0	0.000659012	0.09365219999999999	0.0	0.000124923	0.09862370000000001	0.0	0.0	0.0	0.0	0.0	1.8104699999999999e-06	0.0	1.8104699999999999e-06	0.0	0.0	3.6209499999999996e-06	0.0009160999999999999	0.17171599999999998	0.0	0.124394	0.000988518	9.59551e-05	0.0	0.000135786	0.000119491	1.9915200000000002e-05	0.00044105	0.000172936	0.00035800999999999997	0.177393	0.241347	9.07387e-05	8.00721e-05	0.00046276000000000005	4.52655e-05	0.230051	1.915e-06	1.1589999999999999e-05	0.000224225	1.3785300000000002e-05	5.9710999999999995e-06	3.62342e-05	1.0186e-05	0.0	5.0168600000000006e-05	4.23867e-06	0.00038268700000000004	6.76517e-05	4.43298e-06	0.0	0.0	0.00042871900000000004	9.48587e-06	0.000120744	0.000204188	0.000373577	0.0	0.00457227	0.000242282	0.0	0.0	0.000897339	8.71156e-05	0.00010100300000000001	6.080769999999999e-06	0.000494912	0.0	6.20391e-05	0.00022419199999999998	0.00024698	2.46255e-05	3.60889e-06	0.0	0.0474684	5.0745e-05	3.20734e-05	0.0	0.0	0.00033514199999999997	0.000608794	0.0	0.0	0.000107335	0.0	3.62199e-05	9.06279e-05	0.00266436	0.0	0.0	0.0	0.0	0.0	0.0	6.816779999999999e-06	0.000428981	2.17701e-05	0.00015729	0.000154664	0.0	0.0	0.0	0.000501846	1.8190599999999998e-05	2.81893e-05	0.00013591799999999998	0.00022064199999999998	0.000176135	0.0	1.10624e-05	1.14333e-05	0.0	0.0	0.0930066	0.0	0.0	0.0	0.0	0.0	0.0	0.000237622	0.0	0.0	0.0	0.0999938	0.0	0.0	0.00025892199999999997	0.0	0.000148783	0.0828127	0.14802	4.69899e-05	0.0	0.0	0.000312659	0.000323312	0.00011135800000000001	5.7602299999999996e-05	0.000687191	6.2133e-05	0.0	0.0605435	0.0
Sin-APnd_012-Ex1-5A-lcwgs-1-2.clmp.r1r2_fastp	4.01111e-05	0.0898389	0.0049497099999999995	0.0607623	1.805e-05	2.00556e-06	0.0	0.000693923	0.0961323	0.0	0.00010428899999999999	0.0986694	0.0	2.00556e-06	0.0	2.00556e-06	0.0	2.00556e-06	0.0	1.40389e-05	0.0	0.0	2.00556e-06	0.00101281	0.17917	0.0	0.129192	0.0010428899999999999	9.626670000000001e-05	0.0	0.000138383	0.000140389	3.20889e-05	0.0004941370000000001	0.000165019	0.00038118099999999997	0.189136	0.261679	0.000116015	6.538259999999999e-05	0.000572526	5.5673299999999994e-05	0.24385700000000002	4.17094e-06	3.77886e-05	0.000264339	6.3946e-06	4.29974e-06	3.90565e-05	1.97227e-05	0.0	5.822859999999999e-05	4.532180000000001e-06	0.000442813	7.670479999999999e-05	4.71246e-06	0.0	2.4251e-06	0.000507211	2.50109e-06	0.000122006	0.000268753	0.00044680500000000004	0.0	0.0048563899999999995	0.000293893	0.0	0.0	0.00103068	0.000104838	9.476080000000001e-05	3.1205799999999997e-06	0.000704188	0.0	5.3205200000000003e-05	0.000237929	0.000288452	1.7773e-05	0.0	0.0	0.0526065	5.07207e-05	5.1952e-05	1.2282899999999999e-05	0.0	0.000314095	0.0007723150000000001	0.0	0.0	0.000162264	0.0	3.02144e-05	0.00016046700000000002	0.0030281699999999997	0.0	0.0	0.0	0.0	0.0	0.0	6.51566e-06	0.000483193	4.14881e-05	0.000128289	0.000220432	0.0	7.82037e-06	0.0	0.000483123	1.71952e-05	1.77516e-05	0.000110008	0.00025559	0.000166194	0.0	5.21727e-05	1.0783399999999999e-05	0.0	0.0	0.10138199999999999	0.0	0.0	0.0	0.0	0.0	1.4532599999999999e-05	0.000360995	0.0	0.0	0.0	0.11091300000000001	0.0	0.0	0.00015341	0.0	8.229670000000001e-05	0.0854603	0.157305	6.88851e-05	0.0	2.47651e-05	0.000360644	0.00018717499999999998	8.321270000000001e-05	8.643540000000001e-05	0.000570662	0.000188365	0.0	0.05978	0.0
Sin-APnd_013-Ex1-5B-lcwgs-1-2.clmp.r1r2_fastp	2.0897900000000002e-05	0.0872093	0.0047298900000000005	0.060534300000000006	1.62539e-05	2.32199e-06	0.0	0.000601395	0.09259859999999999	0.0	0.00010449	0.096957	0.0	2.32199e-06	0.0	4.64398e-06	0.0	0.0	0.0	4.64398e-06	0.0	0.0	0.0	0.0009032539999999999	0.16858599999999999	0.0	0.12197899999999999	0.000979879	0.000102168	0.0	0.00011609899999999999	0.000111455	3.25078e-05	0.000507306	0.000170331	0.000337064	0.176379	0.23609400000000003	0.00011862299999999999	8.351039999999999e-05	0.000523471	3.8693100000000004e-05	0.22399999999999998	1.2293300000000001e-05	9.929359999999999e-06	0.000205683	0.0	7.70284e-06	2.6011600000000004e-05	1.31863e-05	0.0	2.7175199999999997e-05	0.0	0.00037360599999999996	4.57451e-05	1.7474e-05	0.0	0.0	0.00042323299999999996	0.0	0.000122454	0.000253613	0.000434477	0.0	0.00464149	0.000263699	0.0	0.0	0.0010117499999999998	9.581490000000001e-05	6.5558e-05	0.0	0.000622088	0.0	4.10366e-05	0.000201531	0.00022167400000000002	1.9828700000000002e-05	0.0	0.0	0.049481899999999995	2.7830299999999997e-05	5.15939e-05	1.7716600000000002e-05	0.0	0.000338888	0.000731403	0.0	0.0	0.000120955	0.0	3.0347899999999998e-05	0.00010191999999999999	0.0026655100000000003	0.0	0.0	0.0	0.0	0.0	0.0	0.0	0.000286966	2.20031e-05	0.000148118	0.000247862	0.0	0.0	0.0	0.000395248	2.82583e-05	1.4651300000000001e-05	0.000136775	0.00017334	0.00022885	0.0	3.5196e-05	1.8263099999999998e-05	0.0	0.0	0.0940666	0.0	0.0	0.0	0.0	0.0	0.0	0.000238612	0.0	0.0	0.0	0.09816910000000001	0.0	0.0	0.000173186	0.0	3.74073e-05	0.0875103	0.144041	8.42991e-05	0.0	0.0	0.000190902	0.000297995	0.000103322	0.000161485	0.0007874609999999999	0.000117895	0.0	0.0626068	0.0
Sin-APnd_014-Ex1-5C-lcwgs-1-2.clmp.r1r2_fastp	2.17879e-05	0.087511	0.00486959	0.06089170000000001	2.7234800000000002e-05	2.72348e-06	0.0	0.000689041	0.09485350000000001	0.0	0.000111663	0.09958149999999999	0.0	0.0	0.0	5.44697e-06	0.0	0.0	0.0	1.90644e-05	0.0	0.0	2.72348e-06	0.0010458199999999998	0.17514500000000002	0.0	0.125852	0.00107033	0.00010349199999999999	0.0	0.000149792	0.00012528000000000002	2.7234800000000002e-05	0.00048051400000000003	0.000172519	0.00035728100000000004	0.181529	0.243093	7.81308e-05	8.70577e-05	0.000616614	4.84702e-05	0.231213	2.90438e-06	2.05488e-05	0.000267292	9.0214e-06	6.0947400000000005e-06	4.0181399999999994e-05	3.1378099999999997e-06	0.0	4.21407e-05	0.0	0.000389711	9.929550000000001e-05	1.04767e-05	0.0	0.0	0.00043905200000000005	7.609719999999999e-06	0.000128471	0.000171363	0.000502058	0.0	0.004834	0.000277261	0.0	0.0	0.00108742	0.000117676	9.582219999999999e-05	0.0	0.000630331	0.0	2.83277e-05	0.000192669	0.000258833	3.10396e-05	0.0	0.0	0.0484253	5.63834e-05	5.8240000000000005e-05	7.521e-06	0.0	0.000329622	0.000598892	0.0	0.0	0.000175392	0.0	0.0	0.00011301	0.00259945	0.0	0.0	0.0	0.0	0.0	0.0	0.0	0.00038812899999999997	0.0	0.000155238	0.00020984499999999998	0.0	0.0	0.0	0.000491474	1.9670599999999998e-05	4.09367e-05	8.52266e-05	0.000310417	0.00020767400000000003	0.0	2.50251e-05	0.0	0.0	0.0	0.0946584	0.0	0.0	0.0	0.0	0.0	0.0	0.000312368	0.0	0.0	0.0	0.0967534	0.0	0.0	0.000104124	0.0	5.6556200000000006e-05	0.09212419999999999	0.14826399999999998	6.42491e-05	0.0	0.0	0.000585821	0.000305485	7.962090000000001e-05	8.315900000000001e-05	0.0009579090000000001	9.14169e-05	0.0	0.0645192	0.0
Sin-APnd_015-Ex1-5D-lcwgs-1-2.clmp.r1r2_fastp	2.7653099999999998e-05	0.0886311	0.0047563399999999995	0.059952	1.93572e-05	0.0	0.0	0.000647083	0.0925274	0.0	0.000107847	0.09432760000000001	0.0	2.7653100000000003e-06	0.0	2.7653100000000003e-06	0.0	2.7653100000000003e-06	0.0	1.38266e-05	0.0	0.0	2.7653100000000003e-06	0.0008655430000000001	0.17344299999999999	0.0	0.126353	0.0009485030000000001	8.57247e-05	0.0	0.000124439	9.40207e-05	1.93572e-05	0.000520749	0.000205393	0.000364488	0.183017	0.24775399999999997	0.000120899	9.88509e-05	0.000573433	5.1392e-05	0.232717	5.78844e-06	2.91731e-05	0.000258985	2.97132e-06	9.00633e-06	1.82143e-05	9.216209999999999e-06	0.0	4.73014e-05	1.5991699999999998e-05	0.000389578	8.244449999999999e-05	6.7049200000000005e-06	0.0	0.0	0.000516229	3.60387e-06	0.00015068999999999998	0.000187524	0.00045185799999999997	0.0	0.00472671	0.000278142	0.0	0.0	0.00120352	0.000135088	0.000124692	0.0	0.000627552	0.0	4.10625e-05	0.000179382	0.000303867	6.14112e-05	0.0	0.0	0.0491522	5.65244e-05	5.17829e-05	1.33472e-05	0.0	0.00039790100000000004	0.00066018	7.576e-06	0.0	0.000161776	0.0	1.72982e-05	0.00013426	0.00288135	0.0	0.0	0.0	0.0	0.0	0.0	2.37813e-05	0.000320616	1.2790700000000001e-05	0.00011944900000000001	0.00015153699999999998	0.0	1.48563e-05	0.0	0.000400682	4.9941599999999996e-05	1.72959e-05	0.000161819	0.000355017	0.00033016400000000003	0.0	6.29936e-05	2.18386e-05	0.0	0.0	0.09772680000000002	0.0	0.0	0.0	0.0	0.0	0.0	0.00022649	0.0	0.0	0.0	0.0990436	0.0	0.0	8.57127e-05	0.0	4.65142e-05	0.0854496	0.15362699999999999	0.0	0.0	0.00011499100000000001	0.000180229	0.000125313	0.0	0.000136406	0.000499821	0.000149931	0.0	0.0616704	0.0
Sin-APnd_016-Ex1-5E-lcwgs-1-2.clmp.r1r2_fastp	3.26064e-05	0.0892787	0.00484581	0.061392800000000004	2.25736e-05	5.0163600000000005e-06	0.0	0.0005793899999999999	0.09477920000000001	0.0	0.000117885	0.0999134	0.0	5.0163600000000005e-06	0.0	2.5081800000000003e-06	0.0	2.5081800000000003e-06	0.0	1.25409e-05	0.0	0.0	0.0	0.000978191	0.176315	0.0	0.127932	0.000953109	0.000115376	0.0	0.00011036	0.000125409	2.00655e-05	0.000518195	0.000194375	0.00036247600000000003	0.181199	0.243617	0.000139272	7.79392e-05	0.0006338489999999999	5.2856300000000004e-05	0.22905999999999999	0.0	2.18448e-05	0.00021021499999999998	1.1217499999999999e-05	2.84586e-06	2.60159e-05	1.1755e-05	0.0	5.48091e-05	3.10312e-06	0.000370291	9.69091e-05	9.89767e-06	0.0	0.0	0.000472882	1.80661e-05	0.00011474400000000001	0.000185871	0.000482223	0.0	0.00454059	0.000248067	0.0	0.0	0.00109137	0.000117431	0.000101516	4.97657e-06	0.000620028	0.0	4.35023e-05	0.000201773	0.000317838	2.3843e-05	0.0	0.0	0.0476229	6.09011e-05	2.79568e-05	2.16607e-05	0.0	0.000331832	0.000550708	0.0	0.0	0.00011499899999999999	0.0	1.89721e-05	0.000147438	0.00283193	0.0	0.0	0.0	0.0	0.0	0.0	0.0	0.000396212	4.25426e-05	0.000103078	0.00026001100000000004	0.0	0.0	0.0	0.000553489	3.71184e-05	1.92949e-05	4.01307e-05	0.000333728	0.000151803	0.0	4.69218e-05	0.0	0.0	0.0	0.0962654	0.0	0.0	0.0	0.0	0.0	0.0	0.000288844	3.75809e-05	0.0	0.0	0.0996689	0.0	0.0	0.000143131	0.0	0.000155041	0.0858763	0.14504	0.00011696500000000002	0.0	0.0	0.00019919599999999998	0.000276599	0.000143937	0.0	0.000627978	0.0	0.0	0.060654700000000006	0.0
Sin-APnd_017-Ex1-5F-lcwgs-1-2.clmp.r1r2_fastp	2.39901e-05	0.0878727	0.00477403	0.0601582	2.6988900000000002e-05	0.0	0.0	0.0006117469999999999	0.09449099999999999	0.0	0.000125948	0.0995709	0.0	0.0	0.0	2.99876e-06	0.0	0.0	0.0	8.99628e-06	0.0	0.0	0.0	0.0009086249999999999	0.175754	0.0	0.12748600000000002	0.0009566049999999999	0.00011994999999999999	0.0	0.000101958	0.000158934	1.7992599999999998e-05	0.000462864	0.000162755	0.00034473399999999997	0.18254700000000001	0.24729700000000002	9.81338e-05	8.32962e-05	0.0005497189999999999	4.38063e-05	0.23353	3.18373e-06	6.4315e-06	0.000208077	9.86982e-06	0.0	2.7019800000000002e-05	1.02792e-05	0.0	5.65611e-05	3.59484e-06	0.000365851	4.47091e-05	3.79697e-06	0.0	0.0	0.000439785	0.0	0.000134848	0.00027581	0.000454187	0.0	0.00450828	0.00025118199999999997	0.0	0.0	0.0009314820000000001	0.000126142	0.00011339700000000001	0.0	0.000564842	0.0	4.82862e-05	0.000198767	0.00019184499999999998	2.63474e-05	0.0	0.0	0.0487992	7.43505e-05	6.135770000000001e-05	7.91377e-06	0.0	0.00029518	0.000696933	0.0	0.0	0.000105831	0.0	3.08756e-05	0.000149139	0.0027127	0.0	0.0	0.0	0.0	0.0	0.0	0.0	0.000293259	7.60203e-05	0.000126164	0.000294542	0.0	0.0	0.0	0.000379995	0.0	4.09713e-05	8.51024e-05	0.00019881699999999998	0.00025234	0.0	2.47567e-05	0.0	0.0	0.0	0.0977106	0.0	0.0	0.0	0.0	0.0	0.0	0.000150937	0.0	0.0	0.0	0.102542	0.0	0.0	9.915679999999999e-05	0.0	0.000160898	0.08576429999999999	0.14332699999999998	6.05409e-05	0.0	0.0	0.00027458500000000004	0.000142947	0.00014877	0.0	0.000810801	8.492680000000001e-05	0.0	0.0614855	0.0
Sin-APnd_018-Ex1-5G-lcwgs-1-2.clmp.r1r2_fastp	2.9117e-05	0.0860435	0.00465289	0.059628600000000004	1.74702e-05	2.9117e-06	0.0	0.0006085439999999999	0.0891532	0.0	9.31743e-05	0.0940536	0.0	0.0	0.0	0.0	0.0	2.9117e-06	0.0	1.16468e-05	0.0	0.0	0.0	0.0008589499999999999	0.161052	0.0	0.11519499999999999	0.0008589499999999999	7.86158e-05	0.0	9.899770000000001e-05	9.02626e-05	2.9117e-05	0.00045805600000000003	0.00016085600000000002	0.000316775	0.169637	0.22850700000000002	0.000133611	6.86461e-05	0.0005043490000000001	3.9282899999999996e-05	0.217954	6.13659e-06	2.167e-05	0.000253203	9.4773e-06	6.39025e-06	2.5874800000000002e-05	6.5538100000000005e-06	0.0	4.04607e-05	6.84851e-06	0.000414144	4.60174e-05	1.08099e-05	0.0	0.0	0.000496119	7.79052e-06	0.000131275	0.000239841	0.000374081	0.0	0.00450108	0.00024971	0.0	0.0	0.000846446	0.000108619	7.60627e-05	0.0	0.000610729	0.0	9.07123e-05	0.00016925000000000002	0.00028251899999999996	1.85826e-05	6.385510000000001e-06	0.0	0.0485309	4.90741e-05	2.1713e-05	7.47372e-06	0.0	0.00029533	0.000874876	0.0	0.0	0.000146361	0.0	9.81726e-06	7.12387e-05	0.00257471	0.0	0.0	0.0	0.0	0.0	0.0	1.37279e-05	0.000328103	1.48272e-05	0.00016958200000000002	0.00019239400000000003	0.0	0.0	0.0	0.0005263889999999999	3.91377e-05	0.0	8.48802e-05	0.000198853	0.000138079	0.0	2.4978600000000002e-05	2.6025999999999998e-05	0.0	0.0	0.094751	0.0	0.0	0.0	0.0	0.0	0.0	0.00039309900000000005	4.09961e-05	0.0	0.0	0.0967701	0.0	0.0	5.27153e-05	0.0	0.000114687	0.0899726	0.14432	0.000130625	0.0	0.0	0.000224318	0.000156193	0.0	0.000170397	0.000714796	0.000187901	0.0	0.0632035	0.0
Sin-APnd_019-Ex1-5H-lcwgs-1-2.clmp.r1r2_fastp	2.89092e-05	0.0882476	0.0050061	0.06072369999999999	2.4091e-05	7.2272899999999995e-06	0.0	0.000681774	0.0945498	0.0	0.00013009099999999998	0.09780209999999999	0.0	0.0	0.0	0.0	0.0	2.4091e-06	0.0	7.2272899999999995e-06	0.0	0.0	2.4091e-06	0.0009732749999999999	0.174404	0.0	0.127817	0.00105518	0.000122864	0.0	0.000163819	0.000122864	1.68637e-05	0.000567156	0.000164468	0.000419501	0.185165	0.252334	9.07031e-05	6.40342e-05	0.00058427	6.97251e-05	0.237133	0.0	1.78129e-05	0.000277245	2.59168e-06	2.6185e-06	3.44206e-05	1.8755e-05	0.0	3.02486e-05	5.57786e-06	0.000421761	8.33706e-05	5.8435300000000004e-06	0.0	0.0	0.000443345	3.1366200000000003e-06	9.59226e-05	0.000280448	0.000515762	0.0	0.00487265	0.000244801	0.0	0.0	0.0012012	0.000116799	0.000119675	8.17924e-06	0.000612342	0.0	3.97414e-05	0.000240284	0.000293374	3.8287e-05	4.92026e-06	0.0	0.0505355	5.8937e-05	2.75766e-05	0.0	0.0	0.000313568	0.000659073	0.0	0.0	0.00010929800000000001	0.0	4.3714499999999996e-05	0.000128005	0.00281702	0.0	0.0	0.0	0.0	0.0	0.0	0.0	0.000337911	4.24205e-05	0.00023075100000000001	0.00022778099999999998	0.0	0.0	0.0	0.000461328	6.836860000000001e-05	0.0	0.00013253400000000002	0.000305579	0.000301333	0.0	8.545889999999999e-05	1.77495e-05	0.0	0.0	0.0927501	0.0	0.0	0.0	0.0	0.0	0.0	0.00033670499999999997	2.69213e-05	0.0	0.0	0.100516	0.0	0.0	6.7945e-05	0.0	0.000183688	0.086739	0.151508	8.29717e-05	0.0	4.51004e-05	0.000376705	0.00019621799999999998	0.0	0.0	0.00044586699999999996	5.8462e-05	0.0	0.060237	0.0
Sin-APnd_020-Ex1-6A-lcwgs-1-2.clmp.r1r2_fastp	2.96872e-05	0.0925372	0.00526524	0.06406919999999999	1.90846e-05	0.0	0.0	0.0007421799999999999	0.10153199999999998	0.0	0.000131472	0.104601	0.0	0.0	0.0	4.241029999999999e-06	0.0	4.241029999999999e-06	0.0	2.54462e-05	0.0	0.0	6.36155e-06	0.0011408400000000002	0.193221	0.0	0.142507	0.00123202	0.000103905	0.0	0.000135713	0.0001654	2.54462e-05	0.000509942	0.000227888	0.00038015200000000003	0.197698	0.27298700000000004	8.6427e-05	8.90219e-05	0.0007859589999999999	6.150659999999999e-05	0.25345900000000005	2.22838e-06	2.9213e-05	0.00028575000000000003	9.162530000000001e-06	4.63081e-06	2.8110100000000004e-05	7.11554e-06	4.80733e-06	5.1195899999999995e-05	4.94897e-06	0.000492662	7.410130000000001e-05	1.55972e-05	0.0	0.0	0.0005248739999999999	5.6055299999999995e-06	0.000151604	0.000257009	0.000635445	0.0	0.00523872	0.000315907	0.0	0.0	0.00135802	0.00013711099999999998	7.9319e-05	7.398810000000001e-06	0.000683428	0.0	6.80523e-05	0.000234423	0.00032965399999999997	1.30362e-05	0.0	0.0	0.0523377	8.27656e-05	5.01159e-05	0.0	0.0	0.0004001	0.000853379	0.0	0.0	0.000142771	0.0	4.63266e-05	0.000150462	0.00318791	0.0	0.0	0.0	0.0	0.0	0.0	1.79396e-05	0.000334138	9.608180000000001e-06	0.000169179	0.00025779899999999996	0.0	0.0	0.0	0.000369767	3.7109799999999995e-05	1.2831299999999999e-05	5.32666e-05	0.000290103	0.00014329099999999998	0.0	4.6306999999999996e-05	0.0	0.0	0.0	0.0958003	0.0	0.0	0.0	0.0	0.0	2.24098e-05	0.00023294800000000002	2.4224700000000002e-05	0.0	0.0	0.103769	0.0	0.0	9.16168e-05	0.0	3.30273e-05	0.0842016	0.14851	0.000149388	0.0	0.0	0.00012703900000000001	0.000176429	9.17485e-05	4.78058e-05	0.000650113	5.24478e-05	0.0	0.0627149	0.0
Sin-APnd_021-Ex1-6B-lcwgs-1-2.clmp.r1r2_fastp	1.10719e-05	0.0885668	0.0048135	0.060375	1.38399e-05	0.0	0.0	0.000595114	0.0942633	0.0	0.000135631	0.0976097	0.0	0.0	0.0	0.0	0.0	8.30391e-06	0.0	0.0	0.0	0.0	0.0	0.0009521820000000001	0.172655	0.0	0.124537	0.000993702	9.6879e-05	0.0	9.6879e-05	0.000138399	2.7679700000000002e-05	0.000427123	0.000175141	0.000345661	0.180144	0.247189	0.000104281	7.360859999999999e-05	0.00046660900000000004	4.00503e-05	0.23418100000000003	1.15867e-05	1.167e-05	0.00025579300000000004	0.0	8.97281e-06	2.7173200000000003e-05	9.14873e-06	3.08208e-06	3.1164800000000004e-05	3.1531699999999997e-06	0.00044050500000000005	8.08301e-05	1.31068e-05	0.0	0.0	0.000417377	0.0	0.000151766	0.000225996	0.00038295999999999995	0.0	0.0046637200000000005	0.000269179	0.0	0.0	0.00105031	0.000103805	8.05031e-05	0.0	0.00054321	0.0	5.5314200000000007e-05	0.000164906	0.000231269	3.45035e-05	5.04465e-06	0.0	0.0507132	4.87493e-05	3.8848100000000005e-05	0.0	0.0	0.000329109	0.00095184	0.0	0.0	0.00011304400000000001	0.0	4.21351e-05	8.66715e-05	0.0027262000000000002	0.0	0.0	0.0	0.0	0.0	0.0	9.11874e-06	0.000366381	0.0	0.000169686	0.00019561400000000001	0.0	0.0	0.0	0.00053791	1.20731e-05	3.74014e-05	5.15128e-05	0.00037243	0.00023360499999999998	0.0	4.40404e-05	0.0	0.0	0.0	0.0987218	0.0	0.0	0.0	0.0	0.0	0.0	0.00012742800000000001	0.0	0.0	0.0	0.10108999999999999	0.0	0.0	0.000135747	0.0	8.74663e-05	0.0844963	0.14594000000000001	3.2611e-05	0.0	3.52157e-05	0.0002564	0.00015211600000000002	7.89134e-05	4.10074e-05	0.000641231	0.000134095	0.0	0.0613713	0.0
Sin-APnd_022-Ex1-6C-lcwgs-1-2.clmp.r1r2_fastp	6.143250000000001e-06	0.08832770000000001	0.0046504400000000005	0.0596756	3.68595e-05	0.0	0.0	0.00047917399999999996	0.0883215	0.0	7.3719e-05	0.0940409	0.0	0.0	0.0	0.0	0.0	0.0	0.0	2.4573000000000003e-05	0.0	0.0	0.0	0.0009092009999999999	0.161488	0.0	0.11694299999999999	0.0008784849999999999	5.5289300000000006e-05	0.0	0.000122865	7.98623e-05	1.2286500000000002e-05	0.000473866	0.000160351	0.000340067	0.170707	0.230642	9.99995e-05	9.41752e-05	0.0005174309999999999	3.17294e-05	0.224208	6.429259999999999e-06	1.29564e-05	0.000248224	0.0	0.0	1.3445599999999999e-05	2.03902e-05	0.0	6.26498e-05	0.0	0.000478957	5.8008800000000006e-05	0.0	0.0	0.0	0.000401577	0.0	0.00010395800000000001	0.00019544599999999997	0.000423124	0.0	0.00416635	0.000202487	0.0	0.0	0.00087297	0.00011517299999999999	6.87306e-05	0.0	0.000576164	0.0	2.1592e-05	0.000221327	0.00021561699999999998	4.65634e-05	0.0	0.0	0.048771300000000004	7.76222e-05	5.31747e-05	1.36624e-05	0.0	0.00024571	0.000669398	0.0	0.0	9.754419999999999e-05	0.0	1.72772e-05	3.5648e-05	0.0021519399999999998	0.0	0.0	0.0	0.0	0.0	0.0	0.0	0.000190734	0.0	2.54952e-05	0.00031659	0.0	0.0	0.0	0.000394073	0.0	0.0	0.000101058	0.00020928600000000002	0.000289054	0.0	3.88e-05	4.02177e-05	0.0	0.0	0.0908628	0.0	0.0	0.0	0.0	0.0	0.0	0.000171975	0.0	0.0	0.0	0.10072099999999999	0.0	0.0	0.00029495599999999997	0.0	7.92427e-05	0.0874669	0.146936	0.000177148	0.0	0.0	0.000297845	0.00010294	0.0	0.0	0.0009222439999999999	0.0	0.0	0.0577112	0.0
Sin-APnd_023-Ex1-6D-lcwgs-1-2.clmp.r1r2_fastp	1.54547e-05	0.09332789999999999	0.00523606	0.0639083	1.54547e-05	0.0	0.0	0.000828372	0.10159900000000001	0.0	0.000139092	0.102078	0.0	3.0909399999999998e-06	0.0	6.1818799999999995e-06	0.0	6.1818799999999995e-06	0.0	1.8545599999999997e-05	0.0	0.0	0.0	0.00112819	0.195888	0.0	0.14463099999999998	0.00114983	0.000148365	0.0	0.000123638	0.00015763799999999998	3.70913e-05	0.000544717	0.000204593	0.000363367	0.21221	0.296393	0.000134616	6.910859999999999e-05	0.000621249	6.968009999999999e-05	0.271921	3.20018e-06	1.9318599999999998e-05	0.000340365	6.53104e-06	3.29189e-06	3.98482e-05	1.676e-05	0.0	5.475769999999999e-05	1.03844e-05	0.000553473	0.000113511	0.0	0.0	0.0	0.000517713	3.80982e-06	0.000154843	0.000267594	0.000492274	0.0	0.00615722	0.00030411	0.0	0.0	0.00133023	0.000164566	0.000102693	4.768899999999999e-06	0.000706654	0.0	8.66179e-05	0.000317967	0.000346762	2.73124e-05	0.0	0.0	0.0581629	0.000102401	4.94142e-05	1.90072e-05	0.0	0.00044061699999999997	0.000953019	0.0	0.0	0.000178585	0.0	1.57376e-05	0.00016191399999999998	0.00390681	0.0	0.0	0.0	0.0	0.0	0.0	0.0	0.000337834	2.17608e-05	0.000190691	0.000219762	0.0	0.0	0.0	0.000458762	4.0581200000000004e-05	1.3959e-05	0.000172876	0.00037169700000000004	0.000245501	0.0	6.54245e-05	3.37777e-05	0.0	0.0	0.106228	0.0	0.0	0.0	0.0	0.0	0.0	0.000303719	0.0	0.0	0.0	0.116325	0.0	0.0	8.87654e-05	0.0	0.000126804	0.08813220000000001	0.169221	0.00010595899999999999	0.0	7.611839999999999e-05	0.00027691	0.000287084	0.0	0.000132356	0.000505425	0.0	0.0	0.06195629999999999	0.0
Sin-APnd_024-Ex1-6E-lcwgs-1-2.clmp.r1r2_fastp	3.1306799999999996e-05	0.0861	0.00447688	0.0582495	2.50455e-05	0.0	0.0	0.000444557	0.08862339999999999	0.0	0.00013148900000000001	0.0941334	0.0	0.0	0.0	1.87841e-05	0.0	0.0	0.0	1.87841e-05	0.0	0.0	0.0	0.0007951929999999999	0.157473	0.0	0.11494000000000001	0.0007701479999999999	0.00011270500000000001	0.0	0.00010644299999999998	8.76591e-05	6.26137e-06	0.000344917	9.42481e-05	0.000270785	0.171457	0.23123200000000002	8.90076e-05	7.66025e-05	0.000493803	5.15692e-05	0.218503	6.52575e-06	1.97195e-05	0.000311427	1.3368499999999999e-05	6.74879e-06	1.3638499999999998e-05	1.37924e-05	0.0	2.82747e-05	0.0	0.00035613	5.1640799999999995e-05	0.0	0.0	0.0	0.00041792099999999997	8.030189999999999e-06	9.82003e-05	0.000141843	0.000408561	0.0	0.00428633	0.000181385	0.0	0.0	0.0008740260000000001	8.95049e-05	9.170579999999999e-05	0.0	0.000449749	0.0	5.63592e-05	0.00021986	0.000178262	3.66348e-05	0.0	0.0	0.0482058	6.83081e-05	5.62473e-05	2.8954199999999998e-05	0.0	0.00026121200000000003	0.000681134	0.0	0.0	8.696270000000001e-05	0.0	1.8540000000000002e-05	0.000134077	0.0026522200000000003	0.0	0.0	0.0	0.0	0.0	0.0	2.51041e-05	0.00023394399999999998	0.0	0.00011154200000000001	0.00026011299999999997	0.0	0.0	0.0	0.00036757799999999997	0.0	0.0	0.000223813	0.000270817	0.000200709	0.0	0.0	4.4885299999999995e-05	0.0	0.0	0.092308	0.0	0.0	0.0	0.0	0.0	0.0	0.00013060399999999998	0.0	0.0	0.0	0.10421199999999999	0.0	0.0	0.00017073900000000002	0.0	0.0	0.0831144	0.153482	0.0	0.000108313	0.0	0.000706623	0.000122511	0.0	0.0	0.000138531	0.0	0.0	0.0584163	0.0
Sin-APnd_025-Ex1-6F-lcwgs-1-2.clmp.r1r2_fastp	3.25397e-05	0.0867768	0.00436357	0.057152699999999994	1.9523799999999998e-05	6.50794e-06	0.0	0.000481587	0.0882867	0.0	8.460319999999999e-05	0.0929594	0.0	0.0	0.0	0.0	0.0	0.0	0.0	3.25397e-06	0.0	0.0	0.0	0.0008102379999999999	0.15759299999999998	0.0	0.112652	0.00080373	8.460319999999999e-05	0.0	0.000110635	0.000123651	1.6269799999999998e-05	0.000368307	0.00015023100000000002	0.000297911	0.166929	0.22324	3.96806e-05	4.3171e-05	0.00045379500000000006	3.69001e-05	0.21728199999999998	1.0191399999999999e-05	1.36889e-05	0.000262203	1.3922500000000001e-05	7.02804e-06	2.48539e-05	0.0	3.6332599999999998e-06	4.41541e-05	1.11878e-05	0.00029504799999999996	5.7592299999999994e-05	7.80071e-06	0.0	0.0	0.00044753500000000004	4.18237e-06	0.000132158	0.000226111	0.000337269	0.0	0.0040336600000000005	0.00022258599999999999	0.0	0.0	0.0008539340000000001	6.772830000000001e-05	6.41175e-05	5.4829000000000005e-06	0.000613537	0.0	2.9703800000000002e-05	0.000268742	0.00021986599999999999	1.93934e-05	6.6555800000000006e-06	0.0	0.0481626	4.3675300000000005e-05	6.00423e-05	7.74142e-06	0.0	0.00019797899999999998	0.000715743	0.0	0.0	9.41233e-05	0.0	4.03173e-05	0.000146135	0.00236806	0.0	0.0	0.0	0.0	0.0	0.0	1.39811e-05	0.000333866	3.01549e-05	0.000125342	0.00017912699999999998	0.0	0.0	0.0	0.000400027	0.0	2.06192e-05	0.00019317200000000003	0.000290453	0.0001163	0.0	5.0470400000000004e-05	2.62904e-05	0.0	0.0	0.0939613	0.0	0.0	0.0	0.0	0.0	0.0	0.000158997	0.0	0.0	0.0	0.0974106	0.0	0.0	0.000106912	0.0	0.00017473800000000002	0.08680750000000001	0.14235599999999998	0.000199583	0.0	7.28631e-05	0.000152726	7.98173e-05	8.33772e-05	8.72255e-05	0.000548818	0.0	0.0	0.0626731	0.0
Sin-CPnd_013-Ex1-4E-lcwgs-1-2.clmp.r1r2_fastp	0.0	0.15737399999999999	0.0	0.044964000000000004	0.0	0.0	0.0	0.0	0.044964000000000004	0.0	0.0	0.11241000000000001	0.0	0.0	0.0	0.0	0.0	0.0	0.0	0.0	0.0	0.0	0.0	0.0	0.134892	0.0	0.067446	0.0	0.0	0.0	0.0	0.0	0.0	0.0	0.0	0.0	0.136271	0.227946	0.0	0.0	0.0	0.0	0.13992500000000002	0.0	0.0	0.0	0.0	0.0	0.0	0.0	0.0	0.0	0.0	0.0	0.0	0.0	0.0	0.0	0.0	0.0	0.0	0.0	0.0	0.0	0.0	0.0	0.0	0.0	0.0	0.0	0.0	0.0	0.0	0.0	0.0	0.0	0.0	0.0	0.0	0.0	0.06453690000000001	0.0	0.0	0.0	0.0	0.0	0.0	0.0	0.0	0.0	0.0	0.0	0.0	0.0	0.0	0.0	0.0	0.0	0.0	0.0	0.0	0.0	0.0	0.0	0.0	0.0	0.0	0.0	0.0	0.0	0.0	0.0	0.0	0.0	0.0	0.0	0.0	0.0	0.0	0.36138400000000004	0.0	0.0	0.0	0.0	0.0	0.0	0.0	0.0	0.0	0.0	0.0	0.0	0.0	0.0	0.0	0.0	0.129702	0.06591960000000001	0.0	0.0	0.0	0.0	0.0	0.0	0.0	0.0	0.0	0.0	0.161551	0.0
Sin-CPnd_015-Ex1-4A-lcwgs-1-2.clmp.r1r2_fastp	0.0	0.0670434	0.0	0.038310500000000004	0.0	0.0	0.0	0.0	0.10535399999999999	0.0	0.0	0.07662100000000001	0.0	0.0	0.0	0.0	0.0	0.0	0.0	0.0	0.0	0.0	0.0	0.0	0.10535399999999999	0.0	0.134087	0.0	0.0	0.0	0.0	0.0	0.0	0.0	0.0	0.0	0.183168	0.183841	0.0	0.0	0.0	0.0	0.128853	0.0	0.0	0.0	0.0	0.0	0.0	0.0	0.0	0.0	0.0	0.0	0.0	0.0	0.0	0.0	0.0	0.0	0.0	0.0	0.0	0.0	0.0	0.0	0.0	0.0	0.0	0.0	0.0	0.0	0.0	0.0	0.0	0.0	0.0	0.0	0.0	0.0	0.11979600000000001	0.0	0.0	0.0	0.0	0.0	0.0	0.0	0.0	0.0	0.0	0.0	0.0	0.0	0.0	0.0	0.0	0.0	0.0	0.0	0.0	0.0	0.0	0.0	0.0	0.0	0.0	0.0	0.0	0.0	0.0	0.0	0.0	0.0	0.0	0.0	0.0	0.0	0.0	0.10419400000000001	0.0	0.0	0.0	0.0	0.0	0.0	0.0	0.0	0.0	0.0	0.091047	0.0	0.0	0.0	0.0	0.0	0.0995685	0.168748	0.0	0.0	0.0	0.0	0.0	0.0	0.0	0.0	0.0	0.0	0.0421408	0.0
Sin-CPnd_018-Ex1-11A-lcwgs-1-2.clmp.r1r2_fastp	0.0	0.08588559999999999	0.00280672	0.056134399999999994	0.0	0.0	0.0	0.000561344	0.06960659999999999	0.0	0.0	0.0729747	0.0	0.0	0.0	0.0	0.0	0.0	0.0	0.0	0.0	0.0	0.0	0.000561344	0.134161	0.0	0.0791495	0.00112269	0.000561344	0.0	0.0	0.0	0.0	0.0	0.00112671	0.0	0.16424	0.21647699999999997	0.0	0.0	0.0	0.0	0.19254000000000002	0.0	0.0	0.0	0.0	0.0	0.0	0.0	0.0	0.0	0.0	0.0	0.0	0.0	0.0	0.0	0.0	0.0	0.0	0.00142458	0.0	0.0	0.00372223	0.0	0.0	0.0	0.000793758	0.0	0.0008207819999999999	0.0	0.000849228	0.0	0.0	0.000894662	0.0	0.0	0.0	0.0	0.0430807	0.0	0.0	0.0	0.0	0.0	0.0	0.0	0.0	0.00116359	0.0	0.0	0.0	0.00125949	0.0	0.0	0.0	0.0	0.0	0.0	0.0	0.0	0.0	0.0	0.0	0.0	0.0	0.0	0.00170282	0.0	0.0	0.0	0.0	0.0	0.0	0.0	0.0	0.0	0.0	0.114295	0.0	0.0	0.0	0.0	0.0	0.0	0.00241593	0.0	0.0	0.0	0.104134	0.0	0.0	0.0	0.0	0.0	0.0729331	0.142666	0.0	0.0	0.0	0.0	0.0	0.0	0.0	0.00348456	0.0	0.0	0.0743873	0.0
Sin-CPnd_019-Ex1-1H-lcwgs-1-2.clmp.r1r2_fastp	0.0	0.0894124	0.0019437500000000002	0.0816374	0.0	0.0	0.0	0.0	0.11856900000000001	0.0	0.0	0.0777499	0.0	0.0	0.0	0.0	0.0	0.0	0.0	0.0	0.0	0.0	0.0	0.0	0.153556	0.0	0.0719187	0.0	0.0	0.0	0.0	0.0	0.0	0.0	0.0	0.0	0.172238	0.149075	0.0	0.0	0.0	0.0	0.18532200000000001	0.0	0.0	0.0	0.0	0.0	0.0	0.0	0.0	0.0	0.0	0.0	0.0	0.0	0.0	0.0	0.0	0.0	0.0	0.0	0.0	0.0	0.00238669	0.0	0.0	0.0	0.0	0.0	0.0	0.0	0.0	0.0	0.0	0.0	0.0	0.0	0.0	0.0	0.0424912	0.0	0.0	0.0	0.0	0.0	0.0	0.0	0.0	0.0	0.0	0.0	0.0	0.0	0.0	0.0	0.0	0.0	0.0	0.0	0.0	0.0	0.0	0.0	0.0	0.0	0.0	0.0	0.0	0.0	0.0	0.0	0.0	0.0	0.0	0.0	0.0	0.0	0.0	0.0671041	0.0	0.0	0.0	0.0	0.0	0.0	0.0	0.0	0.0	0.0	0.10187399999999999	0.0	0.0	0.0	0.0	0.0	0.0729838	0.176034	0.0	0.0	0.0	0.0	0.0	0.0	0.0	0.0	0.0	0.0	0.0	0.0
Sin-CPnd_020-Ex1-12E-lcwgs-1-2.clmp.r1r2_fastp	0.0	0.0896082	0.00278575	0.058965000000000004	0.0	0.0	0.0	0.0	0.0891439	0.0	0.0	0.08403669999999999	0.0	0.0	0.0	0.0	0.0	0.0	0.0	0.0	0.0	0.0	0.0	0.0009285830000000001	0.14114500000000002	0.0	0.0933226	0.0	0.0	0.0	0.0	0.0	0.0	0.0	0.0	0.0	0.142311	0.199548	0.0	0.0	0.0	0.0	0.193757	0.0	0.0	0.0	0.0	0.0	0.0	0.0	0.0	0.0	0.0	0.0	0.0	0.0	0.0	0.0	0.00110516	0.0	0.0	0.0	0.0	0.0	0.005360650000000001	0.0	0.0	0.0	0.0	0.0	0.0	0.0	0.0013400900000000002	0.0	0.0	0.0014050500000000001	0.0	0.0	0.0	0.0	0.0343315	0.0	0.0	0.0	0.0	0.0	0.000848493	0.0	0.0	0.0	0.0	0.0	0.000949839	0.00193661	0.0	0.0	0.0	0.0	0.0	0.0	0.0	0.0	0.00115501	0.0	0.0	0.0	0.0	0.0	0.0	0.0	0.0	0.0	0.00141876	0.0	0.0	0.0	0.0	0.0	0.0	0.0901418	0.0	0.0	0.0	0.0	0.0	0.0	0.0	0.0	0.0	0.0	0.105612	0.0	0.0	0.0	0.0	0.0	0.11784700000000001	0.139759	0.0	0.0	0.0	0.0	0.0	0.0	0.0	0.0	0.0	0.0	0.0846933	0.0
Sin-CPnd_021-Ex1-3D-lcwgs-1-2.clmp.r1r2_fastp	0.0	0.10209900000000001	0.0	0.0567215	0.0	0.0	0.0	0.0	0.0567215	0.0	0.0	0.17016399999999998	0.0	0.0	0.0	0.0	0.0	0.0	0.0	0.0	0.0	0.0	0.0	0.0	0.12478700000000001	0.0	0.0794101	0.0	0.0	0.0	0.0	0.0	0.0	0.0113701	0.0	0.0	0.11556699999999999	0.174723	0.0	0.0	0.0	0.0	0.10947599999999999	0.0	0.0	0.0	0.0	0.0	0.0	0.0	0.0	0.0	0.0	0.0	0.0	0.0	0.0	0.0	0.0	0.0	0.0	0.0	0.0	0.0	0.0	0.0	0.0	0.0	0.0	0.0	0.0	0.0	0.0212089	0.0	0.0	0.0	0.0	0.0	0.0	0.0	0.025400100000000002	0.0	0.0	0.0	0.0	0.0	0.0	0.0	0.0	0.0	0.0	0.0	0.0	0.0	0.0	0.0	0.0	0.0	0.0	0.0	0.0	0.0	0.0	0.0	0.0	0.0	0.0	0.0	0.0	0.0	0.0	0.0	0.0	0.0	0.0	0.0	0.0	0.0	0.0	0.0597372	0.0	0.0	0.0	0.0	0.0	0.0	0.0	0.0	0.0	0.0	0.150263	0.0	0.0	0.0	0.0	0.0	0.0	0.343053	0.0	0.0	0.0	0.0	0.0	0.0	0.0	0.0	0.0	0.0	0.11198200000000001	0.0
Sin-CPnd_022-Ex1-1D-lcwgs-1-2.clmp.r1r2_fastp	0.0	0.0750308	0.00267967	0.0589528	0.0	0.0	0.0	0.0	0.0750308	0.0	0.0	0.131304	0.0	0.0	0.0	0.0	0.0	0.0	0.0	0.0	0.0	0.0	0.0	0.0	0.171499	0.0	0.10450699999999999	0.0	0.0	0.0	0.0	0.0	0.0	0.0	0.0	0.0	0.15324200000000002	0.23957599999999998	0.0	0.0	0.0	0.0	0.228193	0.0	0.0	0.0	0.0	0.0	0.0	0.0	0.0	0.0	0.0	0.0	0.0	0.0	0.0	0.0	0.0	0.0	0.0	0.0	0.0	0.0	0.0	0.0	0.0	0.0	0.0	0.0	0.0	0.0	0.0	0.0	0.0	0.0	0.0	0.0	0.0	0.0	0.0424601	0.0	0.0	0.0	0.0	0.0	0.0	0.0	0.0	0.0	0.0	0.0	0.0	0.00719295	0.0	0.0	0.0	0.0	0.0	0.0	0.0	0.0	0.0	0.0	0.0	0.0	0.0	0.0	0.0	0.0	0.0	0.0	0.0	0.0	0.0	0.0	0.0	0.0	0.0	0.0735835	0.0	0.0	0.0	0.0	0.0	0.0	0.0	0.0	0.0	0.0	0.0932739	0.0	0.0	0.0	0.0	0.0	0.060952	0.128837	0.0	0.0	0.0	0.0	0.0	0.0	0.0	0.0	0.0	0.0	0.0818107	0.0
Sin-CPnd_023-Ex1-12B-lcwgs-1-2.clmp.r1r2_fastp	0.0	0.0885378	0.00232994	0.0471814	0.0	0.0	0.0	0.0	0.0652384	0.0	0.000582486	0.0786356	0.0	0.0	0.0	0.0	0.0	0.0	0.0	0.0	0.0	0.0	0.0	0.0	0.129312	0.0	0.104847	0.000582486	0.000582486	0.0	0.000582486	0.000582486	0.0	0.0	0.0	0.000586944	0.15140699999999999	0.197584	0.0	0.0	0.0	0.0	0.19905499999999998	0.0	0.0	0.0	0.0	0.0	0.0	0.0	0.0	0.0	0.0	0.0	0.0	0.0	0.0	0.0	0.0	0.0	0.0	0.00151931	0.0	0.0	0.00238519	0.0	0.0	0.0	0.0	0.000864678	0.0	0.0	0.000913626	0.0	0.0	0.0	0.0	0.0	0.0	0.0	0.0436811	0.00108724	0.0	0.0	0.0	0.0	0.0	0.0	0.0	0.0	0.0	0.0	0.0	0.00140001	0.0	0.0	0.0	0.0	0.0	0.0	0.0	0.0	0.0	0.0	0.0017806299999999998	0.0	0.0	0.0	0.0	0.0	0.0	0.0	0.0	0.0	0.0	0.0	0.0	0.0	0.0	0.086683	0.0	0.0	0.0	0.0	0.0	0.0	0.0	0.0	0.0	0.0	0.0907526	0.0	0.0	0.0	0.0	0.0	0.0993824	0.11600899999999999	0.0	0.0	0.0	0.0	0.0	0.0	0.0	0.0	0.0	0.0	0.130052	0.0
Sin-CPnd_024-Ex1-12C-lcwgs-1-2.clmp.r1r2_fastp	0.0	0.0866408	0.00393822	0.055135	0.0	0.0	0.0	0.000787643	0.0740385	0.0	0.0	0.0834902	0.0	0.0	0.0	0.0	0.0	0.0	0.0	0.0	0.0	0.0	0.0	0.0	0.138625	0.0	0.0827026	0.0	0.0	0.0	0.0	0.0	0.0	0.0	0.0	0.0	0.142597	0.18727	0.0	0.0	0.0	0.0	0.20210499999999998	0.0	0.0	0.0	0.0	0.0	0.0	0.0	0.0	0.0	0.0	0.0	0.0	0.0	0.0	0.0	0.0	0.0	0.0	0.0	0.0	0.0	0.00110445	0.0	0.0	0.0	0.00118973	0.0	0.0	0.0	0.0012870199999999998	0.0	0.0	0.0	0.0	0.0	0.0	0.0	0.0564196	0.0	0.0	0.0	0.0	0.0	0.0	0.0	0.0	0.0	0.0	0.0	0.0	0.00204746	0.0	0.0	0.0	0.0	0.0	0.0	0.0	0.0	0.0	0.0	0.0	0.0	0.0	0.0	0.0	0.0	0.0	0.0	0.0	0.0	0.0	0.0	0.0	0.0	0.0	0.07770579999999999	0.0	0.0	0.0	0.0	0.0	0.0	0.0	0.0	0.0	0.0	0.0888847	0.0	0.0	0.0	0.0	0.0	0.0952482	0.11333599999999999	0.0	0.0	0.0	0.0	0.0	0.0	0.0	0.0	0.0	0.0	0.0570491	0.0
Sin-CPnd_025-Ex1-3B-lcwgs-1-2.clmp.r1r2_fastp	0.0	0.0644594	0.00585995	0.0468796	0.0	0.0	0.0	0.0	0.0644594	0.0	0.0	0.0644594	0.0	0.0	0.0	0.0	0.0	0.0	0.0	0.0	0.0	0.0	0.0	0.0	0.117199	0.0	0.0996191	0.0	0.0	0.0	0.0	0.0	0.0	0.0	0.0	0.0	0.12428199999999999	0.2079	0.0	0.0	0.0	0.0	0.200474	0.0	0.0	0.0	0.0	0.0	0.0	0.0	0.0	0.0	0.0	0.0	0.0	0.0	0.0	0.0	0.0	0.0	0.0	0.0	0.0	0.0	0.0	0.0	0.0	0.0	0.0	0.0	0.0	0.0	0.0	0.0	0.0	0.0	0.0	0.0	0.0	0.0	0.0270124	0.0	0.0	0.0	0.0	0.0	0.0	0.0	0.0	0.0	0.0	0.0	0.0	0.0	0.0	0.0	0.0	0.0	0.0	0.0	0.0	0.0	0.0	0.0	0.0	0.0	0.0	0.0	0.0	0.0	0.0	0.0	0.0	0.0	0.0	0.0	0.0	0.0	0.0	0.0314713	0.0	0.0	0.0	0.0	0.0	0.0	0.0	0.0	0.0	0.0	0.128913	0.0	0.0	0.0	0.0	0.0	0.0399441	0.12155600000000001	0.0	0.0	0.0	0.0	0.0	0.0	0.0	0.0	0.0	0.0	0.0504159	0.0
Sin-CPnd_028-Ex1-12H-lcwgs-1-2.clmp.r1r2_fastp	0.0	0.081599	0.00514945	0.0538712	0.0	0.0	0.0	0.000396112	0.0772418	0.0	0.0	0.0930863	0.0	0.0	0.0	0.0	0.0	0.0	0.0	0.0	0.0	0.0	0.0	0.00158445	0.136659	0.0	0.10061200000000001	0.0	0.0	0.0	0.0	0.0	0.0	0.0	0.0	0.0	0.15066000000000002	0.195652	0.0	0.0	0.0	0.0	0.193668	0.0	0.0	0.0008326459999999999	0.0	0.0	0.0	0.0	0.0	0.0	0.0	0.00044235799999999995	0.0	0.0	0.0	0.0	0.0	0.0	0.0	0.0	0.0	0.0	0.00394361	0.0	0.0	0.0	0.0	0.0	0.0	0.0	0.0	0.0	0.0	0.000562306	0.0	0.0	0.0	0.0	0.038384299999999996	0.0	0.0	0.0	0.0	0.000640804	0.0	0.0	0.0	0.0	0.0	0.0	0.0	0.000713577	0.0	0.0	0.0	0.0	0.0	0.0	0.0	0.0	0.0	0.0	0.0	0.0	0.0	0.0	0.000875388	0.0	0.0	0.0	0.0	0.0	0.0	0.0009614280000000001	0.0	0.0	0.0	0.100439	0.0	0.0	0.0	0.0	0.0	0.0	0.0	0.0	0.0	0.0	0.09028130000000001	0.0	0.0	0.0	0.0	0.0	0.09776539999999999	0.122375	0.0	0.0	0.0	0.0	0.0	0.0	0.0	0.00289733	0.0	0.0	0.0682876	0.0
Sin-CPnd_029-Ex1-4D-lcwgs-1-2.clmp.r1r2_fastp	0.0	0.0948137	0.0	0.0853323	0.0	0.0	0.0	0.0	0.0853323	0.0	0.0	0.113776	0.0	0.0	0.0	0.0	0.0	0.0	0.0	0.0	0.0	0.0	0.0	0.0	0.132739	0.0	0.123258	0.0	0.0	0.0	0.0	0.0	0.0	0.0	0.0	0.0	0.14525	0.253165	0.0	0.0	0.0	0.0	0.195152	0.0	0.0	0.0	0.0	0.0	0.0	0.0	0.0	0.0	0.0	0.0	0.0	0.0	0.0	0.0	0.0	0.0	0.0	0.0	0.0	0.0	0.0	0.0	0.0	0.0	0.0	0.0	0.0	0.0	0.0	0.0	0.0	0.0	0.0	0.0	0.0	0.0	0.0662691	0.0	0.0	0.0	0.0	0.0	0.0	0.0	0.0	0.0	0.0	0.0	0.0	0.0	0.0	0.0	0.0	0.0	0.0	0.0	0.0	0.0	0.0	0.0	0.0	0.0	0.0	0.0	0.0	0.0	0.0	0.0	0.0	0.0	0.0	0.0	0.0	0.0	0.0	0.109529	0.0	0.0	0.0	0.0	0.0	0.0	0.0	0.0	0.0	0.0	0.14144299999999999	0.0	0.0	0.0	0.0	0.0	0.0	0.0823045	0.0	0.0	0.0	0.0	0.0	0.0	0.0	0.0	0.0	0.0	0.0	0.0
Sin-CPnd_031-Ex1-3G-lcwgs-1-2.clmp.r1r2_fastp	0.0	0.0887863	0.0	0.035514500000000004	0.0	0.0	0.0	0.0	0.11542200000000001	0.0	0.0	0.0887863	0.0	0.0	0.0	0.0	0.0	0.0	0.0	0.0	0.0	0.0	0.0	0.0	0.07102900000000001	0.0	0.07102900000000001	0.0	0.0	0.0	0.0	0.0	0.0	0.0	0.0	0.0	0.13459	0.252003	0.0	0.0	0.0	0.0	0.156581	0.0	0.0	0.0	0.0	0.0	0.0	0.0	0.0	0.0	0.0	0.0	0.0	0.0	0.0	0.0	0.0	0.0	0.0	0.0	0.0	0.0	0.0	0.0	0.0	0.0	0.0	0.0	0.0	0.0	0.0	0.0	0.0	0.0	0.0	0.0	0.0	0.0	0.0513875	0.0	0.0	0.0	0.0	0.0	0.0	0.0	0.0	0.0	0.0	0.0	0.0	0.0	0.0	0.0	0.0	0.0	0.0	0.0	0.0	0.0	0.0	0.0	0.0	0.0	0.0	0.0	0.0	0.0	0.0	0.0	0.0	0.0	0.0	0.0	0.0	0.0	0.0	0.126689	0.0	0.0	0.0	0.0	0.0	0.0	0.0	0.0	0.0	0.0	0.173182	0.0	0.0	0.0	0.0	0.0	0.135208	0.16456400000000002	0.0	0.0	0.0	0.0	0.0	0.0	0.0	0.0	0.0	0.0	0.0687049	0.0
Sin-CPnd_032-Ex1-3E-lcwgs-1-2.clmp.r1r2_fastp	0.0	0.0942601	0.004961060000000001	0.0496106	0.0	0.0	0.0	0.0	0.104182	0.0	0.0	0.0992211	0.0	0.0	0.0	0.0	0.0	0.0	0.0	0.0	0.0	0.0	0.0	0.004961060000000001	0.11410400000000001	0.0	0.109143	0.004961060000000001	0.0	0.0	0.0	0.0	0.0	0.0	0.0	0.0	0.159529	0.184732	0.0	0.0	0.00502664	0.0	0.106098	0.0	0.0	0.0	0.0	0.0	0.0	0.0	0.0	0.0	0.0	0.0	0.0	0.0	0.0	0.0	0.0	0.0	0.0	0.0	0.00556174	0.0	0.0	0.0	0.0	0.0	0.0058112500000000004	0.0	0.0	0.0	0.0	0.0	0.0	0.0	0.0	0.0	0.0	0.0	0.0510627	0.0	0.0	0.0	0.0	0.0	0.0	0.0	0.0	0.0	0.0	0.0	0.0	0.0	0.0	0.0	0.0	0.0	0.0	0.0	0.0	0.0	0.0	0.0	0.0	0.0	0.0	0.0	0.0	0.0	0.0	0.0	0.0	0.0	0.0	0.0	0.0	0.0	0.0	0.117005	0.0	0.0	0.0	0.0	0.0	0.0	0.0	0.0	0.0	0.0	0.07913179999999999	0.0	0.0	0.0	0.0	0.0	0.0737463	0.161893	0.0	0.0	0.0	0.0	0.0	0.0	0.0	0.0	0.0	0.0	0.0792644	0.0
Sin-CPnd_033-Ex1-1B-lcwgs-1-2.clmp.r1r2_fastp	0.0	0.0504668	0.0	0.0757002	0.0	0.0	0.0	0.0	0.0504668	0.0	0.0	0.0757002	0.0	0.0	0.0	0.0	0.0	0.0	0.0	0.0	0.0	0.0	0.0	0.0	0.0504668	0.0	0.0504668	0.0	0.0	0.0	0.0	0.0	0.0	0.0	0.0	0.0	0.0767853	0.15467899999999998	0.0	0.0	0.0	0.0	0.134336	0.0	0.0	0.0	0.0	0.0	0.0	0.0	0.0	0.0	0.0	0.0	0.0	0.0	0.0	0.0	0.0	0.0	0.0	0.0	0.0	0.0	0.0	0.0	0.0	0.0	0.0	0.0	0.0	0.0	0.0	0.0	0.0	0.0	0.0	0.0	0.0	0.0	0.0535045	0.0	0.0	0.0	0.0	0.0	0.0	0.0	0.0	0.0	0.0	0.0	0.0	0.0	0.0	0.0	0.0	0.0	0.0	0.0	0.0	0.0	0.0	0.0	0.0	0.0	0.0	0.0	0.0	0.0	0.0	0.0	0.0	0.0	0.0	0.0	0.0	0.0	0.0	0.0	0.0	0.0	0.0	0.0	0.0	0.0	0.0	0.0	0.0	0.0	0.0	0.0	0.0	0.0	0.0	0.0	0.223214	0.22831100000000001	0.0	0.0	0.0	0.0	0.0	0.0	0.0	0.0	0.0	0.0	0.30303	0.0
Sin-CPnd_034-Ex1-3C-lcwgs-1-2.clmp.r1r2_fastp	0.0	0.0621343	0.0	0.0621343	0.0	0.0	0.0	0.0	0.0517786	0.0	0.0	0.0828458	0.0	0.0	0.0	0.0	0.0	0.0	0.0	0.0	0.0	0.0	0.0	0.0	0.160514	0.0	0.11909100000000002	0.0	0.0	0.0	0.0	0.0	0.0	0.0	0.0	0.0	0.18748	0.213954	0.0	0.0	0.0	0.0	0.196182	0.0	0.0	0.0	0.0	0.0	0.0	0.0	0.0	0.0	0.0	0.0	0.0	0.0	0.0	0.0	0.0	0.0	0.0	0.0	0.0	0.0	0.0	0.0	0.0	0.0	0.0	0.0	0.0	0.0	0.0	0.0	0.0	0.0	0.0	0.0	0.0	0.0	0.0373608	0.0	0.0	0.0	0.0	0.0	0.0	0.0	0.0	0.0	0.0	0.0	0.0	0.0	0.0	0.0	0.0	0.0	0.0	0.0	0.0	0.0	0.0	0.0	0.0	0.0	0.0	0.0	0.0	0.0	0.0	0.0	0.0	0.0	0.0	0.0	0.0	0.0	0.0	0.058513800000000005	0.0	0.0	0.0	0.0	0.0	0.0	0.0	0.0	0.0	0.0	0.11076199999999999	0.0	0.0	0.0	0.0	0.0	0.148462	0.152273	0.0	0.0	0.0	0.0	0.0	0.0	0.0	0.0	0.0	0.0	0.06018659999999999	0.0
Sin-CPnd_035-Ex1-12D-lcwgs-1-2.clmp.r1r2_fastp	0.0	0.08724810000000001	0.00454417	0.04998589999999999	0.0	0.0	0.0	0.0009088350000000001	0.0745245	0.0	0.0	0.08088630000000001	0.0	0.0	0.0	0.0	0.0	0.0	0.0	0.0	0.0	0.0	0.0	0.0009088350000000001	0.135416	0.0	0.0899746	0.0009088350000000001	0.0	0.0	0.0	0.0	0.0	0.0	0.0	0.000913125	0.131784	0.200462	0.0	0.0	0.00046314299999999995	0.0	0.20585	0.0	0.0	0.0	0.0	0.0	0.0	0.0	0.0	0.0	0.0	0.0	0.0	0.0	0.0	0.0	0.0	0.0	0.0	0.0	0.000546571	0.0	0.00391219	0.0	0.0	0.0	0.0005863859999999999	0.0	0.0	0.0	0.001234	0.0	0.0	0.0	0.0	0.0	0.0	0.0	0.0426618	0.0	0.0	0.0	0.0	0.00147953	0.000750711	0.0	0.0	0.0	0.0	0.0	0.0008214429999999999	0.0016679000000000002	0.0	0.0	0.0	0.0	0.0	0.0	0.0	0.0	0.0	0.0	0.0	0.0	0.0	0.0	0.0	0.0	0.0	0.00110139	0.0011186899999999999	0.0	0.0	0.0	0.0	0.0	0.0	0.0885508	0.0	0.0	0.0	0.0	0.0	0.0	0.00139012	0.0	0.0	0.0	0.0841838	0.0	0.0	0.0015472	0.0	0.0	0.0698596	0.136842	0.0	0.0	0.0	0.0	0.0	0.0	0.0	0.0	0.0019338600000000001	0.0	0.0624909	0.0
Sin-CPnd_038-Ex1-11C-lcwgs-1-2.clmp.r1r2_fastp	0.0	0.0886771	0.0042736	0.059296100000000004	0.0	0.0	0.0	0.0	0.0795957	0.0	0.0	0.0833351	0.0	0.0	0.0	0.0	0.0	0.0	0.0	0.0	0.0	0.0	0.0	0.0010684	0.130879	0.0	0.0876087	0.0021368	0.0	0.0	0.0	0.0	0.0	0.000534957	0.000536098	0.0	0.144392	0.18599000000000002	0.0	0.0	0.0	0.0	0.193608	0.0	0.0	0.0	0.0	0.0	0.0	0.0	0.0	0.0	0.0	0.000606186	0.0	0.0	0.0	0.0	0.00128378	0.0	0.0	0.0	0.0	0.0	0.00277581	0.0	0.0	0.0	0.0	0.0	0.0	0.0	0.0	0.0	0.0	0.0	0.000831525	0.0	0.0	0.0	0.0434386	0.0	0.0009165649999999999	0.0	0.0	0.0	0.0	0.0	0.0	0.0	0.0	0.0	0.0	0.00110445	0.0	0.0	0.0	0.0	0.0	0.0	0.0	0.0	0.0	0.0	0.0	0.0	0.0	0.0	0.0	0.0	0.0	0.0	0.0	0.0	0.0	0.0	0.0	0.0	0.0	0.0985356	0.0	0.0	0.0	0.0	0.0	0.0	0.0	0.0	0.0	0.0	0.09071850000000001	0.0	0.0	0.0	0.0	0.0	0.086184	0.12124499999999999	0.00228076	0.0	0.0	0.0	0.0	0.0	0.0	0.0025571500000000002	0.00260532	0.0	0.0901028	0.0
Sin-CPnd_039-Ex1-10F-lcwgs-1-2.clmp.r1r2_fastp	0.0	0.0914434	0.00290956	0.056944299999999996	0.0	0.0	0.0	0.00124696	0.0785582	0.0	0.0	0.101835	0.0	0.0	0.0	0.0	0.0	0.0	0.0	0.0	0.0	0.0	0.0	0.0	0.122202	0.0	0.09310600000000001	0.0008313039999999999	0.0	0.0	0.0	0.0	0.0	0.000832622	0.0	0.0	0.135363	0.193771	0.0	0.0	0.0	0.0	0.186894	0.0	0.0	0.0	0.0	0.0	0.0	0.0	0.0	0.000455438	0.0	0.0	0.0	0.0	0.0	0.0	0.0	0.0	0.0	0.0	0.0	0.0	0.00155751	0.0	0.0	0.0	0.0	0.0	0.0	0.0	0.0005751689999999999	0.0	0.0	0.0005991	0.0	0.0	0.0	0.0	0.0463285	0.0	0.0	0.0006731969999999999	0.0	0.0	0.000704687	0.0	0.0	0.000738547	0.0	0.0	0.0	0.0	0.0	0.0	0.0	0.0	0.0	0.0	0.0	0.0	0.0	0.0	0.0	0.0	0.0	0.0	0.0	0.0	0.0	0.0	0.0	0.0	0.0	0.0	0.0	0.0	0.0	0.11279	0.0	0.0	0.0	0.0	0.0	0.0	0.0	0.0	0.0	0.0	0.0816398	0.0	0.0	0.0	0.0	0.0	0.0986066	0.146413	0.0	0.0	0.0	0.0	0.0	0.0	0.0	0.0	0.0	0.0	0.0695337	0.0
Sin-CPnd_040-Ex1-11E-lcwgs-1-2.clmp.r1r2_fastp	0.0	0.0835627	0.00286174	0.053228300000000006	0.0	0.0	0.0	0.000572348	0.0818457	0.0	0.0	0.0881415	0.0	0.0	0.0	0.0	0.0	0.0	0.0	0.0	0.0	0.0	0.0	0.0011447	0.13106800000000002	0.0	0.0892862	0.0	0.0	0.0	0.0	0.0	0.0	0.00114656	0.0	0.0005759039999999999	0.159444	0.216173	0.0	0.0	0.000587475	0.0	0.190114	0.0	0.0	0.0	0.0	0.0	0.0	0.0	0.0	0.0	0.0	0.000655016	0.0	0.0	0.0	0.0	0.0	0.0	0.0	0.0	0.00073477	0.0	0.0045321	0.0	0.0	0.0	0.000801963	0.0	0.0	0.0	0.0	0.0	0.0	0.0	0.000907754	0.0	0.0	0.0	0.044527500000000005	0.0	0.0	0.0	0.0	0.0	0.00107053	0.0	0.0	0.0	0.0	0.0	0.0	0.00120919	0.0	0.0	0.0	0.0	0.0	0.0	0.0	0.0	0.0	0.0	0.0	0.0	0.0	0.0	0.0	0.0	0.0	0.0	0.0	0.0	0.0	0.0	0.0	0.0	0.0	0.11355200000000001	0.0	0.0	0.0	0.0	0.0	0.0	0.0	0.0	0.0	0.0	0.11442200000000001	0.0	0.0	0.0	0.0	0.0	0.0887154	0.15741100000000002	0.0	0.0	0.0	0.0	0.0	0.0	0.0	0.0	0.0	0.0	0.0571717	0.0
Sin-CPnd_042-Ex1-10D-lcwgs-1-2.clmp.r1r2_fastp	0.0	0.0839019	0.00791527	0.0443255	0.0	0.0	0.0	0.0	0.0561985	0.0	0.0	0.0736121	0.0	0.0	0.0	0.0	0.0	0.0	0.0	0.0	0.0	0.0	0.0	0.0015830500000000001	0.102899	0.0	0.072029	0.0	0.0	0.0	0.0	0.0	0.0	0.0	0.0	0.0	0.147237	0.187128	0.0	0.0	0.00162904	0.0	0.180718	0.0	0.0	0.0008444729999999999	0.0	0.0	0.0	0.0	0.0	0.0	0.0	0.0	0.0	0.0	0.0	0.0	0.000994866	0.0	0.0	0.0	0.00106514	0.0	0.00772874	0.0	0.0	0.0	0.0011935300000000002	0.0	0.0	0.0	0.0	0.0	0.0	0.0	0.0	0.0	0.0	0.0	0.040341999999999996	0.0	0.0	0.0	0.0	0.0	0.0	0.0	0.0	0.0	0.0	0.0	0.0	0.0	0.0	0.0	0.0	0.0	0.0	0.0	0.0	0.0	0.0	0.0	0.0	0.0	0.0	0.0	0.0	0.0	0.0	0.0	0.0	0.0	0.0	0.0	0.0	0.0	0.0	0.09840840000000001	0.0	0.0	0.0	0.0	0.0	0.0	0.0	0.0	0.0	0.0	0.0746226	0.0	0.0	0.0	0.0	0.0	0.121531	0.10377800000000001	0.0	0.0	0.0	0.0	0.0	0.0	0.0	0.00858295	0.0	0.0	0.0878477	0.0
Sin-CPnd_043-Ex1-1C-lcwgs-1-2.clmp.r1r2_fastp	0.0	0.0804104	0.0128657	0.0595037	0.0	0.0	0.0	0.0	0.0755858	0.0	0.0	0.0900597	0.0	0.0	0.0	0.0	0.0	0.0	0.0	0.0	0.0	0.0	0.0	0.0032164199999999998	0.139914	0.0	0.08684320000000001	0.0016082099999999999	0.0	0.0	0.0	0.0016082099999999999	0.0	0.0	0.0	0.00161254	0.13723	0.19076900000000002	0.0	0.0	0.0	0.0	0.194311	0.0	0.0	0.0	0.0	0.0	0.0	0.0	0.0	0.0	0.0	0.0	0.0	0.0	0.0	0.0	0.0	0.0	0.0	0.00177032	0.0	0.0	0.010821500000000001	0.0	0.0	0.0	0.0	0.0	0.0	0.0	0.0	0.0	0.0	0.0	0.0	0.0	0.0	0.0	0.0285266	0.0	0.0	0.0	0.0	0.00212893	0.0	0.0	0.0	0.0	0.0	0.0	0.0	0.00230282	0.0	0.0	0.0	0.0	0.0	0.0	0.0	0.0	0.0	0.0	0.0	0.0	0.0	0.0	0.0	0.0	0.0	0.0	0.0	0.00287439	0.0	0.0	0.0	0.0	0.0	0.08959740000000001	0.0	0.0	0.0	0.0	0.0	0.0	0.0	0.0	0.0	0.0	0.09967960000000001	0.0	0.0	0.0	0.0	0.0	0.073518	0.168687	0.0	0.0	0.0	0.00417223	0.0	0.0	0.0	0.0	0.0	0.0	0.0828218	0.0
Sin-CPnd_044-Ex1-2C-lcwgs-1-2.clmp.r1r2_fastp	0.0	0.10820199999999999	0.0	0.129842	0.0	0.0	0.0	0.0	0.0432807	0.0	0.0	0.0	0.0	0.0	0.0	0.0	0.0	0.0	0.0	0.0	0.0	0.0	0.0	0.0	0.0432807	0.0	0.10820199999999999	0.0	0.0	0.0	0.0	0.0	0.0	0.0	0.0	0.0	0.0886525	0.245317	0.0	0.0	0.0	0.0	0.0703235	0.0	0.0	0.0	0.0	0.0	0.0	0.0	0.0	0.0	0.0	0.0	0.0	0.0	0.0	0.0	0.0	0.0	0.0	0.0	0.0	0.0	0.0	0.0	0.0	0.0	0.0	0.0	0.0	0.0	0.0	0.0	0.0	0.0	0.0	0.0	0.0	0.0	0.0556793	0.0	0.0	0.0	0.0	0.0	0.0	0.0	0.0	0.0	0.0	0.0	0.0	0.0787402	0.0	0.0	0.0	0.0	0.0	0.0	0.0	0.0	0.0	0.0	0.0	0.0	0.0	0.0	0.0	0.0	0.0	0.0	0.0	0.0	0.0	0.0	0.0	0.0	0.0	0.0	0.0	0.0	0.0	0.0	0.0	0.0	0.0	0.0	0.0	0.0	0.0	0.0	0.0	0.0	0.0	0.0	0.22522499999999998	0.0	0.0	0.0	0.0	0.0	0.0	0.0	0.0	0.0	0.0	0.0	0.0	0.0
Sin-CPnd_045-Ex1-11H-lcwgs-1-2.clmp.r1r2_fastp	2.8227699999999997e-05	0.0846266	0.00409301	0.0560037	0.0	0.0	0.0	0.000423415	0.0846548	0.0	5.6455399999999995e-05	0.08905840000000001	0.0	0.0	0.0	0.0	0.0	0.0	0.0	0.0	0.0	0.0	0.0	0.000423415	0.138513	0.0	0.0938006	0.0007903750000000001	8.46831e-05	0.0	0.0	0.000112911	0.0	0.00016948	2.8271e-05	0.000226395	0.13741599999999998	0.186747	2.84148e-05	0.0	0.000256631	0.0	0.19492400000000001	0.0	2.87822e-05	8.65947e-05	0.0	0.0	0.0	0.0	0.0	0.0	2.9588399999999996e-05	0.00023771399999999998	5.96927e-05	0.0	0.0	0.0	0.000304312	0.0	9.22758e-05	0.000278373	0.000279977	0.0	0.00311645	0.000158398	0.0	0.0	0.00032307	6.506220000000001e-05	6.55139e-05	0.0	0.000365525	0.0	0.0	0.00013594	0.000137	0.0	0.0	0.0	0.0446544	0.0	3.59932e-05	0.0	0.0	0.00018479099999999999	0.0007831880000000001	0.0	0.0	3.83538e-05	0.0	0.0	0.0	0.00151535	0.0	0.0	0.0	0.0	0.0	0.0	0.0	0.00038999200000000003	0.000131403	8.85774e-05	0.000268699	0.0	4.57957e-05	0.0	0.000281137	4.74022e-05	4.7954700000000004e-05	0.000145568	0.000147309	4.9689999999999994e-05	0.0	5.09119e-05	0.0	0.0	0.0	0.092478	0.0	0.0	0.0	0.0	0.0	0.0	0.0	0.0	0.0	0.0	0.0924903	0.0	0.0	0.000128436	0.0	0.000396161	0.0867768	0.138273	0.0	0.0	0.0	0.000144533	0.00014675299999999998	0.000298001	0.0	0.000539667	0.0	0.0	0.0637499	0.0
Sin-CPnd_049-Ex1-4C-lcwgs-1-2.clmp.r1r2_fastp	0.0	0.0702445	0.0140489	0.0421467	0.0	0.0	0.0	0.0	0.0561956	0.0	0.0	0.112391	0.0	0.0	0.0	0.0	0.0	0.0	0.0	0.0	0.0	0.0	0.0	0.0	0.12644	0.0	0.112391	0.0	0.0	0.0	0.0	0.0	0.0	0.0	0.0	0.0	0.1144	0.187077	0.0	0.0	0.0	0.0	0.20929899999999999	0.0	0.0	0.0	0.0	0.0	0.0	0.0	0.0	0.0	0.0	0.0	0.0	0.0	0.0	0.0	0.0	0.0	0.0	0.0	0.0	0.0	0.0	0.0	0.0	0.0	0.0	0.0	0.0	0.0	0.0	0.0	0.0	0.0	0.0	0.0	0.0	0.0	0.0289771	0.0	0.0	0.0	0.0	0.0	0.0	0.0	0.0	0.0	0.0	0.0	0.0	0.0	0.0	0.0	0.0	0.0	0.0	0.0	0.0	0.0	0.0	0.0	0.0	0.0	0.0	0.0	0.0	0.0	0.0	0.0	0.0	0.0	0.0	0.0	0.0	0.0	0.0	0.0649773	0.0	0.0	0.0	0.0	0.0	0.0	0.0	0.0	0.0	0.0	0.0829187	0.0	0.0	0.0	0.0	0.0	0.0958773	0.0976562	0.0	0.0	0.0	0.0	0.0	0.0	0.0	0.0	0.0	0.0	0.13106199999999998	0.0
Sin-CPnd_050-Ex1-9B-lcwgs-1-2.clmp.r1r2_fastp	0.0	0.0883071	0.0071600299999999995	0.0584736	0.0	0.0	0.0	0.00179001	0.0799537	0.0	0.0	0.0751803	0.0	0.0	0.0	0.0	0.0	0.0	0.0	0.0	0.0	0.0	0.0	0.00119334	0.12052700000000001	0.0	0.0781637	0.00179001	0.0	0.0	0.0	0.0	0.0	0.0	0.0	0.0	0.142355	0.210734	0.0	0.0	0.0	0.0	0.1748	0.0	0.0	0.0	0.0	0.0	0.0	0.0	0.0	0.0	0.0	0.0007238720000000001	0.0	0.0	0.0	0.0	0.000787699	0.0	0.0	0.0	0.0	0.0	0.00618058	0.0	0.0	0.0	0.0	0.0	0.0	0.0	0.0031542799999999998	0.0	0.0	0.0	0.0	0.0	0.0	0.0	0.043451	0.0	0.0013472	0.0	0.0	0.0	0.00299021	0.0	0.0	0.0	0.0	0.0	0.0	0.0	0.0	0.0	0.0	0.0	0.0	0.0	0.0	0.0	0.0	0.0	0.0	0.0	0.0	0.0	0.0	0.0	0.0	0.0	0.0	0.0	0.0	0.0	0.0	0.0	0.0	0.0982059	0.0	0.0	0.0	0.0	0.0	0.0	0.0	0.0	0.0	0.0	0.10313	0.0	0.0	0.0	0.0	0.0	0.0733362	0.163132	0.0	0.0	0.0	0.0	0.0	0.0	0.0	0.0	0.0	0.0	0.045351499999999996	0.0
Sin-CPnd_051-Ex1-12G-lcwgs-1-2.clmp.r1r2_fastp	0.0	0.0958658	0.00259097	0.0559649	0.0	0.0	0.0	0.0	0.08187459999999999	0.0	0.0	0.0823928	0.0	0.0	0.0	0.0	0.0	0.0	0.0	0.0	0.0	0.0	0.0	0.0005181939999999999	0.141985	0.0	0.0865384	0.0005181939999999999	0.0	0.0	0.0	0.0	0.0	0.0005192619999999999	0.0	0.0	0.138291	0.200292	0.0	0.0	0.0	0.0	0.19320299999999999	0.0	0.0	0.0	0.0	0.0	0.0	0.0	0.0	0.0	0.0	0.0	0.0	0.0	0.0	0.0	0.0	0.0	0.0	0.0	0.0	0.0	0.00280096	0.000711855	0.0	0.0	0.0	0.0	0.0	0.0	0.0	0.0	0.0	0.0	0.0	0.0	0.0	0.0	0.0424536	0.0	0.0	0.0	0.0	0.0010455899999999999	0.0021346299999999998	0.0	0.0	0.0	0.0	0.0	0.0	0.0	0.0	0.0	0.0	0.0	0.0	0.0	0.0	0.0	0.0	0.0	0.0	0.0	0.0	0.0	0.0	0.0	0.0	0.0	0.0	0.0	0.0	0.0	0.0	0.0	0.0	0.0818754	0.0	0.0	0.0	0.0	0.0	0.0	0.0	0.0	0.0	0.0	0.0970298	0.0	0.0	0.0	0.0	0.0	0.07564069999999999	0.129514	0.0	0.0	0.0	0.0	0.0	0.0	0.00356189	0.0	0.0	0.0	0.0856758	0.0
Sin-CPnd_053-Ex1-9G-lcwgs-1-2.clmp.r1r2_fastp	0.0	0.09617099999999999	0.0043276899999999995	0.0581834	0.0	0.0	0.0	0.000480855	0.07212819999999999	0.0	0.0	0.0798219	0.0	0.0	0.0	0.0	0.0	0.0	0.0	0.0	0.0	0.0	0.0	0.000480855	0.132235	0.0	0.08414959999999999	0.00192342	0.0	0.0	0.0	0.0	0.0	0.0	0.0	0.0	0.156981	0.190106	0.0	0.0	0.0	0.0	0.21097300000000002	0.0	0.0	0.0005214849999999999	0.0	0.0	0.0	0.0	0.0	0.0	0.0	0.0011532600000000001	0.0	0.0	0.0	0.0	0.0	0.0	0.0	0.0	0.0	0.0	0.0055964000000000005	0.0	0.0	0.0	0.0	0.0	0.0	0.0	0.0	0.0	0.0	0.0008956639999999999	0.0	0.0	0.0	0.0	0.0426994	0.0	0.00106883	0.0	0.0	0.0	0.0	0.0	0.0	0.00128829	0.0	0.0	0.0	0.00576577	0.0	0.0	0.0	0.0	0.0	0.0	0.0	0.0	0.0	0.0	0.0	0.0	0.0	0.0	0.0	0.0	0.0	0.0	0.0	0.0	0.0	0.0	0.0	0.0	0.0	0.0790875	0.0	0.0	0.0	0.0	0.0	0.0	0.0	0.0	0.0	0.0	0.0909354	0.0	0.0	0.0	0.0	0.0	0.07337830000000001	0.13064	0.0	0.0	0.0	0.0	0.0	0.0	0.0	0.0	0.0	0.0	0.050589	0.0
Sin-CPnd_058-Ex1-9D-lcwgs-1-2.clmp.r1r2_fastp	0.0	0.08062609999999999	0.00255956	0.0499114	0.0	0.0	0.0	0.000639889	0.0787064	0.0	0.0	0.0646288	0.0	0.0	0.0	0.0	0.0	0.0	0.0	0.0	0.0	0.0	0.0	0.0	0.103022	0.0	0.09278399999999999	0.0	0.0	0.0	0.0	0.0	0.0	0.000641264	0.000642975	0.0	0.145098	0.179613	0.0	0.0	0.0	0.0	0.186726	0.0	0.0	0.0	0.0	0.0	0.0	0.0	0.0	0.0	0.0	0.0	0.0	0.0	0.0	0.0	0.0	0.0	0.0	0.0	0.0	0.0	0.0036958700000000004	0.0	0.0	0.0	0.0	0.0	0.0	0.0	0.0	0.0	0.0	0.0	0.0	0.0	0.0	0.0	0.0577104	0.0	0.0	0.0	0.0	0.0	0.0	0.0	0.0	0.0017130300000000002	0.0	0.0	0.0	0.0	0.0	0.0	0.0	0.0	0.0	0.0	0.0	0.00242548	0.0	0.0	0.0	0.0	0.0	0.0	0.0	0.0	0.0	0.0	0.0	0.0	0.0	0.0	0.0	0.0	0.0	0.092402	0.0	0.0	0.0	0.0	0.0	0.0	0.0	0.0	0.0	0.0	0.11096199999999999	0.0	0.0	0.0	0.0	0.0	0.0489271	0.194468	0.0	0.0	0.0	0.0	0.0	0.0	0.0	0.00920387	0.0	0.0	0.0844327	0.0
Sin-CPnd_061-Ex1-9A-lcwgs-1-2.clmp.r1r2_fastp	0.0	0.0900773	0.00592614	0.0616318	0.0	0.0	0.0	0.0	0.0823733	0.0	0.0	0.0711136	0.0	0.0	0.0	0.0	0.0	0.0	0.0	0.0	0.0	0.0	0.0	0.00118523	0.137486	0.0	0.08592899999999999	0.0	0.0	0.0	0.0	0.0	0.000592614	0.0	0.0	0.0005974540000000001	0.14275100000000002	0.192742	0.0	0.0	0.0	0.0	0.20704400000000003	0.0	0.0	0.0	0.0	0.0	0.0	0.0	0.0	0.0	0.0	0.0	0.000702958	0.0	0.0	0.0	0.000743561	0.0	0.0	0.0	0.0	0.0	0.00572218	0.0	0.0	0.0	0.000876301	0.0	0.0	0.0	0.0	0.0	0.0	0.0	0.0	0.0	0.0	0.0	0.045022299999999994	0.0	0.0	0.0	0.0	0.00121284	0.0	0.0	0.0	0.0	0.0	0.0	0.0	0.0	0.0	0.0	0.0	0.0	0.0	0.0	0.0	0.0	0.0	0.0	0.0	0.0	0.0	0.0	0.0	0.0	0.0	0.0	0.0	0.0	0.0	0.0	0.0	0.0	0.0	0.0847232	0.0	0.0	0.0	0.0	0.0	0.0	0.0	0.0	0.0	0.0	0.0831576	0.0	0.0	0.0	0.0	0.0	0.0796443	0.11505499999999999	0.0	0.0	0.0	0.0	0.0	0.0	0.0	0.0	0.0	0.0	0.052645399999999995	0.0
Sin-CPnd_062-Ex1-11D-lcwgs-1-2.clmp.r1r2_fastp	0.0	0.079041	0.0031406999999999997	0.0633375	0.0	0.0	0.0	0.0005234510000000001	0.0617672	0.0	0.0	0.0827052	0.0	0.0	0.0	0.0	0.0	0.0	0.0	0.0	0.0	0.0	0.0	0.0010469	0.13714400000000002	0.0	0.101549	0.0005234510000000001	0.0005234510000000001	0.0	0.0	0.0005234510000000001	0.0	0.000524175	0.0	0.0	0.13821899999999998	0.186257	0.0	0.0	0.0	0.0	0.19786399999999998	0.0	0.0	0.0	0.0	0.0	0.0	0.0	0.0	0.0	0.0	0.0	0.0	0.0	0.0	0.0	0.00125553	0.0	0.0	0.0	0.0	0.0	0.00409185	0.0	0.0	0.0	0.0	0.0	0.0	0.0	0.0	0.0	0.0	0.0	0.00083031	0.0	0.0	0.0	0.0555561	0.0	0.0	0.0	0.0	0.0	0.0	0.0	0.0	0.0	0.0	0.0	0.0	0.00232889	0.0	0.0	0.0	0.0	0.0	0.0	0.0	0.0	0.0	0.0	0.0	0.0	0.0	0.0	0.0	0.0	0.0	0.0	0.0	0.0	0.0	0.0	0.0	0.0	0.0	0.0890274	0.0	0.0	0.0	0.0	0.0	0.0	0.0	0.0	0.0	0.0	0.11650300000000001	0.0	0.0	0.0	0.0	0.0	0.0856409	0.13975	0.0	0.0	0.0	0.0	0.0	0.0	0.0	0.0	0.0	0.0	0.0579553	0.0
Sin-CPnd_063-Ex1-9F-lcwgs-1-2.clmp.r1r2_fastp	0.0	0.0877546	0.006611649999999999	0.0583027	0.0	0.0	0.0	0.0	0.0763345	0.0	0.0	0.0871536	0.0	0.0	0.0	0.0	0.0	0.0	0.0	0.0	0.0	0.0	0.0	0.0012021199999999999	0.12502	0.0	0.0973716	0.0012021199999999999	0.0	0.0	0.0	0.0	0.0	0.00120514	0.0	0.0	0.141438	0.19735	0.000616473	0.0	0.000624711	0.0	0.207525	0.0	0.0	0.0	0.0	0.0	0.0	0.0	0.0	0.0	0.0	0.0	0.0	0.0	0.0	0.0	0.000787451	0.0	0.0	0.0	0.000849142	0.0	0.004420009999999999	0.0	0.0	0.0	0.0	0.0	0.0	0.0	0.0031662599999999997	0.0	0.0	0.0	0.0	0.0	0.0	0.0	0.0449415	0.0	0.0	0.0	0.0	0.0	0.0	0.0	0.0	0.0	0.0	0.0	0.0	0.00362595	0.0	0.0	0.0	0.0	0.0	0.0	0.0	0.0	0.0	0.0	0.0	0.0	0.0	0.0	0.0	0.0	0.0	0.0	0.0	0.0	0.0	0.0	0.0	0.0	0.0	0.09135420000000001	0.0	0.0	0.0	0.0	0.0	0.0	0.0	0.0	0.0	0.0	0.077874	0.0	0.0	0.0	0.0	0.0	0.102951	0.170218	0.0	0.0	0.0	0.0	0.0	0.0	0.0	0.0	0.0	0.0	0.0494601	0.0
Sin-CPnd_065-Ex1-11B-lcwgs-1-2.clmp.r1r2_fastp	0.0	0.09810400000000001	0.0035581799999999998	0.0559142	0.0	0.0	0.0	0.000508311	0.0859045	0.0	0.0	0.0874295	0.0	0.0	0.0	0.0	0.0	0.0	0.0	0.0	0.0	0.0	0.0	0.000508311	0.125553	0.0	0.08387130000000001	0.0	0.0	0.0	0.000508311	0.0	0.0	0.000509248	0.0	0.0	0.157155	0.20313599999999998	0.0	0.0	0.000523023	0.000526158	0.21707100000000001	0.0	0.0	0.0	0.0	0.0	0.0	0.0	0.0	0.0	0.0	0.0	0.0005964589999999999	0.0	0.0	0.0	0.0	0.0	0.0	0.00065732	0.00066737	0.0	0.00206535	0.0	0.0	0.0	0.0007356940000000001	0.0	0.0	0.0	0.0007898769999999999	0.0	0.0	0.000834314	0.0	0.0	0.0	0.0	0.0459504	0.0	0.0	0.0	0.0	0.0	0.00208166	0.0	0.0	0.0	0.0	0.0	0.0	0.00362946	0.0	0.0	0.0	0.0	0.0	0.0	0.0	0.0	0.0	0.0	0.0015336699999999998	0.0	0.0	0.0	0.0	0.0017133600000000001	0.0	0.0	0.0	0.0	0.0	0.0	0.0	0.0	0.0	0.0894036	0.0	0.0	0.0	0.0	0.0	0.0	0.0	0.0	0.0	0.0	0.0837996	0.0	0.0	0.0	0.0	0.0	0.0770131	0.0975334	0.0	0.0	0.0	0.0	0.0	0.0	0.0	0.0	0.0	0.0	0.046802500000000004	0.0
Sin-CPnd_067-Ex1-9C-lcwgs-1-2.clmp.r1r2_fastp	0.0	0.0770002	0.0033189699999999996	0.055758800000000004	0.0	0.0	0.0	0.0	0.0796554	0.0	0.0	0.0796554	0.0	0.0	0.0	0.0	0.0	0.0	0.0	0.0	0.0	0.0	0.0	0.0	0.11417300000000001	0.0	0.09824160000000001	0.000663795	0.0	0.0	0.0	0.0	0.0	0.000665495	0.0	0.0	0.158146	0.191383	0.0	0.0	0.0	0.0	0.196461	0.0	0.0	0.0	0.0	0.0	0.0	0.0	0.0	0.0	0.0	0.00158847	0.0	0.0	0.0	0.0	0.0	0.0	0.0	0.0	0.0	0.0	0.00287704	0.0	0.0	0.0	0.0	0.0	0.0	0.0	0.0011299300000000001	0.0	0.0	0.0	0.0	0.0	0.0	0.0	0.0312296	0.0	0.0	0.0	0.0	0.0	0.0	0.0	0.0	0.0	0.0	0.0	0.0	0.0037441999999999996	0.0	0.0	0.0	0.0	0.0	0.0	0.0	0.0	0.0	0.00242148	0.0	0.0	0.0	0.0	0.0	0.0	0.0	0.00296463	0.0	0.00311828	0.0	0.0	0.0	0.0	0.0	0.09083640000000001	0.0	0.0	0.0	0.0	0.0	0.0	0.0	0.0	0.0	0.0	0.0857756	0.0	0.0	0.0	0.0	0.0	0.0881931	0.141339	0.0	0.0	0.0	0.0	0.0	0.0	0.0	0.0	0.0	0.0	0.0782595	0.0
Sin-CPnd_074-Ex1-12A-lcwgs-1-2.clmp.r1r2_fastp	0.0	0.07774070000000001	0.006191739999999999	0.050909800000000005	0.0	0.0	0.0	0.0	0.070173	0.0	0.0	0.0853084	0.0	0.0	0.0	0.0	0.0	0.0	0.0	0.0	0.0	0.0	0.0	0.000687971	0.120395	0.0	0.09837979999999999	0.0	0.0	0.0	0.0	0.0	0.0	0.000689403	0.0	0.0	0.16821799999999998	0.20927099999999998	0.000700447	0.0	0.000707424	0.0	0.20454000000000003	0.0	0.0	0.0	0.0	0.0	0.0	0.0	0.0	0.0	0.0	0.0	0.000799693	0.0	0.0	0.0	0.0	0.0	0.0	0.0	0.0008930639999999999	0.0	0.00184059	0.0	0.0	0.0	0.000980988	0.0	0.0	0.0	0.0	0.0	0.0	0.0	0.00112406	0.0	0.0	0.0	0.0434342	0.0	0.0	0.0	0.0	0.0	0.0	0.0	0.0	0.0	0.0	0.0	0.0	0.0015314900000000002	0.0	0.0	0.0	0.0	0.0	0.0	0.0	0.0	0.0	0.0	0.0	0.0	0.0	0.0	0.00203132	0.0	0.0	0.0	0.0	0.0	0.0	0.0	0.0	0.0	0.0	0.10409399999999999	0.0	0.0	0.0	0.0	0.0	0.0	0.0	0.0	0.0	0.0	0.113433	0.0	0.0	0.0	0.0	0.0	0.0791322	0.154197	0.0	0.0	0.0	0.0	0.0	0.0	0.0	0.0	0.0	0.0	0.055316800000000006	0.0
Sin-CPnd_075-Ex1-11G-lcwgs-1-2.clmp.r1r2_fastp	0.0	0.0888131	0.00306252	0.062125400000000004	0.0	0.0	0.0	0.0	0.08662550000000001	0.0	0.0	0.083563	0.0	0.0	0.0	0.0	0.0	0.0	0.0	0.0	0.0	0.0	0.0	0.0	0.123376	0.0	0.0901256	0.000437503	0.0	0.0	0.0	0.0	0.0	0.00043824700000000006	0.0	0.0	0.15681499999999998	0.188444	0.0	0.0	0.00044963399999999997	0.0	0.191432	0.0	0.0	0.00046436	0.0	0.0	0.0	0.0	0.0	0.0	0.0	0.0	0.0	0.0	0.0	0.0	0.00107589	0.0	0.0005539610000000001	0.0	0.000571546	0.0	0.00118205	0.0012024499999999999	0.0	0.0	0.0	0.0	0.0	0.0	0.000683251	0.0	0.0	0.0	0.0	0.0	0.0	0.0	0.042623	0.0	0.0	0.0	0.0	0.0	0.0	0.0	0.0	0.0	0.0	0.0	0.0	0.00326062	0.0	0.0	0.0	0.0	0.0	0.0	0.0	0.00132088	0.0	0.0	0.0	0.0	0.0	0.0	0.00156998	0.0	0.0	0.0	0.0	0.0	0.0	0.0	0.0	0.0	0.0	0.09226609999999999	0.0	0.0	0.0	0.0	0.0	0.0	0.0	0.0	0.0	0.0	0.0875169	0.0	0.0	0.0	0.0	0.0	0.10339999999999999	0.12443599999999999	0.0	0.0	0.0	0.0	0.0	0.0	0.0	0.0037733	0.0	0.0	0.047145599999999996	0.0
Sin-CPnd_076-Ex1-10E-lcwgs-1-2.clmp.r1r2_fastp	0.0	0.0774838	0.00389366	0.0541218	0.0	0.0	0.0	0.000778731	0.0755369	0.0	0.0	0.0805987	0.0	0.0	0.0	0.0	0.0	0.0	0.0	0.0	0.0	0.0	0.0	0.00038936600000000004	0.119925	0.0	0.0961733	0.0	0.0	0.0	0.0	0.00038936600000000004	0.0	0.0007798029999999999	0.0	0.0	0.141634	0.182569	0.00039469799999999997	0.0	0.0	0.0	0.208662	0.0	0.0	0.0	0.0	0.0	0.0	0.0	0.0	0.0	0.0	0.00130282	0.0	0.0	0.0	0.0	0.0	0.0	0.0	0.0	0.0	0.0	0.0034400100000000003	0.0	0.0	0.0	0.0	0.0	0.0	0.0	0.000550206	0.0	0.0	0.0	0.000585185	0.0	0.0	0.0	0.0418661	0.0	0.0	0.0	0.0	0.0	0.00138867	0.0	0.0	0.0	0.0	0.0	0.0	0.00316293	0.0	0.0	0.0	0.0	0.0	0.0	0.0	0.0009270849999999999	0.0	0.0	0.0	0.0	0.0	0.0	0.0	0.0	0.0	0.0	0.00117137	0.0	0.0	0.0	0.0	0.0	0.0	0.0793141	0.0	0.0	0.0	0.0	0.0	0.0	0.0	0.0	0.0	0.0	0.08256329999999999	0.0	0.0	0.0	0.0	0.0	0.0911282	0.137112	0.0	0.0	0.0	0.0	0.0	0.0	0.0	0.0	0.0	0.0	0.060197799999999996	0.0
Sin-CPnd_079-Ex1-9H-lcwgs-1-2.clmp.r1r2_fastp	0.0	0.08443250000000001	0.0011808699999999999	0.0572724	0.0	0.0	0.0	0.0	0.0832517	0.0	0.0	0.0826612	0.0	0.0	0.0	0.0	0.0	0.0	0.0	0.0	0.0	0.0	0.0	0.0	0.133439	0.0	0.0991935	0.0	0.0	0.0	0.0	0.0	0.0	0.0	0.0	0.0	0.137771	0.19442299999999998	0.0	0.0	0.00122641	0.0	0.193056	0.0	0.0	0.0	0.0	0.0	0.0	0.0	0.0	0.0	0.0	0.0	0.0	0.0	0.0	0.0	0.0	0.0	0.0	0.0	0.000827767	0.0	0.0	0.0	0.0	0.0	0.00186811	0.0	0.0	0.0	0.0	0.0	0.0	0.0	0.0	0.0	0.0	0.0	0.05051749999999999	0.0	0.0	0.0	0.0	0.0	0.0	0.0	0.0	0.0	0.0	0.0	0.0	0.0	0.0	0.0	0.0	0.0	0.0	0.0	0.0	0.0	0.0	0.0	0.0	0.0	0.0	0.0	0.0	0.0	0.0	0.0	0.0	0.0	0.0	0.0	0.0	0.0	0.0	0.0722752	0.0	0.0	0.0	0.0	0.0	0.0	0.0	0.0	0.0	0.0	0.0982125	0.0	0.0	0.0	0.0	0.0	0.121366	0.12478500000000001	0.0	0.0	0.0	0.0	0.0	0.0	0.0	0.0	0.0	0.0	0.033906900000000004	0.0
Sin-CPnd_080-Ex1-2E-lcwgs-1-2.clmp.r1r2_fastp	0.0	0.103821	0.0	0.0622924	0.0	0.0	0.0	0.0	0.051910300000000006	0.0	0.0	0.09343850000000001	0.0	0.0	0.0	0.0	0.0	0.0	0.0	0.0	0.0	0.0	0.0	0.0	0.124585	0.0	0.0726744	0.0	0.0	0.0	0.0	0.0	0.0	0.0	0.0	0.0	0.125274	0.14658200000000002	0.0	0.0	0.0	0.0	0.180678	0.0	0.0	0.0	0.0	0.0	0.0	0.0	0.0	0.0	0.0	0.0	0.0	0.0	0.0	0.0	0.0	0.0	0.0	0.0	0.0	0.0	0.0	0.0	0.0	0.0	0.0	0.0	0.0	0.0	0.0	0.0	0.0	0.0	0.0	0.0	0.0	0.0	0.05493749999999999	0.0	0.0	0.0	0.0	0.0	0.0	0.0	0.0	0.0	0.0	0.0	0.0	0.0	0.0	0.0	0.0	0.0	0.0	0.0	0.0	0.0	0.0	0.0	0.0	0.0	0.0	0.0	0.0	0.0	0.0	0.0	0.0	0.0	0.0	0.0	0.0	0.0	0.0	0.105887	0.0	0.0	0.0	0.0	0.0	0.0	0.0	0.0	0.0	0.0	0.0729572	0.0	0.0	0.0	0.0	0.0	0.0530504	0.188527	0.0	0.0	0.0	0.0	0.0	0.0	0.0	0.0	0.0	0.0	0.0335233	0.0
Sin-CPnd_081-Ex1-10G-lcwgs-1-2.clmp.r1r2_fastp	0.0	0.0769079	0.0032901799999999998	0.057166800000000004	0.0	0.0	0.0	0.0	0.0834882	0.0	0.0	0.0781417	0.0	0.0	0.0	0.0	0.0	0.0	0.0	0.0	0.0	0.0	0.0	0.000411272	0.127906	0.0	0.092125	0.000822544	0.0	0.0	0.0	0.0	0.0	0.00041193599999999995	0.0	0.0	0.13320300000000002	0.206479	0.0	0.0	0.0	0.0	0.19065	0.0	0.0	0.0	0.0	0.0	0.0	0.0	0.0	0.0	0.0	0.000463635	0.0	0.0	0.0	0.0	0.000489716	0.0	0.0	0.000507619	0.0	0.0	0.0021112400000000003	0.00160544	0.0	0.0	0.00111575	0.0	0.0	0.0	0.0005916459999999999	0.0	0.0	0.0	0.0	0.0	0.0	0.0	0.049133800000000005	0.0	0.0	0.0	0.0	0.0	0.0	0.0	0.0	0.0	0.0	0.0	0.0	0.0	0.0	0.0	0.0	0.0	0.0	0.0	0.0	0.0	0.0	0.0	0.0	0.0	0.0	0.0	0.00112017	0.0	0.0	0.0	0.0	0.0	0.0	0.0	0.0	0.0	0.0	0.09959470000000001	0.0	0.0	0.0	0.0	0.0	0.0	0.0	0.0	0.0	0.0	0.0855373	0.0	0.0	0.0	0.0	0.0	0.10405	0.131657	0.0	0.0	0.0	0.0	0.0	0.0	0.0	0.0	0.0	0.0	0.0779383	0.0
Sin-CPnd_085-Ex1-4H-lcwgs-1-2.clmp.r1r2_fastp	0.0	0.0876927	0.0028657699999999997	0.061900699999999996	0.0	0.0	0.0	0.0	0.0934242	0.0	0.0	0.0802416	0.0	0.0	0.0	0.0	0.0	0.0	0.0	0.0	0.0	0.0	0.0	0.0	0.149593	0.0	0.0899853	0.0	0.0	0.0	0.0	0.0	0.0	0.0	0.0	0.0	0.121901	0.18935	0.0	0.0	0.0	0.0	0.203259	0.0	0.0	0.0	0.0	0.0	0.0	0.0	0.0	0.0	0.0	0.0	0.0	0.0	0.0	0.0	0.0	0.0	0.0	0.0	0.0	0.0	0.00365123	0.0	0.0	0.0	0.0	0.0	0.0	0.0	0.0	0.0	0.0	0.0	0.0	0.0	0.0	0.0	0.048681100000000005	0.0	0.0	0.0	0.0	0.0	0.000669882	0.0	0.0	0.0	0.0	0.0	0.0	0.0	0.0	0.0	0.0	0.0	0.0	0.0	0.0	0.0	0.0	0.0	0.0	0.0	0.0	0.0	0.0	0.0	0.0	0.0	0.0	0.0	0.0	0.0	0.0	0.0	0.0	0.0840817	0.0	0.0	0.0	0.0	0.0	0.0	0.0	0.0	0.0	0.0	0.0922348	0.0	0.0	0.0	0.0	0.0	0.10056	0.13110000000000002	0.0	0.0	0.0	0.0	0.0	0.0	0.0	0.0	0.0	0.0	0.06474869999999999	0.0
Sin-CPnd_088-Ex1-2D-lcwgs-1-2.clmp.r1r2_fastp	0.0	0.119976	0.0	0.07498500000000001	0.0	0.0	0.0	0.0	0.029994	0.0	0.0	0.059988	0.0	0.0	0.0	0.0	0.0	0.0	0.0	0.0	0.0	0.0	0.0	0.0	0.164967	0.0	0.059988	0.0	0.0	0.0	0.0	0.0	0.0	0.0	0.0	0.0	0.321297	0.231339	0.0	0.0	0.0	0.0	0.22890800000000003	0.0	0.0	0.0	0.0	0.0	0.0	0.0	0.0	0.0	0.0	0.0	0.0	0.0	0.0	0.0	0.0	0.0	0.0	0.0	0.0	0.0	0.0	0.0	0.0	0.0	0.0	0.0	0.0	0.0	0.0	0.0	0.0	0.0	0.0	0.0	0.0	0.0	0.0403714	0.0	0.0	0.0	0.0	0.0	0.0	0.0	0.0	0.0	0.0	0.0	0.0	0.0	0.0	0.0	0.0	0.0	0.0	0.0	0.0	0.0	0.0	0.0	0.0	0.0	0.0	0.0	0.0	0.0	0.0	0.0	0.0	0.0	0.0	0.0	0.0	0.0	0.0	0.0	0.0	0.0	0.0	0.0	0.0	0.0	0.0	0.0	0.0	0.0	0.0	0.0	0.0	0.0	0.0	0.0	0.0	0.182149	0.0	0.0	0.0	0.0	0.0	0.0	0.0	0.0	0.0	0.0	0.7425740000000001	0.0
Sin-CPnd_089-Ex1-9E-lcwgs-1-2.clmp.r1r2_fastp	0.0	0.0914531	0.00328293	0.0642517	0.00046898999999999997	0.0	0.0	0.0	0.0895772	0.0	0.0	0.0806663	0.0	0.0	0.0	0.0	0.0	0.0	0.0	0.0	0.0	0.0	0.0	0.00046898999999999997	0.1346	0.0	0.09004609999999999	0.0	0.0	0.0	0.00046898999999999997	0.0	0.0	0.00046989199999999997	0.0	0.0009447380000000001	0.153112	0.189423	0.0	0.0	0.0	0.0	0.200322	0.0	0.0	0.000499618	0.0	0.0	0.000513097	0.0	0.0	0.0	0.0	0.00162056	0.000546338	0.0	0.0	0.0	0.0	0.0	0.0	0.0	0.0	0.0	0.00498834	0.0	0.0	0.0	0.0	0.0	0.0	0.0	0.0014118	0.0	0.0	0.0	0.0	0.0	0.0	0.0	0.0436639	0.0	0.0	0.0	0.0	0.0008851829999999999	0.0	0.0	0.0	0.0	0.0	0.0	0.0	0.00205495	0.0	0.0	0.0	0.0	0.0	0.0	0.0	0.0	0.0	0.0	0.0	0.0	0.0	0.0	0.0	0.0	0.0	0.0	0.0	0.0	0.0	0.0	0.0	0.0	0.0	0.0824927	0.0	0.0	0.0	0.0	0.0	0.0	0.0	0.0	0.0	0.0	0.09679499999999999	0.0	0.0	0.0	0.0	0.0023839	0.09971540000000001	0.144046	0.0	0.0	0.0	0.0	0.0	0.0	0.0	0.0	0.0	0.0	0.053016999999999995	0.0
Sin-CPnd_090-Ex1-12F-lcwgs-1-2.clmp.r1r2_fastp	0.0	0.0845958	0.00473588	0.0541376	0.0	0.0	0.0	9.28603e-05	0.0857101	0.0	9.28603e-05	0.0923032	0.0	0.0	0.0	0.0	0.0	0.0	0.0	0.0	0.0	0.0	0.0	9.28603e-05	0.148298	0.0	0.0935104	0.00027858099999999997	0.0	0.0	0.0	0.0	0.0	9.28983e-05	9.294610000000001e-05	0.0	0.136435	0.188327	0.0	0.0	0.0	0.0	0.205559	0.0	0.0	9.40595e-05	0.0	0.0	0.0	0.0	0.0	0.0	0.0	0.00019127	0.0	0.0	0.0	0.0	9.695250000000001e-05	0.0	0.0	9.782979999999999e-05	0.0	0.0	0.00296503	0.0	0.0	0.0	0.0	0.0	0.00010107900000000001	0.0	0.00020379999999999997	0.0	0.0	0.000309597	0.0	0.0	0.0	0.0	0.0446424	0.0	0.000106523	0.0	0.0	0.000108103	0.000977797	0.0	0.0	0.0	0.0	0.0	0.000112097	0.00123977	0.0	0.0	0.0	0.0	0.0	0.0	0.0	0.000236082	0.0	0.0	0.0	0.0	0.0	0.0	0.000493073	0.0	0.0	0.0	0.000253134	0.0	0.0	0.000129186	0.0	0.0	0.0	0.0850287	0.0	0.0	0.0	0.0	0.0	0.0	0.000279736	0.0	0.0	0.0	0.0970749	0.0	0.0	0.000147726	0.0	0.0	0.08709510000000001	0.137931	0.00015409699999999999	0.0	0.0	0.0	0.000480613	0.0	0.0	0.00033054499999999996	0.0	0.0	0.0680012	0.0
Sin-CPnd_092-Ex1-11F-lcwgs-1-2.clmp.r1r2_fastp	0.0	0.0938482	0.00475181	0.048706	0.0	0.0	0.0	0.0	0.074841	0.0	0.0	0.0706831	0.0	0.0	0.0	0.0	0.0	0.0	0.0	0.0	0.0	0.0	0.0	0.0011879500000000001	0.125923	0.0	0.0902843	0.0017819300000000001	0.0	0.0	0.0	0.0	0.0	0.0	0.0	0.00119669	0.135687	0.206186	0.0	0.0	0.0	0.0	0.19345600000000002	0.0	0.0	0.0	0.0	0.0	0.0	0.0	0.0	0.0	0.0	0.0	0.0	0.0	0.0	0.0	0.0	0.0	0.0	0.0	0.0	0.0	0.00247398	0.0	0.0	0.0	0.0	0.0	0.0	0.0	0.0	0.0	0.0	0.0	0.0	0.0	0.0	0.0	0.045682999999999994	0.0	0.0	0.0	0.0	0.0	0.0	0.0	0.0	0.0	0.0	0.0	0.0	0.00154447	0.0	0.0	0.0	0.0	0.0	0.0	0.0	0.0	0.0	0.0	0.0	0.0	0.0	0.0	0.0	0.0	0.0	0.0	0.0	0.0	0.0	0.0	0.0	0.0	0.0	0.0798745	0.0	0.0	0.0	0.0	0.0	0.0	0.0	0.0	0.0	0.0	0.09083640000000001	0.0	0.0	0.0	0.0	0.0	0.0539151	0.148362	0.0	0.0	0.0	0.0	0.0	0.0	0.0	0.0	0.0	0.0	0.0458243	0.0
Sin-CPnd_093-Ex1-10C-lcwgs-1-2.clmp.r1r2_fastp	0.0	0.0792066	0.00428144	0.060475299999999996	0.0	0.0	0.0	0.00053518	0.0711789	0.0	0.0	0.0797418	0.0	0.0	0.0	0.0	0.0	0.0	0.0	0.0	0.0	0.0	0.0	0.0	0.131119	0.0	0.10382499999999999	0.00107036	0.0	0.0	0.0	0.0	0.0	0.0	0.0	0.000538416	0.132865	0.187998	0.0	0.0	0.0	0.0	0.209324	0.0	0.0	0.0	0.0	0.0	0.0	0.0	0.0	0.0	0.0	0.0	0.0	0.0	0.0	0.0	0.000633762	0.0	0.0	0.0	0.0	0.0	0.00408124	0.0	0.0	0.0	0.0	0.000725816	0.0	0.0	0.000755886	0.0	0.0	0.0	0.0	0.0	0.0	0.0	0.0415251	0.0	0.0	0.0	0.0	0.0	0.0	0.0	0.0	0.0	0.0	0.0	0.0	0.00103474	0.0	0.0	0.0	0.0	0.0	0.0	0.0	0.0011756000000000002	0.0	0.00121343	0.0	0.0	0.0	0.0	0.00131508	0.0	0.0	0.00137925	0.0	0.0	0.0	0.0	0.0	0.0	0.0	0.0768314	0.0	0.0	0.0	0.0016682200000000002	0.0	0.0	0.0	0.0	0.0	0.0	0.0951599	0.0	0.0	0.0	0.0	0.0	0.0861238	0.148037	0.0	0.0	0.0	0.00223229	0.0	0.0	0.0	0.0	0.0	0.0	0.0739489	0.0
Sin-CPnd_094-Ex1-3H-lcwgs-1-2.clmp.r1r2_fastp	0.0	0.08632909999999999	0.00490713	0.056886299999999994	0.0	0.0	0.0	0.000181745	0.0935989	0.0	0.000181745	0.089964	0.0	0.0	0.0	0.0	0.0	0.0	0.0	0.0	0.0	0.0	0.0	0.000181745	0.119043	0.0	0.0925085	0.00145396	0.0	0.0	0.0	0.000181745	0.0	0.000181783	0.0	0.000181869	0.13535	0.188355	0.000182052	0.0	0.0	0.0	0.188634	0.0	0.0	0.000365637	0.0	0.0	0.0	0.0	0.0	0.0	0.0	0.0	0.0	0.0	0.0	0.0	0.000371609	0.0	0.00018647300000000002	0.000186832	0.0	0.0	0.00319655	0.00018847999999999998	0.0	0.0	0.000189961	0.0	0.00019108200000000002	0.0	0.000192232	0.0	0.000193534	0.0	0.000389838	0.0	0.0	0.0	0.0425629	0.0	0.00019966099999999998	0.0	0.0	0.00020245900000000002	0.0	0.0	0.0	0.0	0.0	0.0	0.0	0.00126947	0.0	0.0	0.0	0.0	0.0	0.0	0.0	0.00022322200000000003	0.0	0.0	0.00022835600000000003	0.0	0.0	0.0	0.000707354	0.0	0.0	0.000726007	0.000244206	0.000246444	0.0	0.0	0.0	0.0	0.0	0.0952155	0.0	0.0	0.0	0.0	0.0	0.0	0.0	0.0	0.0	0.0	0.0918134	0.0	0.0	0.000910352	0.0	0.0	0.0868367	0.138909	0.0	0.0	0.0	0.0	0.0	0.0	0.0	0.000710434	0.0	0.0	0.0680518	0.0
Sin-CPnd_095-Ex1-2B-lcwgs-1-2.clmp.r1r2_fastp	0.0	0.09486409999999999	0.0018972799999999999	0.0521752	0.0	0.0	0.0	0.0	0.0882236	0.0	0.0	0.073994	0.0	0.0	0.0	0.0	0.0	0.0	0.0	0.0	0.0	0.0	0.0	0.0	0.127118	0.0	0.0796858	0.0	0.0	0.0	0.0	0.0	0.0	0.0	0.0009533250000000001	0.0	0.161295	0.166879	0.0	0.0	0.0	0.0	0.168958	0.0	0.0	0.0	0.0	0.0	0.0	0.0	0.0	0.0	0.0	0.0	0.0	0.0	0.0	0.0	0.0	0.0	0.0	0.0	0.0	0.0	0.00503474	0.0	0.0	0.0	0.0	0.0	0.0	0.0	0.00281235	0.0	0.0	0.0	0.0	0.0	0.0	0.0	0.0363057	0.0	0.0	0.0	0.0	0.0	0.00345907	0.0	0.0	0.0	0.0	0.0	0.0	0.0	0.0	0.0	0.0	0.0	0.0	0.0	0.0	0.0	0.0	0.00228139	0.0	0.0	0.0	0.0	0.0	0.0025378799999999997	0.0	0.0	0.0	0.0	0.0	0.0	0.0	0.0	0.0	0.0759117	0.0	0.0	0.0	0.0	0.0	0.0	0.0	0.0	0.0	0.0	0.08992810000000001	0.0	0.0	0.00396699	0.0	0.0	0.0715639	0.10742099999999999	0.0	0.0	0.0	0.0	0.0	0.0	0.0	0.0	0.0	0.0	0.039745600000000006	0.0
Undetermined.clmp.r1r2_fastp	4.791020000000001e-05	0.14173	0.0068233799999999995	0.156924	3.33288e-05	2.08305e-06	0.0	0.0007547589999999999	0.0795392	0.0	7.56842e-05	0.0892906	0.0	0.00022983000000000001	0.0	4.860449999999999e-06	0.0	2.7774000000000003e-06	0.0	1.52757e-05	0.0	0.0	6.943500000000001e-07	0.00120886	0.130173	0.000788782	0.09778320000000001	0.00280517	0.000749204	0.0	0.00250799	0.00765035	0.000477018	0.00201356	0.000310605	0.00285377	0.177198	0.21726900000000002	0.000124939	0.00289888	0.0013674499999999999	5.4946799999999994e-05	0.22518	7.63293e-05	0.000239089	0.00588072	0.013571300000000001	0.00112352	5.16302e-05	0.000251006	0.0005034099999999999	0.000276501	1.61953e-05	0.0004909879999999999	0.000289862	1.18369e-05	0.0	1.74484e-06	0.007627729999999999	4.51058e-06	0.00364351	0.00125032	0.00062331	2.9086700000000002e-06	0.00689104	0.00630525	0.0	6.297059999999999e-06	0.00357416	6.45892e-05	0.000472127	2.28743e-06	0.00350629	4.78537e-05	0.0017457	0.0131422	0.00036702699999999997	0.00042069499999999996	0.0	0.0	0.0486122	4.6510899999999995e-05	0.000131278	1.53185e-05	0.0	0.0005014150000000001	0.00849234	8.54857e-06	0.0	0.0023118699999999997	0.000995854	0.00014366299999999998	0.000368732	0.00269768	0.0	0.0	3.9892e-05	0.000472637	0.0	0.0	0.00017505800000000002	0.00389331	0.0151507	0.00145974	0.000373911	1.4635299999999999e-05	0.0	1.56155e-05	0.0048217699999999995	0.000306407	0.00207721	0.000962257	0.012146500000000001	0.00027616	0.00020304699999999998	5.64279e-05	0.0007030700000000001	0.0	4.43138e-06	0.0963964	0.0	0.0	0.00258014	0.0	0.0	1.10255e-05	0.000358208	7.622649999999999e-05	0.0	0.0	0.09710629999999999	0.0	6.83489e-06	0.000612685	7.25653e-06	0.00011217800000000001	0.0921554	0.145916	0.00011482799999999999	0.00247092	0.000559161	0.000360986	0.0013404299999999999	0.000105584	0.000654243	0.00133523	0.000138806	0.00020197700000000002	0.06304019999999999	0.0
