Sample	1	2	3	4	5	6	7	8	9	10	11	12	13	14	15	16	17	18	19	20	21	22	23	24	25	26	27	28	29	30	31	32	33	34	35	36	37	38	39	40	41	42	43	44	45	46	47	48	49	50	51	52	53	54	55	56	57	58	59	60	61	62	63	64	65	66	67	68	69	70	71	72	73	74	75	76	77	78	79	80	81	82	83	84	85	86	87	88	89	90	91	92	93	94	95	96	97	98	99	100	101	102	103	104	105	106	107	108	109	110	111	112	113	114	115	116	117	118	119	120	121	122	123	124	125	126	127	128	129	130	131	132	133	134	135	136	137	138	139	140	141	142	143	144	145	146	147	148	149	150
Sin-APnd_001-Ex1-6G-lcwgs-1-2.clmp.r1r2_fastp	0.0	0.015534	0.000961705	0.00890734	9.56921e-06	0.0	1.43538e-05	0.000213712	0.010572400000000001	6.379469999999999e-06	0.000149918	0.00898708	0.0	0.0	0.0	0.0	0.0	0.0	0.0	0.0	0.0	0.0	6.379469999999999e-06	0.000328543	0.012604200000000001	0.000323758	0.00875742	0.000141943	9.56921e-06	1.59487e-06	3.50871e-05	2.5517900000000002e-05	7.97434e-06	0.000111835	6.72404e-05	0.0005745419999999999	0.0117988	0.0190188	5.8361300000000007e-05	5.20966e-05	0.000175023	0.0005212680000000001	0.0133101	9.98884e-06	5.0303800000000004e-06	1.3519699999999999e-05	0.0	0.0	0.0	0.0	0.0	1.43713e-05	5.45739e-06	3.1334399999999996e-05	1.12132e-05	1.89615e-06	0.0	0.0	5.56351e-05	4.0406e-06	2.4662000000000002e-05	5.85674e-05	9.370750000000001e-05	1.3017599999999999e-05	0.000455546	1.35303e-05	2.53102e-05	7.51614e-05	0.000225494	2.4508200000000004e-05	1.00207e-05	0.0	3.6690500000000004e-05	0.0	1.09863e-05	3.65754e-05	1.73005e-05	5.91291e-06	9.09723e-06	9.02306e-05	0.0026698200000000003	6.558680000000001e-06	0.0	1.0384800000000001e-05	3.55923e-06	5.12563e-05	6.0278399999999995e-05	0.0	0.0	1.23465e-05	8.48325e-06	3.06156e-05	0.000171475	0.000628646	0.0	0.0	0.0	0.0	0.0	5.66989e-06	0.0	7.889560000000001e-05	0.0	2.6024299999999997e-05	1.3483700000000001e-05	0.0	0.0	7.52155e-06	6.24528e-05	8.104e-06	0.0	1.74861e-05	3.63308e-05	9.43928e-06	0.0	0.0	0.0	1.10688e-05	0.000126785	0.0050297399999999996	0.0	0.0	0.0	0.0	0.0	0.0	3.21948e-05	0.0	1.7567599999999998e-05	0.000146835	0.00575649	0.0	0.0	0.0	0.0	0.000144542	0.005101400000000001	0.009743759999999999	0.0	0.0	0.0	3.1907e-05	3.32974e-05	0.0	7.23289e-05	7.5468e-05	0.0	0.0	0.0051709799999999995	0.0
Sin-APnd_002-Ex1-3G-lcwgs-1-2.clmp.r1r2_fastp	0.0	0.012907700000000001	0.000706258	0.007291270000000001	6.72627e-06	3.36313e-06	1.00894e-05	0.00017151999999999998	0.00879459	3.36313e-06	9.080460000000001e-05	0.007049129999999999	0.0	0.0	0.0	0.0	0.0	0.0	0.0	6.72627e-06	0.0	0.0	6.72627e-06	0.000174883	0.009198169999999999	0.000258961	0.00678008	8.40783e-05	1.34525e-05	0.0	3.0268200000000003e-05	3.36313e-06	3.36313e-06	4.38242e-05	4.39466e-05	0.000349327	0.00917915	0.0138896	2.4050400000000003e-05	5.18076e-05	0.000114638	0.000374045	0.009806190000000001	0.0	0.0	7.2114900000000005e-06	0.0	0.0	0.0	3.7549000000000003e-06	0.0	0.0	0.0	3.55422e-05	4.00545e-06	0.0	4.12792e-06	0.0	2.5583e-05	0.0	2.20698e-05	4.4945700000000006e-05	6.4107e-05	0.0	0.000376104	2.42944e-05	9.9226e-06	6.58893e-05	0.000124347	2.11964e-05	2.16922e-05	0.0	3.9817399999999996e-05	0.0	5.97786e-06	3.06652e-05	6.294880000000001e-06	6.46512e-06	6.643000000000001e-06	6.82917e-05	0.00205795	0.0	0.0	0.0	0.0	3.2555099999999996e-05	4.19671e-05	0.0	0.0	3.69298e-05	9.54018e-06	0.0	0.000173422	0.000591115	0.0	0.0	0.0	0.0	0.0	0.0	0.0	4.22508e-05	1.4625900000000002e-05	1.5195300000000002e-05	1.57942e-05	0.0	0.0	0.0	5.5546699999999995e-05	1.92789e-05	0.0	4.18681e-05	0.0	2.27589e-05	0.0	2.47755e-05	0.0	0.0	0.00011288300000000001	0.004393139999999999	0.0	0.0	0.0	0.0	0.0	0.0	0.0	0.0	0.0	9.308089999999999e-05	0.00488033	0.0	0.0	0.0	0.0	0.000124524	0.0037315499999999997	0.0072974500000000005	0.0	0.0	0.0	0.0	0.0	0.0	0.0	0.0	0.0	0.0	0.0034273500000000004	0.0
Sin-APnd_003-Ex1-3H-lcwgs-1-2.clmp.r1r2_fastp	0.0	0.017362000000000002	0.0011165099999999998	0.0102781	5.17703e-06	0.0	1.03541e-05	0.000234692	0.0121988	8.628379999999999e-06	0.000151859	0.0101677	0.0	0.0	0.0	0.0	0.0	0.0	1.72568e-06	0.0	0.0	0.0	6.9027e-06	0.000264028	0.013763999999999998	0.000312347	0.00930311	0.000105266	2.07081e-05	5.17703e-06	3.6239200000000004e-05	1.89824e-05	3.45135e-06	0.000103695	4.84777e-05	0.0004962	0.012850599999999998	0.0202499	4.37468e-05	3.86349e-05	0.000118126	0.000506443	0.013975000000000001	3.5776600000000002e-06	5.39809e-06	1.99195e-05	1.8233300000000002e-06	0.0	3.70324e-06	1.86752e-06	0.0	5.70855e-06	3.84468e-06	3.30321e-05	1.96507e-06	3.976850000000001e-06	2.01302e-06	0.0	2.89254e-05	4.18919e-06	2.76165e-05	3.6642e-05	6.56374e-05	1.77745e-05	0.00034535999999999996	3.44147e-05	1.16653e-05	4.5095e-05	0.000178756	1.96767e-05	0.0	0.0	4.94569e-05	0.0	0.0	3.31804e-05	2.82368e-05	0.0	1.17945e-05	9.045550000000001e-05	0.00279756	9.46955e-06	3.23164e-06	3.30978e-06	0.0	2.7813200000000003e-05	4.9915100000000006e-05	0.0	0.0	1.1567399999999999e-05	3.961259999999999e-06	3.25693e-05	0.000196758	0.000650206	0.0	0.0	0.0	0.0	0.0	0.0	5.307e-06	2.7379799999999998e-05	0.0	1.75141e-05	3.01596e-05	0.0	0.0	6.67158e-06	6.90487e-05	7.14776e-06	0.0	2.30035e-05	3.97286e-05	3.29468e-05	0.0	8.86199e-06	0.0	9.5462e-06	9.912989999999999e-05	0.00513802	0.0	0.0	0.0	0.0	0.0	0.0	9.47674e-05	1.41024e-05	0.0	7.652789999999999e-05	0.00539297	0.0	0.0	0.0	0.0	0.000118501	0.00518064	0.0100988	2.25599e-05	0.0	0.0	0.0	0.000160627	0.0	0.0	9.038380000000001e-05	0.0	3.27946e-05	0.0049685599999999995	0.0
Sin-APnd_004-Ex1-4A-lcwgs-1-2.clmp.r1r2_fastp	0.0	0.015274200000000002	0.00103855	0.0090945	0.0	2.8689299999999997e-06	1.14757e-05	0.00022377600000000002	0.010517499999999999	5.73785e-06	0.00020082500000000002	0.00902851	0.0	0.0	0.0	0.0	0.0	0.0	0.0	0.0	0.0	2.8689299999999997e-06	1.14757e-05	0.000284024	0.0123249	0.00037296	0.009068679999999999	0.000120495	1.72136e-05	2.8689299999999997e-06	3.1558200000000006e-05	5.16407e-05	2.8689299999999997e-06	0.000143837	5.7719699999999996e-05	0.000663343	0.012281799999999999	0.0186557	6.174360000000001e-05	5.0284e-05	0.00012505399999999999	0.0005368220000000001	0.0132213	9.14603e-06	9.23153e-06	4.04039e-05	0.0	0.0	0.0	6.51153e-06	0.0	1.00365e-05	3.3944100000000003e-06	4.47984e-05	1.0502099999999999e-05	3.55858e-06	0.0	0.0	3.75021e-05	7.64011e-06	2.72508e-05	6.349619999999999e-05	0.00012141699999999999	2.0646100000000002e-05	0.000442596	2.1526499999999998e-05	4.39942e-06	7.19607e-05	0.000183995	1.88252e-05	9.633819999999999e-06	0.0	4.54593e-05	0.0	1.0605e-05	1.0871500000000001e-05	5.01692e-05	5.7195e-06	1.17412e-05	6.02683e-05	0.0030014499999999997	0.0	0.0	1.3421e-05	0.0	4.25827e-05	8.03373e-05	0.0	0.0	7.97403e-06	0.0	3.38732e-05	0.000235821	0.000558547	0.0	0.0	0.0	0.0	0.0	0.0	0.0	6.99764e-05	0.0	0.0	2.5825000000000004e-05	0.0	0.0	0.0	8.935900000000001e-05	0.0	0.0	1.66122e-05	3.44688e-05	1.78884e-05	0.0	0.0	0.0	0.0	0.00010823899999999999	0.00596246	0.0	0.0	0.0	0.0	0.0	0.0	2.9630000000000003e-05	0.0	0.0	0.000201205	0.00615197	0.0	0.0	3.96251e-05	4.13309e-05	8.62933e-05	0.00815909	0.011071899999999999	0.0	0.0	0.0	0.0	5.80717e-05	6.02657e-05	0.0	0.0	0.0	0.0	0.00552896	0.0
Sin-APnd_005-Ex1-4B-lcwgs-1-2.clmp.r1r2_fastp	0.0	0.0132647	0.000839932	0.007252000000000001	5.87365e-06	0.0	1.95788e-06	0.000197746	0.008561820000000001	1.37052e-05	0.00012138900000000001	0.00748107	0.0	0.0	0.0	0.0	0.0	1.95788e-06	0.0	0.0	0.0	0.0	3.91576e-06	0.000236904	0.0100067	0.00027018800000000004	0.00743408	9.39784e-05	2.15367e-05	5.87365e-06	3.3284e-05	2.74104e-05	7.83153e-06	0.00010409199999999999	5.3226e-05	0.000496964	0.0100193	0.0151206	5.64107e-05	4.4632e-05	0.000155359	0.00043695	0.0109886	8.39905e-06	8.487249999999999e-06	1.71643e-05	0.0	0.0	0.0	2.25774e-06	0.0	6.97523e-06	2.36168e-06	2.64019e-05	4.88181e-06	0.0	0.0	2.5756400000000002e-06	4.19979e-05	2.67622e-06	3.00307e-05	7.2437e-05	8.53295e-05	5.8105000000000005e-06	0.00035627600000000004	2.12478e-05	1.2420499999999999e-05	4.76686e-05	0.000178975	1.3333699999999999e-05	2.04976e-05	0.0	4.66926e-05	0.0	7.56382e-06	2.33009e-05	1.99465e-05	4.10015e-06	0.0	0.00010840300000000001	0.00253425	2.2964200000000003e-05	4.72919e-06	0.0	0.0	2.5878700000000003e-05	5.3380299999999994e-05	0.0	0.0	5.87002e-06	0.0	5.0114299999999996e-05	0.000207231	0.000529007	0.0	0.0	0.0	0.0	0.0	0.0	0.0	3.54444e-05	0.0	3.81377e-05	1.97954e-05	0.0	0.0	0.0	4.61076e-05	0.0	0.0	1.29552e-05	0.0	0.0	0.0	0.0	0.0	0.0	5.15017e-05	0.00463186	0.0	0.0	0.0	0.0	0.0	0.0	0.0	0.0	0.0	0.00019084600000000002	0.00532426	0.0	0.0	0.0	3.39724e-05	0.0	0.005467570000000001	0.009850810000000002	0.0	0.0	0.0	0.0	0.0	0.0	0.0	5.47154e-05	0.0	0.000178873	0.00436149	0.0
Sin-APnd_006-Ex1-4C-lcwgs-1-2.clmp.r1r2_fastp	0.0	0.0154246	0.000990472	0.00886696	1.57635e-05	0.0	5.2544899999999996e-06	0.000223316	0.010706	1.0509e-05	0.000118226	0.0085622	0.0	0.0	0.0	0.0	0.0	0.0	0.0	2.62725e-06	0.0	2.62725e-06	5.2544899999999996e-06	0.000302133	0.012161499999999999	0.000294252	0.0083599	0.000131362	3.1527e-05	2.62725e-06	3.9408699999999994e-05	3.1527e-05	0.0	0.000102593	3.952e-05	0.000562212	0.0122378	0.0198837	3.1919700000000005e-05	6.13828e-05	0.000206277	0.000556904	0.013300399999999999	0.0	1.0938200000000001e-05	2.47768e-05	0.0	0.0	0.0	2.84806e-06	0.0	5.81982e-06	2.94464e-06	4.1748e-05	3.022e-06	3.06481e-06	0.0	0.0	3.53065e-05	0.0	2.65629e-05	8.112520000000001e-05	0.000117069	1.40374e-05	0.000447358	3.28678e-05	1.11864e-05	7.23766e-05	0.000276445	1.1945700000000002e-05	4.0745699999999995e-06	0.0	5.1267e-05	0.0	8.97393e-06	9.20399e-06	3.77728e-05	4.84662e-06	9.95436e-06	0.000122722	0.00299002	1.0805e-05	5.55617e-06	0.0	0.0	3.63492e-05	7.48875e-05	0.0	0.0	2.73463e-05	7.053e-06	4.36706e-05	0.000195399	0.000729476	0.0	0.0	0.0	0.0	0.0	0.0	0.0	2.03181e-05	0.0	5.4500300000000004e-05	5.6480799999999996e-05	0.0	0.0	0.0	5.22805e-05	0.0	0.0	0.0	1.51826e-05	4.7309400000000005e-05	0.0	0.0	1.77128e-05	0.0	0.000114911	0.0059548	0.0	0.0	0.0	0.0	0.0	0.0	5.27625e-05	0.0	0.0	0.00020910200000000002	0.00772751	0.0	0.0	3.54159e-05	3.69848e-05	0.000154524	0.00670178	0.0130415	0.0	0.0	0.0	5.01921e-05	0.0	5.4278200000000005e-05	0.0	5.8686e-05	0.0	0.0	0.006207440000000001	0.0
Sin-APnd_007-Ex1-4D-lcwgs-1-2.clmp.r1r2_fastp	0.0	0.014160299999999999	0.0008672700000000001	0.0080501	4.36912e-06	0.0	4.36912e-06	0.000214087	0.00940235	2.18456e-06	0.000150735	0.008296959999999999	0.0	0.0	0.0	0.0	0.0	0.0	0.0	4.36912e-06	0.0	0.0	2.18456e-06	0.00027307	0.0110779	0.000281808	0.007803249999999999	0.000141996	1.09228e-05	0.0	3.05838e-05	2.18456e-05	4.36912e-06	8.09957e-05	3.29185e-05	0.00055688	0.0108358	0.016038	4.01142e-05	3.5844000000000004e-05	0.00013744999999999998	0.0004921179999999999	0.011632499999999999	2.30195e-06	1.16092e-05	2.10912e-05	0.0	0.0	2.4199399999999997e-06	4.89913e-06	0.0	2.515e-06	0.0	2.8479299999999997e-05	2.6294e-06	1.06886e-05	0.0	0.0	3.3760800000000004e-05	0.0	2.3351e-05	6.24759e-05	7.28011e-05	1.54723e-05	0.000388449	3.54699e-05	1.31752e-05	4.37563e-05	0.00019269199999999998	3.16707e-05	1.08002e-05	0.0	5.6578499999999994e-05	0.0	0.0	3.64939e-05	1.247e-05	0.0	0.0	5.8343799999999995e-05	0.0026444999999999997	1.89221e-05	1.45767e-05	4.99222e-06	0.0	5.8039400000000005e-05	9.76888e-05	0.0	0.0	1.77576e-05	0.0	1.2563399999999999e-05	0.000142459	0.000540836	0.0	0.0	0.0	0.0	0.0	8.086999999999999e-06	8.35901e-06	2.59256e-05	8.93797e-06	3.6995699999999995e-05	2.87297e-05	0.0	0.0	0.0	2.2104600000000002e-05	0.0	0.0	2.47059e-05	5.1310299999999996e-05	5.33131e-05	0.0	0.0	0.0	0.0	4.871340000000001e-05	0.00452992	0.0	0.0	0.0	0.0	0.0	0.0	9.034510000000001e-05	0.0	0.0	0.00010283500000000001	0.00590781	0.0	0.0	3.06846e-05	0.0	6.719710000000001e-05	0.006016489999999999	0.00843963	0.0	0.0	0.0	4.43052e-05	0.0	0.0	0.0	0.000104468	0.0	0.000113989	0.00435354	0.0
Sin-APnd_008-Ex1-4E-lcwgs-1-2.clmp.r1r2_fastp	0.0	0.0167995	0.0010394800000000002	0.009571060000000001	4.35841e-06	0.0	8.71682e-06	0.00027458	0.0118505	1.7433600000000002e-05	0.000178695	0.010098399999999999	0.0	0.0	0.0	0.0	0.0	0.0	0.0	2.1792000000000002e-06	0.0	0.0	4.35841e-06	0.000357389	0.013844500000000001	0.00033559700000000003	0.0097563	0.00014382700000000002	2.3971200000000002e-05	2.1792000000000002e-06	4.35841e-05	3.92257e-05	2.1792000000000002e-06	0.000102613	5.9079399999999995e-05	0.000581382	0.013657	0.0209872	5.5448800000000003e-05	6.01596e-05	0.000188124	0.000635168	0.0156402	6.8479399999999995e-06	1.15021e-05	3.24786e-05	0.0	2.3643e-06	2.38951e-06	0.0	0.0	4.95435e-06	0.0	4.83715e-05	0.0	2.6231300000000003e-06	0.0	0.0	4.13197e-05	0.0	2.85306e-05	7.55353e-05	0.000133186	1.8098e-05	0.000452068	3.13703e-05	1.2805799999999999e-05	7.19046e-05	0.000270387	1.7051799999999998e-05	1.74281e-05	0.0	4.73714e-05	0.0	3.81389e-06	3.9038399999999995e-05	2.7981000000000002e-05	0.0	8.390889999999999e-06	0.000111801	0.00339904	0.0	1.39151e-05	0.0	0.0	5.01735e-05	7.21566e-05	0.0	0.0	1.11941e-05	5.75634e-06	2.36862e-05	0.000152368	0.000583414	0.0	0.0	0.0	0.0	0.0	0.0	0.0	3.1912099999999996e-05	0.0	3.39717e-05	1.75371e-05	0.0	0.0	0.0	3.0018199999999997e-05	0.0	0.0	0.0	1.14579e-05	3.55739e-05	1.2275699999999998e-05	0.0	1.3173e-05	0.0	0.000183876	0.00606857	0.0	0.0	0.0	0.0	0.0	0.0	5.67647e-05	0.0	0.0	0.000127225	0.006544889999999999	0.0	0.0	4.95067e-05	0.0	0.000133872	0.00688352	0.0109993	0.0	0.0	0.0	0.000101944	7.04134e-05	3.64365e-05	3.77111e-05	0.000156312	0.0	8.42268e-05	0.00519571	0.0
Sin-APnd_009-Ex1-4F-lcwgs-1-2.clmp.r1r2_fastp	0.0	0.0133527	0.000792023	0.00770192	2.53854e-06	2.53854e-06	1.2692700000000001e-05	0.000195467	0.00886203	5.0770700000000005e-06	0.000144697	0.007503910000000001	0.0	0.0	0.0	2.53854e-06	0.0	0.0	0.0	0.0	0.0	0.0	1.2692700000000001e-05	0.000297009	0.010012	0.000299547	0.00707744	0.000124388	2.03083e-05	2.53854e-06	2.5385400000000003e-05	3.0462399999999998e-05	2.53854e-06	7.63171e-05	6.6307e-05	0.000491088	0.0104264	0.0157324	2.07061e-05	3.12102e-05	0.000141203	0.000489249	0.0108762	0.0	8.06363e-06	1.0844600000000001e-05	2.7363699999999998e-06	0.0	0.0	2.82613e-06	2.86068e-06	5.79577e-06	0.0	4.46953e-05	9.07367e-06	0.0	0.0	0.0	3.55455e-05	0.0	1.6759699999999998e-05	4.7831500000000004e-05	8.71067e-05	1.77774e-05	0.000395687	1.85418e-05	7.58141e-06	2.7136600000000004e-05	0.000257835	8.121219999999999e-06	8.3179e-06	0.0	2.18403e-05	0.0	1.3785300000000002e-05	2.35818e-05	2.9055000000000002e-05	4.975e-06	5.113e-06	7.8846e-05	0.0023732	1.11236e-05	5.72437e-06	0.0	0.0	2.50277e-05	5.80577e-05	0.0	0.0	7.08707e-06	7.3182600000000005e-06	2.2677799999999998e-05	0.000140649	0.0005896709999999999	0.0	0.0	0.0	0.0	0.0	0.0	1.02962e-05	3.20166e-05	1.10673e-05	1.14806e-05	1.19173e-05	0.0	0.0	0.0	6.94374e-05	0.0	0.0	1.56258e-05	0.0	1.693e-05	0.0	1.8370100000000002e-05	0.0	0.0	6.24269e-05	0.00449275	0.0	0.0	0.0	0.0	0.0	0.0	5.87189e-05	0.0	0.0	0.000100818	0.00509866	0.0	0.0	4.0386600000000004e-05	0.0	8.878440000000001e-05	0.0037254700000000003	0.00801711	0.0	5.38522e-05	0.0	5.91625e-05	0.0	0.0	0.0	0.000211252	0.0	0.000308904	0.00287533	0.0
Sin-APnd_010-Ex1-4G-lcwgs-1-2.clmp.r1r2_fastp	0.0	0.015887000000000002	0.000980004	0.00901279	4.05799e-06	0.0	1.0145e-05	0.00023942100000000002	0.0109444	1.0145e-05	0.00015420400000000002	0.00943279	0.0	0.0	0.0	0.0	0.0	0.0	2.02899e-06	2.02899e-06	0.0	0.0	8.11598e-06	0.000326668	0.0125554	0.000330726	0.00865975	0.00011362400000000001	2.4347899999999998e-05	0.0	3.0434900000000002e-05	2.4347899999999998e-05	4.05799e-06	7.52287e-05	6.114670000000001e-05	0.000511014	0.011847	0.0182703	4.13505e-05	4.9852200000000004e-05	0.000150325	0.000604692	0.0132058	2.1268299999999997e-06	1.28551e-05	2.15956e-05	0.0	0.0	4.438e-06	6.725580000000001e-06	0.0	9.16869e-06	2.3197700000000002e-06	3.9931899999999996e-05	4.75967e-06	2.41257e-06	0.0	0.0	4.5383900000000004e-05	0.0	2.34227e-05	7.14408e-05	9.1501e-05	2.46461e-05	0.000393101	3.40779e-05	5.787920000000001e-06	5.9011499999999996e-05	0.000198643	2.1498699999999998e-05	3.1355e-06	0.0	3.59899e-05	0.0	6.8379400000000005e-06	2.4480999999999998e-05	7.157650000000001e-06	3.66391e-06	7.5051599999999995e-06	8.07403e-05	0.00261229	8.07924e-06	8.28619e-06	4.25058e-06	0.0	2.23984e-05	4.14166e-05	0.0	0.0	2.99986e-05	0.0	3.17633e-05	0.00019081099999999999	0.000539042	0.0	0.0	0.0	0.0	0.0	0.0	6.97192e-06	5.7580499999999995e-05	0.0	2.30477e-05	5.56021e-05	0.0	0.0	8.80388e-06	9.11713e-05	0.0	0.0	5.0716499999999995e-05	3.15416e-05	2.1808000000000002e-05	0.0	0.0	0.0	1.26646e-05	0.000184188	0.00489304	0.0	0.0	0.0	0.0	0.0	0.0	0.0	0.0	0.0	8.15667e-05	0.00474141	0.0	0.0	0.0	0.0	7.91557e-05	0.00493788	0.00811012	3.0188099999999996e-05	0.0	0.0	3.44529e-05	0.0	0.0	0.0	0.000121253	0.0	8.80558e-05	0.0042534999999999995	0.0
Sin-APnd_011-Ex1-4H-lcwgs-1-2.clmp.r1r2_fastp	0.0	0.015119999999999998	0.000994831	0.008843750000000001	3.6574699999999997e-06	0.0	3.6574699999999997e-06	0.00020664700000000002	0.0108279	1.09724e-05	0.000155442	0.00926802	0.0	0.0	0.0	0.0	0.0	0.0	0.0	1.82873e-06	0.0	0.0	1.09724e-05	0.000356603	0.0126237	0.000336487	0.00903943	0.00016458599999999999	2.19448e-05	3.6574699999999997e-06	4.57183e-05	4.2060899999999996e-05	1.82873e-06	0.00011918200000000001	5.15006e-05	0.0005537760000000001	0.0121821	0.019048700000000002	4.11972e-05	5.6504499999999994e-05	0.000140265	0.000494336	0.014063899999999999	0.0	5.86968e-06	1.1853399999999999e-05	1.996e-06	0.0	4.08375e-06	2.0673200000000002e-06	0.0	1.0616499999999999e-05	2.15387e-06	2.62324e-05	8.88067e-06	0.0	0.0	0.0	4.03834e-05	4.83789e-06	2.21789e-05	8.2883e-05	9.47488e-05	1.82857e-05	0.00041855900000000004	3.2666599999999997e-05	5.56209e-06	5.40019e-05	0.000255739	2.37809e-05	1.21671e-05	0.0	3.8265499999999995e-05	0.0	1.00405e-05	5.146090000000001e-05	4.2215299999999995e-05	3.60887e-06	3.70324e-06	7.98269e-05	0.00289234	1.20284e-05	4.11955e-06	0.0	0.0	8.95477e-06	6.44943e-05	0.0	0.0	3.0167199999999998e-05	5.1798200000000005e-06	5.87159e-05	0.00013757	0.000550366	0.0	0.0	0.0	0.0	0.0	0.0	0.0	5.12003e-05	0.0	3.12448e-05	4.03868e-05	0.0	0.0	0.0	3.70666e-05	0.0	9.93603e-06	0.0	2.13225e-05	4.41812e-05	0.0	0.0	0.0	3.82865e-05	7.94101e-05	0.005970700000000001	0.0	0.0	0.0	0.0	0.0	0.0	7.12272e-05	0.0	0.0	3.99487e-05	0.00724731	0.0	0.0	7.003909999999999e-05	0.0	7.58188e-05	0.00628944	0.0110461	2.85419e-05	0.0	0.0	0.0	6.6542e-05	3.44247e-05	0.0	3.6912499999999996e-05	0.0	3.97832e-05	0.006043669999999999	0.0
Sin-APnd_012-Ex1-5A-lcwgs-1-2.clmp.r1r2_fastp	0.0	0.0177313	0.00114206	0.010197399999999999	4.05704e-06	0.0	6.085569999999999e-06	0.000294136	0.0121508	1.01426e-05	0.000210966	0.0102075	0.0	0.0	0.0	0.0	0.0	0.0	0.0	2.02852e-06	0.0	0.0	1.01426e-05	0.000375277	0.0141469	0.000304278	0.00991339	0.000156196	2.02852e-05	4.05704e-06	4.2599e-05	5.27416e-05	2.02852e-06	9.550369999999999e-05	6.9229e-05	0.000624549	0.013796300000000001	0.0222935	4.53443e-05	4.55308e-05	0.00016424900000000002	0.000566312	0.0148941	4.22969e-06	1.4908e-05	1.2876400000000001e-05	2.16389e-06	2.1834299999999997e-06	2.20468e-06	2.22774e-06	0.0	4.55828e-06	2.3075099999999998e-06	3.27264e-05	9.47849e-06	2.40362e-06	0.0	0.0	4.2777799999999996e-05	0.0	3.9008400000000004e-05	6.877789999999999e-05	0.00010228800000000001	3.0141100000000002e-05	0.00041579100000000004	2.8433299999999998e-05	1.44911e-05	4.13742e-05	0.00022309699999999998	2.4611999999999997e-05	1.57032e-05	0.0	6.55187e-05	0.0	6.84246e-06	3.49828e-05	3.5781699999999997e-05	0.0	7.4947000000000004e-06	6.52253e-05	0.0031433599999999996	1.6101399999999998e-05	0.0	0.0	4.33587e-06	2.22394e-05	8.21634e-05	0.0	0.0	2.47252e-05	5.08192e-06	4.70219e-05	0.000171984	0.000752076	0.0	0.0	0.0	0.0	0.0	0.0	0.0	3.5167000000000004e-05	7.25849e-06	1.49887e-05	3.0963699999999996e-05	0.0	0.0	8.55711e-06	5.3128200000000004e-05	0.0	9.4866e-06	0.0	3.05404e-05	3.16456e-05	0.0	0.0	0.0	0.0	8.87321e-05	0.00463244	0.0	0.0	0.0	0.0	0.0	0.0	0.0	0.0	1.87287e-05	5.85295e-05	0.006405749999999999	0.0	0.0	0.0	0.0	0.000100632	0.00599518	0.00970299	5.74765e-05	0.0	0.0	3.27539e-05	0.0	3.54383e-05	0.0	0.000230084	3.99262e-05	4.17175e-05	0.00441829	0.0
Sin-APnd_013-Ex1-5B-lcwgs-1-2.clmp.r1r2_fastp	0.0	0.0133129	0.0009175650000000001	0.007833330000000001	0.0	0.0	1.6427e-05	0.00021824399999999998	0.00899261	9.38686e-06	0.000159577	0.00731002	0.0	2.3467099999999998e-06	0.0	2.3467099999999998e-06	0.0	0.0	0.0	0.0	0.0	0.0	1.17336e-05	0.0003215	0.0103983	0.000361394	0.0074836699999999996	0.000140803	3.2854e-05	4.69343e-06	3.52007e-05	2.5813899999999997e-05	1.40803e-05	0.000143485	6.60494e-05	0.000563314	0.010642800000000001	0.0158241	6.96151e-05	6.51991e-05	0.00015557100000000002	0.00045301299999999994	0.011511899999999999	2.49102e-06	1.00635e-05	1.01722e-05	0.0	2.6049899999999998e-06	2.64007e-06	5.35587e-06	0.0	8.28632e-06	0.0	2.00068e-05	8.73162e-06	5.9328400000000004e-06	0.0	0.0	3.15174e-05	3.21972e-06	1.64536e-05	8.41233e-05	9.98298e-05	2.11391e-05	0.000505075	1.84811e-05	3.7888799999999997e-06	5.4391099999999995e-05	0.00022717499999999998	3.68107e-05	8.39766e-06	0.0	6.201170000000001e-05	0.0	9.355329999999999e-06	1.92381e-05	1.48401e-05	0.0	5.23912e-06	0.000124063	0.00259981	1.71685e-05	5.89638e-06	6.076509999999999e-06	6.26576e-06	4.52391e-05	7.33533e-05	0.0	0.0	2.20236e-05	0.0	7.83689e-06	0.000121546	0.000628433	0.0	0.0	0.0	0.0	0.0	0.0	0.0	4.43037e-05	0.0	0.0	1.236e-05	0.0	0.0	0.0	4.3198199999999996e-05	0.0	0.0	4.8584199999999995e-05	3.36932e-05	3.50697e-05	0.0	0.0	0.0	0.0	6.46085e-05	0.00419909	0.0	0.0	0.0	0.0	0.0	0.0	3.03031e-05	0.0	0.0	3.46312e-05	0.0052517	0.0	0.0	0.0	4.34807e-05	4.55425e-05	0.0056815599999999996	0.00836202	0.0	0.0	0.0	6.04236e-05	6.30805e-05	0.0	6.85661e-05	0.000286343	0.0	7.83346e-05	0.00416082	0.0
Sin-APnd_014-Ex1-5C-lcwgs-1-2.clmp.r1r2_fastp	0.0	0.011652800000000001	0.000776118	0.0069850699999999995	2.7521900000000002e-06	0.0	1.3761e-05	0.000228432	0.00797035	2.7521900000000002e-06	0.000170636	0.00667407	0.0	0.0	0.0	0.0	0.0	0.0	0.0	5.50439e-06	0.0	0.0	8.25658e-06	0.000308246	0.00912077	0.000302741	0.00718047	0.000132105	3.02741e-05	0.0	2.47697e-05	4.40351e-05	5.50439e-06	0.00010209499999999999	6.6434e-05	0.000555727	0.00951368	0.0147975	3.9520899999999996e-05	4.83089e-05	0.000146004	0.000502251	0.010509300000000001	2.94201e-06	5.94912e-06	3.31134e-05	0.0	3.0909000000000003e-06	1.25449e-05	0.0	0.0	6.587340000000001e-06	0.0	3.7587100000000005e-05	2.0906e-05	3.55574e-06	0.0	0.0	2.65611e-05	3.88209e-06	2.3843e-05	9.767220000000001e-05	9.59112e-05	4.2751100000000005e-05	0.00043416	1.80044e-05	4.6225e-06	8.074240000000001e-05	0.00025388499999999997	4.51878e-05	1.54974e-05	0.0	5.47444e-05	0.0	1.16187e-05	3.59302e-05	2.4703299999999998e-05	1.27428e-05	0.0	0.000135793	0.00253102	2.1731e-05	7.485119999999999e-06	0.0	0.0	3.31071e-05	5.1404900000000007e-05	0.0	0.0	9.52344e-06	0.0	4.09367e-05	0.00012743	0.000694234	0.0	0.0	0.0	0.0	0.0	0.0	0.0	4.49703e-05	0.0	3.24782e-05	0.0	0.0	0.0	0.0	1.99808e-05	0.0	2.17498e-05	2.27068e-05	2.37026e-05	4.94949e-05	0.0	0.0	0.0	5.9112e-05	3.09082e-05	0.00491211	0.0	0.0	0.0	0.0	0.0	0.0	0.0	0.0	4.89545e-05	0.000102649	0.00473776	0.0	0.0	0.0	0.0	0.0	0.00621311	0.00698626	0.0	0.0	0.0	0.0	0.0	0.0	0.0	0.0	0.000115783	0.000121582	0.00387943	0.0
Sin-APnd_015-Ex1-5D-lcwgs-1-2.clmp.r1r2_fastp	0.0	0.0134126	0.000866048	0.00784472	5.58741e-06	0.0	1.11748e-05	0.000184384	0.00875268	5.58741e-06	0.000153654	0.0070094	0.0	0.0	0.0	0.0	0.0	0.0	0.0	5.58741e-06	0.0	0.0	1.95559e-05	0.000251433	0.00990927	0.00033803800000000003	0.00737817	0.00010057299999999999	2.23496e-05	8.38111e-06	3.07307e-05	1.67622e-05	2.7937e-06	0.000114749	6.45136e-05	0.0005371540000000001	0.0101347	0.015714099999999998	4.8342899999999994e-05	6.57154e-05	0.000180969	0.00052306	0.0108401	5.86226e-06	8.86662e-06	2.38607e-05	0.0	0.0	0.0	6.2367299999999995e-06	0.0	9.61239e-06	3.25154e-06	4.29285e-05	1.00688e-05	0.0	0.0	0.0	5.0493100000000006e-05	3.6779699999999998e-06	1.87637e-05	5.36376e-05	8.21837e-05	1.99978e-05	0.000445829	2.51111e-05	1.28539e-05	7.46165e-05	0.000296923	2.30675e-05	1.89322e-05	0.0	4.9884899999999994e-05	0.0	1.05331e-05	2.16605e-05	3.8998499999999996e-05	5.7340000000000005e-06	0.0	7.29765e-05	0.00236249	1.2920299999999999e-05	0.0	0.0	7.09114e-06	6.58907e-05	3.7809200000000004e-05	0.0	0.0	2.5056700000000004e-05	0.0	2.6826e-05	0.000175942	0.000681016	0.0	0.0	0.0	0.0	0.0	0.0	1.23942e-05	3.86147e-05	0.0	2.7795700000000002e-05	2.89021e-05	0.0	1.56478e-05	0.0	3.39203e-05	0.0	1.83993e-05	1.91819e-05	0.0	4.17033e-05	0.0	0.0	0.0	0.0	7.755509999999999e-05	0.00404987	0.0	0.0	0.0	0.0	0.0	0.0	0.0	0.0	0.0	8.48521e-05	0.00537917	0.0	0.0	0.0	0.0	0.000113055	0.005523559999999999	0.00823778	0.0	0.0	0.0	0.0	7.947250000000001e-05	0.0	0.0	0.0	0.0	9.988050000000001e-05	0.00425293	0.0
Sin-APnd_016-Ex1-5E-lcwgs-1-2.clmp.r1r2_fastp	0.0	0.0118271	0.000803342	0.00694878	5.0684e-06	2.5342e-06	7.6026e-06	0.000192599	0.007812939999999999	1.2671e-05	0.000162189	0.006766320000000001	0.0	0.0	0.0	0.0	0.0	0.0	2.5342e-06	2.5342e-06	0.0	0.0	7.6026e-06	0.000321844	0.00906737	0.000293967	0.00680686	0.000144449	3.04104e-05	5.0684e-06	3.29446e-05	3.29446e-05	2.5342e-06	0.00014489100000000002	4.08219e-05	0.000538116	0.00931267	0.0145595	6.0008e-05	7.3605e-05	0.000204123	0.000516383	0.010171399999999999	5.46668e-06	1.10684e-05	2.80393e-06	0.0	2.88702e-06	2.93369e-06	0.0	0.0	6.189709999999999e-06	3.15569e-06	3.86419e-05	3.28855e-06	0.0	0.0	0.0	2.52058e-05	3.6887e-06	2.26832e-05	7.364889999999999e-05	9.14427e-05	2.44805e-05	0.00037703300000000003	1.7214100000000002e-05	4.42316e-06	6.82229e-05	0.000271361	2.8884900000000002e-05	2.47789e-05	5.10324e-06	7.35855e-05	0.0	0.0	2.3017e-05	2.37396e-05	6.12368e-06	1.2640800000000001e-05	9.13553e-05	0.00234498	6.9616e-06	0.0	7.4341000000000005e-06	0.0	3.97634e-05	4.11443e-05	0.0	0.0	0.0	0.0	9.80871e-06	0.000305109	0.00060122	0.0	0.0	0.0	0.0	0.0	0.0	0.0	4.27888e-05	0.0	1.54231e-05	0.0	0.0	0.0	0.0	3.78224e-05	0.0	0.0	0.0	6.71065e-05	2.33417e-05	0.0	0.0	2.6589e-05	2.7773e-05	0.00011608	0.00479032	0.0	0.0	0.0	0.0	0.0	0.0	4.14864e-05	0.0	0.0	9.53164e-05	0.00504438	0.0	0.0	0.0	0.0	0.000126561	0.00518123	0.00920787	0.0	0.0	0.0	0.0	8.81901e-05	9.19809e-05	0.0	0.0	0.0	0.0	0.004907979999999999	0.0
Sin-APnd_017-Ex1-5F-lcwgs-1-2.clmp.r1r2_fastp	0.0	0.012646000000000001	0.000878405	0.00735134	9.086950000000001e-06	9.086950000000001e-06	3.0289799999999996e-06	0.000215058	0.00849327	1.51449e-05	0.000145391	0.00696363	0.0	0.0	0.0	0.0	0.0	0.0	0.0	0.0	0.0	0.0	9.086950000000001e-06	0.000318043	0.0093323	0.000278666	0.007308940000000001	0.000133275	2.4231899999999997e-05	0.0	2.72608e-05	4.24058e-05	0.0	0.00011538000000000001	5.1770099999999994e-05	0.0005378550000000001	0.00972938	0.0152817	5.58198e-05	4.99263e-05	0.000144537	0.00055413	0.010733600000000001	3.22367e-06	0.0	1.6470599999999998e-05	3.3343999999999998e-06	0.0	3.42576e-06	0.0	0.0	1.0771799999999999e-05	0.0	2.23185e-05	1.5160599999999998e-05	0.0	0.0	0.0	2.46792e-05	4.20432e-06	2.5799100000000002e-05	7.47873e-05	0.000112581	1.38359e-05	0.000411132	2.42256e-05	9.9398e-06	5.6106399999999995e-05	0.000204244	4.30374e-05	1.6585099999999998e-05	0.0	5.8443e-05	0.0	1.8558e-05	3.18391e-05	6.557650000000001e-06	6.7565e-06	6.96416e-06	5.7434e-05	0.00235412	3.05457e-05	0.0	0.0	0.0	4.33797e-05	3.58637e-05	0.0	0.0	2.97507e-05	1.02613e-05	3.18625e-05	9.900189999999999e-05	0.000752023	0.0	0.0	0.0	0.0	0.0	0.0	0.0	3.0536799999999995e-05	0.0	1.6470499999999998e-05	3.42371e-05	0.0	0.0	0.0	2.00393e-05	0.0	2.17147e-05	2.26141e-05	0.0	2.45284e-05	0.0	0.0	0.0	0.0	0.00021162900000000002	0.00463691	0.0	0.0	0.0	0.0	0.0	0.0	4.27335e-05	0.0	0.0	4.8890299999999995e-05	0.0053717	0.0	0.0	5.8696299999999996e-05	0.0	0.000128853	0.00493195	0.00807816	0.0	0.0	0.0	8.548469999999999e-05	0.0	0.0	0.0	0.000203031	0.0	0.0	0.00471903	0.0
Sin-APnd_018-Ex1-5G-lcwgs-1-2.clmp.r1r2_fastp	0.0	0.0119807	0.000740166	0.0072048699999999995	0.0	0.0	5.87433e-06	0.000202664	0.00772768	1.17487e-05	0.000126298	0.00649701	0.0	0.0	0.0	0.0	0.0	2.93717e-06	0.0	0.0	0.0	0.0	1.4685800000000001e-05	0.000252596	0.00878213	0.00026434500000000003	0.00640008	0.000108675	1.4685800000000001e-05	0.0	2.93717e-05	2.93717e-05	5.87433e-06	0.00011479400000000001	6.197220000000001e-05	0.00047657099999999996	0.00889857	0.0136267	6.29597e-05	3.6172e-05	0.00011827200000000001	0.000464085	0.009932950000000001	0.0	1.5652e-05	2.52952e-05	0.0	3.2338000000000003e-06	0.0	3.31904e-06	0.0	1.3671999999999999e-05	3.4728499999999997e-06	2.82488e-05	3.59324e-06	3.65948e-06	0.0	0.0	4.2694199999999995e-05	0.0	4.04908e-05	6.62295e-05	0.00010161600000000001	2.16654e-05	0.00042153899999999996	2.7280299999999997e-05	1.39844e-05	4.78199e-05	0.00022577	2.51992e-05	1.03549e-05	0.0	7.66157e-05	0.0	1.15888e-05	3.57979e-05	1.84404e-05	0.0	0.0	8.08754e-05	0.00196126	1.43594e-05	7.414890000000001e-06	0.0	0.0	1.6373600000000002e-05	9.31574e-05	0.0	0.0	3.75971e-05	0.0	1.00982e-05	0.00011521900000000001	0.000695492	0.0	0.0	0.0	0.0	0.0	0.0	0.0	5.91945e-05	0.0	0.0	0.0	0.0	0.0	0.0	5.92985e-05	0.0	0.0	4.50053e-05	0.0	2.4570900000000002e-05	0.0	0.0	2.81206e-05	2.94212e-05	0.000123192	0.00470732	0.0	0.0	0.0	0.0	0.0	0.0	8.95204e-05	0.0	0.0	0.00010353700000000001	0.0047835099999999995	0.0	0.0	0.0	0.0	6.97103e-05	0.0060887	0.00903851	0.0	0.0	0.0	9.47707e-05	0.0	0.0	0.0	0.00011409899999999999	0.00011951899999999999	0.0	0.0032122	0.0
Sin-APnd_019-Ex1-5H-lcwgs-1-2.clmp.r1r2_fastp	0.0	0.014592699999999998	0.0009985010000000002	0.00848726	4.87074e-06	2.43537e-06	1.4612199999999999e-05	0.00022161900000000002	0.0095783	7.30611e-06	0.000153428	0.00780292	0.0	0.0	0.0	0.0	0.0	0.0	0.0	2.43537e-06	0.0	0.0	4.87074e-06	0.000365305	0.0105013	0.000370176	0.00775908	0.000160734	3.1659800000000005e-05	1.2176800000000002e-05	3.1659800000000005e-05	2.43537e-05	7.30611e-06	0.00010736599999999999	4.6471500000000004e-05	0.000637689	0.0112861	0.0176171	4.21809e-05	2.99209e-05	0.000213105	0.00060035	0.012211000000000001	0.0	7.74097e-06	1.82281e-05	0.0	0.0	2.68914e-06	2.7225800000000003e-06	0.0	0.0	0.0	4.03603e-05	5.85946e-06	5.95892e-06	0.0	0.0	4.0889499999999995e-05	0.0	3.27013e-05	5.00537e-05	0.000122637	3.82759e-05	0.000472985	1.81845e-05	2.6047e-05	5.33267e-05	0.000331591	1.99847e-05	1.22901e-05	0.0	3.8789400000000005e-05	0.0	1.8162499999999998e-05	3.73082e-05	3.8334700000000004e-05	4.926609999999999e-06	0.0	7.81904e-05	0.00246248	1.10483e-05	1.1378e-05	0.0	0.0	6.85185e-05	5.14073e-05	0.0	0.0	2.12169e-05	0.0	3.02116e-05	0.000156231	0.000686732	0.0	0.0	0.0	0.0	0.0	0.0	0.0	5.3628e-05	0.0	4.61984e-05	3.5985199999999996e-05	0.0	0.0	0.0	2.8040699999999997e-05	1.45872e-05	0.0	3.1622e-05	0.0	8.5759e-05	0.0	0.0	0.0	0.0	6.34696e-05	0.00456945	0.0	0.0	0.0	0.0	0.0	0.0	2.9979000000000002e-05	0.0	0.0	0.00010301699999999999	0.0056070899999999995	0.0	0.0	0.0	0.0	0.0	0.0061493	0.008857160000000001	5.2521999999999996e-05	0.0	0.0	0.0	0.0	0.0	0.0	7.21855e-05	0.0	7.91038e-05	0.0048752199999999996	0.0
Sin-APnd_020-Ex1-6A-lcwgs-1-2.clmp.r1r2_fastp	0.0	0.0147023	0.0008810220000000001	0.00867484	4.29767e-06	0.0	1.93395e-05	0.000266455	0.009852399999999999	1.5041799999999999e-05	0.000189097	0.00815267	0.0	0.0	0.0	2.14883e-06	0.0	0.0	2.14883e-06	6.4465e-06	0.0	0.0	1.71907e-05	0.00036745	0.0115758	0.000361004	0.00866839	0.000139674	2.1488300000000002e-05	4.29767e-06	3.4381299999999996e-05	4.08278e-05	4.29767e-06	9.69072e-05	7.55664e-05	0.000649648	0.011795400000000001	0.018369	5.70039e-05	7.49288e-05	0.000234957	0.000513102	0.0125847	4.52928e-06	4.5692499999999995e-06	2.07591e-05	0.0	0.0	0.0	7.24994e-06	0.0	7.46019e-06	2.5256e-06	3.5937400000000006e-05	5.22228e-06	7.97442e-06	0.0	0.0	5.63048e-05	0.0	2.34679e-05	8.69031e-05	0.00018375	1.25259e-05	0.000438927	3.93567e-05	6.71821e-06	7.57207e-05	0.000381052	5.42721e-05	1.11346e-05	7.61861e-06	3.9106899999999997e-05	0.0	4.1255e-06	4.66367e-05	2.1791e-05	4.48244e-06	0.0	8.542129999999999e-05	0.00266186	1.50872e-05	1.0357800000000001e-05	0.0	0.0	2.26853e-05	5.85078e-05	0.0	0.0	1.93107e-05	6.64952e-06	4.12281e-05	0.00016343	0.000727572	0.0	0.0	0.0	0.0	0.0	0.0	0.0	9.73043e-06	0.0	2.09318e-05	3.25922e-05	0.0	0.0	0.0	6.336220000000001e-05	0.0	1.37007e-05	1.42589e-05	1.4836000000000002e-05	3.08751e-05	0.0	0.0	0.0	0.0	0.000189636	0.00438907	0.0	0.0	0.0	0.0	0.0	0.0	5.3419300000000005e-05	0.0	0.0	0.000153001	0.00480488	0.0	0.0	0.0	0.0	4.05242e-05	0.00502207	0.00769034	4.69641e-05	0.0	0.0	0.0	5.6573499999999996e-05	5.8997e-05	0.0	0.000128787	0.0	0.0	0.00369486	0.0
Sin-APnd_021-Ex1-6B-lcwgs-1-2.clmp.r1r2_fastp	0.0	0.0175961	0.000986593	0.00995842	5.60564e-06	0.0	8.40846e-06	0.000243845	0.0115224	8.40846e-06	0.00020740899999999998	0.00987154	0.0	0.0	0.0	0.0	0.0	0.0	0.0	0.0	0.0	2.80282e-06	1.68169e-05	0.000336339	0.0136722	0.000420423	0.00946793	0.00014855	2.52254e-05	5.60564e-06	3.6436699999999996e-05	2.8028200000000004e-05	8.40846e-06	0.000103927	7.88465e-05	0.000626973	0.013524500000000002	0.0208291	5.14319e-05	4.30633e-05	0.000152953	0.000664671	0.014215199999999999	5.8815e-06	5.92592e-06	4.18184e-05	0.0	0.0	0.0	9.31009e-06	0.0	3.1747800000000004e-06	6.4280399999999995e-06	4.55756e-05	3.2992399999999995e-06	0.0	0.0	0.0	3.14933e-05	3.55525e-06	1.8068700000000002e-05	7.349349999999999e-05	8.59714e-05	1.90201e-05	0.000464807	1.57825e-05	8.04209e-06	6.96934e-05	0.000229975	1.27986e-05	4.35462e-06	0.0	3.63316e-05	0.0	1.4229e-05	1.93986e-05	4.960899999999999e-06	1.01537e-05	5.19755e-06	0.000117096	0.0028731	1.11738e-05	5.726549999999999e-06	0.0	0.0	2.4729599999999998e-05	0.00010156399999999999	0.0	0.0	6.884280000000001e-06	0.0	1.4557800000000001e-05	0.00021724199999999998	0.0006476149999999999	0.0	0.0	0.0	0.0	0.0	0.0	0.0	2.94809e-05	0.0	0.0	1.08208e-05	0.0	0.0	0.0	2.47866e-05	1.2826899999999999e-05	0.0	2.7511500000000002e-05	1.425e-05	4.4305e-05	0.0	1.58878e-05	1.64885e-05	1.71135e-05	0.000159912	0.00494483	0.0	0.0	0.0	0.0	0.0	0.0	0.0	0.0	2.63055e-05	0.000109633	0.00580117	0.0	0.0	6.492149999999999e-05	3.3896e-05	3.5413e-05	0.00514818	0.00887573	0.0	0.0	0.0	0.0	0.0	0.0	0.0	0.0	0.0	0.0	0.00358209	0.0
Sin-APnd_022-Ex1-6C-lcwgs-1-2.clmp.r1r2_fastp	0.0	0.0151996	0.000906514	0.00891613	1.8627e-05	0.0	6.208999999999999e-06	0.00020489699999999997	0.00985989	0.0	0.00021110600000000002	0.00859947	0.0	0.0	0.0	0.0	0.0	0.0	0.0	1.2417999999999999e-05	0.0	0.0	3.1045e-05	0.000279405	0.011735	0.000366331	0.00781713	0.00012418	2.4835999999999997e-05	0.0	2.4835999999999997e-05	6.208999999999999e-06	6.208999999999999e-06	8.70906e-05	4.98807e-05	0.000512665	0.0120879	0.017750099999999998	4.42626e-05	5.71787e-05	0.000153281	0.000584619	0.012776700000000002	6.512220000000001e-06	0.0	3.3102e-05	0.0	0.0	0.0	1.3796e-05	0.0	7.07099e-06	0.0	3.63416e-05	7.37611e-06	0.0	0.0	0.0	4.7228399999999997e-05	0.0	1.63157e-05	7.47994e-05	9.31745e-05	8.63799e-06	0.000440661	3.59908e-05	9.190040000000001e-06	5.63497e-05	0.00020164	1.9641e-05	1.00491e-05	0.0	7.374890000000001e-05	0.0	1.10611e-05	6.80479e-05	1.16333e-05	0.0	1.2254100000000002e-05	6.29174e-05	0.00285627	2.65648e-05	0.0	0.0	0.0	1.4862599999999999e-05	7.65155e-05	0.0	0.0	0.0	0.0	3.56386e-05	9.19678e-05	0.0005697780000000001	0.0	0.0	0.0	0.0	0.0	0.0	0.0	2.47991e-05	0.0	2.65957e-05	5.5132499999999994e-05	0.0	0.0	0.0	6.38638e-05	0.0	0.0	0.0	3.71415e-05	3.8597400000000004e-05	0.0	0.0	0.0	0.0	4.6996e-05	0.00562212	0.0	0.0	0.0	0.0	0.0	0.0	6.492689999999999e-05	0.0	0.0	7.357900000000001e-05	0.006292399999999999	0.0	0.0	0.0	0.0	0.000190179	0.008343910000000001	0.011004	0.0	0.0	0.0	0.0	0.0	0.0	0.0	0.0	0.0	0.0	0.00525806	0.0
Sin-APnd_023-Ex1-6D-lcwgs-1-2.clmp.r1r2_fastp	0.0	0.019042700000000003	0.00127662	0.0111226	1.25467e-05	0.0	6.273340000000001e-06	0.00026348	0.012073	6.273340000000001e-06	0.00025720699999999997	0.0102224	0.0	0.0	0.0	0.0	0.0	3.1366700000000004e-06	0.0	3.1366700000000004e-06	0.0	3.1366700000000004e-06	6.273340000000001e-06	0.00043599700000000003	0.0148772	0.00042344999999999997	0.0111979	0.00015683399999999998	4.07767e-05	6.273340000000001e-06	3.764e-05	7.214339999999999e-05	1.25467e-05	0.000109949	5.3499900000000006e-05	0.00074743	0.015313100000000001	0.0254958	6.68135e-05	3.83212e-05	0.000211658	0.000792614	0.0165252	0.0	1.3117900000000002e-05	3.30324e-05	0.0	0.0	3.3890899999999996e-06	3.42324e-06	0.0	1.04996e-05	3.54255e-06	3.22886e-05	2.18144e-05	0.0	0.0	0.0	3.08573e-05	3.91982e-06	2.7898599999999997e-05	6.48672e-05	0.000111397	1.68026e-05	0.00058197	2.18068e-05	8.89522e-06	9.07532e-05	0.000263992	3.78327e-05	9.66209e-06	0.0	8.076740000000001e-05	0.0	1.58462e-05	3.78429e-05	2.21416e-05	0.0	0.0	0.000166799	0.00340223	2.5060500000000002e-05	6.4280399999999995e-06	0.0	0.0	4.1757899999999995e-05	7.15214e-05	0.0	0.0	2.33354e-05	0.0	1.64774e-05	0.00025449800000000003	0.0009435759999999999	0.0	0.0	0.0	0.0	0.0	0.0	0.0	2.2367199999999998e-05	0.0	2.38561e-05	3.69795e-05	0.0	0.0	0.0	1.4111800000000001e-05	0.0	0.0	0.0	4.86389e-05	8.39673e-05	0.0	3.60937e-05	1.8715899999999998e-05	1.9412e-05	0.00024177900000000002	0.0058955	0.0	0.0	0.0	0.0	0.0	0.0	5.46309e-05	0.0	2.95942e-05	0.0	0.00725327	0.0	0.0	0.0	0.0	0.00019784399999999997	0.00673618	0.00993051	0.0	0.0	0.0	0.0	0.0	0.0	5.74834e-05	5.98114e-05	0.0	6.501969999999999e-05	0.0051657	0.0
Sin-APnd_024-Ex1-6E-lcwgs-1-2.clmp.r1r2_fastp	0.0	0.013344100000000001	0.0009106899999999999	0.00829107	1.89727e-05	0.0	6.324229999999999e-06	0.00025296899999999997	0.00882231	6.324229999999999e-06	0.00016443	0.00791794	0.0	0.0	0.0	0.0	0.0	0.0	0.0	6.324229999999999e-06	0.0	0.0	6.324229999999999e-06	0.00022134799999999998	0.0100935	0.000303563	0.00741833	9.48635e-05	3.16212e-05	0.0	1.89727e-05	3.16212e-05	0.0	7.60201e-05	6.34808e-05	0.000540892	0.010684200000000001	0.0156761	5.7852399999999995e-05	5.80996e-05	0.00013622300000000001	0.000404354	0.0115414	0.0	6.65584e-06	2.68457e-05	0.0	6.84009e-06	0.0	0.0	0.0	0.0	0.0	2.9542399999999997e-05	7.50032e-06	0.0	0.0	0.0	1.60659e-05	0.0	2.5031999999999997e-05	6.80891e-05	4.34297e-05	0.0	0.00047127099999999994	1.85297e-05	0.0	4.8492e-05	0.000208528	3.0515000000000002e-05	0.0	0.0	4.38451e-05	0.0	1.15445e-05	7.112870000000001e-05	2.43572e-05	0.0	1.2870799999999999e-05	6.62005e-05	0.00231584	1.40228e-05	2.8878000000000004e-05	2.9742199999999998e-05	0.0	1.57959e-05	8.14587e-05	0.0	0.0	0.0	0.0	5.73508e-05	0.000158094	0.000674356	0.0	0.0	0.0	0.0	0.0	0.0	2.60768e-05	8.11017e-05	0.0	0.0	6.03891e-05	0.0	0.0	0.0	3.51947e-05	0.0	0.0	3.95936e-05	0.0	0.00012860400000000002	0.0	0.0	0.0	0.0	0.000105266	0.005046950000000001	0.0	0.0	0.0	0.0	0.0	0.0	7.3965e-05	0.0	0.0	0.0	0.007073019999999999	0.0	0.0	0.0	0.0	0.000111113	0.0044271399999999995	0.00757756	0.0	0.0	0.0	0.0	0.000153657	0.0	0.0	0.0	0.0	0.0	0.0050646499999999995	0.0
Sin-APnd_025-Ex1-6F-lcwgs-1-2.clmp.r1r2_fastp	0.0	0.012685	0.000709102	0.00731426	0.0	3.28288e-06	6.56576e-06	0.000180558	0.00798068	6.56576e-06	0.000160861	0.0068119800000000005	0.0	0.0	0.0	0.0	0.0	0.0	0.0	0.0	0.0	6.56576e-06	6.56576e-06	0.000233084	0.00876857	0.00027576200000000003	0.006454140000000001	0.000121467	1.96973e-05	3.28288e-06	2.95459e-05	3.28288e-05	0.0	0.000108526	2.96614e-05	0.000482403	0.00920391	0.0141753	1.3356099999999999e-05	3.68929e-05	0.000138194	0.00041010199999999997	0.00975684	6.867680000000001e-06	6.92024e-06	1.74458e-05	0.0	0.0	3.59388e-06	0.0	3.68023e-06	7.45727e-06	3.7806600000000002e-06	1.91814e-05	3.8956000000000004e-06	7.91824e-06	0.0	0.0	4.17295e-05	0.0	2.60169e-05	9.29112e-05	8.13046e-05	1.84569e-05	0.00044336	3.85968e-05	4.9381499999999995e-06	5.5627e-05	0.000202099	1.59379e-05	5.44973e-06	0.0	8.04098e-05	0.0	0.0	4.36557e-05	1.28318e-05	0.0	0.0	0.00011209999999999999	0.00212284	2.2334699999999998e-05	7.67868e-06	0.0	0.0	3.37943e-05	0.00010476200000000001	0.0	0.0	9.65634e-06	9.99556e-06	0.0	0.00019305800000000002	0.0006559269999999999	0.0	0.0	0.0	0.0	0.0	0.0	1.44555e-05	0.0	0.0	3.25203e-05	1.6925200000000002e-05	0.0	0.0	0.0	5.98351e-05	0.0	0.0	0.0	2.36226e-05	2.4663199999999998e-05	0.0	0.0	0.0	2.94426e-05	0.000246401	0.00402749	0.0	0.0	0.0	0.0	0.0	0.0	4.45952e-05	0.0	0.0	5.15424e-05	0.00416738	0.0	0.0	0.0	0.0	0.00013908699999999998	0.00410248	0.00671403	0.0	0.0	9.01452e-05	9.48808e-05	0.0	0.0	0.0	0.0	0.0	0.0	0.00445915	0.0
Sin-CPnd_013-Ex1-4E-lcwgs-1-2.clmp.r1r2_fastp	0.0	0.0679656	0.0	0.0226552	0.0	0.0	0.0	0.0	0.0226552	0.0	0.0226552	0.0226552	0.0	0.0	0.0	0.0	0.0	0.0	0.0	0.0	0.0	0.0	0.0	0.0	0.0453104	0.0	0.0226552	0.0	0.0	0.0	0.0	0.0	0.0	0.0	0.0	0.0	0.0	0.09189069999999999	0.0	0.0	0.0	0.0	0.0235239	0.0	0.0	0.0	0.0	0.0	0.0	0.0	0.0	0.0	0.0	0.0	0.0	0.0	0.0	0.0	0.0	0.0	0.0	0.0	0.0	0.0	0.0	0.0	0.0	0.0	0.0	0.0	0.0	0.0	0.0	0.0	0.0	0.0	0.0	0.0	0.0	0.0	0.0	0.0	0.0	0.0	0.0	0.0	0.0	0.0	0.0	0.0	0.0	0.0	0.0	0.0	0.0	0.0	0.0	0.0	0.0	0.0	0.0	0.0	0.0	0.0	0.0	0.0	0.0	0.0	0.0	0.0	0.0	0.0	0.0	0.0	0.0	0.0	0.0	0.0	0.0	0.10793300000000002	0.0	0.0	0.0	0.0	0.0	0.0	0.0	0.0	0.0	0.0	0.0	0.0	0.0	0.0	0.0	0.0	0.0	0.0	0.0	0.0	0.0	0.0	0.0	0.0	0.0	0.0	0.0	0.0	0.0	0.0
Sin-CPnd_015-Ex1-4A-lcwgs-1-2.clmp.r1r2_fastp	0.0	0.028929599999999996	0.0	0.0096432	0.0	0.0	0.0	0.0	0.0385728	0.0	0.0	0.028929599999999996	0.0	0.0	0.0	0.0	0.0	0.0	0.0	0.0	0.0	0.0	0.0	0.0	0.048215999999999995	0.0	0.028929599999999996	0.0	0.0	0.0	0.0	0.0	0.0	0.0	0.0	0.0	0.038834999999999995	0.0487282	0.0	0.0	0.0	0.0	0.0699021	0.0	0.0	0.0	0.0	0.0	0.0	0.0	0.0	0.0	0.0	0.0	0.0	0.0	0.0	0.0	0.0	0.0	0.0	0.0	0.0	0.0	0.0	0.0	0.0	0.0	0.0	0.0	0.0	0.0	0.0	0.0	0.0	0.0	0.0	0.0	0.0	0.0	0.015211399999999998	0.0	0.0	0.0	0.0	0.0	0.0	0.0	0.0	0.0	0.0	0.0	0.0	0.0	0.0	0.0	0.0	0.0	0.0	0.0	0.0	0.0	0.0	0.0	0.0	0.0	0.0	0.0	0.0	0.0	0.0	0.0	0.0	0.0	0.0	0.0	0.0	0.0	0.0	0.0	0.0	0.0	0.0	0.0	0.0	0.0	0.0	0.0	0.0	0.0	0.0	0.0	0.0	0.0	0.0	0.0	0.0382263	0.0	0.0	0.0	0.0	0.0	0.0	0.0	0.0	0.0	0.0	0.0	0.0	0.0
Sin-CPnd_018-Ex1-11A-lcwgs-1-2.clmp.r1r2_fastp	0.0	0.0259811	0.00112961	0.014684999999999998	0.0	0.0	0.0	0.00112961	0.0192034	0.0	0.0005648059999999999	0.012425700000000001	0.0	0.0	0.0	0.0	0.0	0.0	0.0	0.0	0.0	0.0	0.0	0.0	0.022027400000000003	0.00112961	0.0096017	0.0	0.0	0.0	0.0	0.0	0.0	0.0	0.000566897	0.000568343	0.0199502	0.0325999	0.0	0.0	0.0	0.0	0.0251939	0.0	0.0	0.0	0.0	0.0	0.0	0.0	0.0	0.0	0.0	0.0	0.0	0.0	0.0	0.0	0.0	0.0	0.0	0.000720539	0.0	0.0	0.0	0.0	0.0	0.0	0.0	0.0	0.0	0.0	0.0008609560000000001	0.0	0.0	0.0	0.0	0.0	0.0	0.0	0.00496924	0.0	0.0	0.0	0.0	0.0	0.0	0.0	0.0	0.0	0.0	0.0	0.0	0.0	0.0	0.0	0.0	0.0	0.0	0.0	0.0	0.0	0.0	0.0	0.0	0.0	0.0	0.0	0.0	0.0	0.0	0.0	0.0	0.0	0.0	0.0	0.0	0.0	0.0	0.0177703	0.0	0.0	0.0	0.0	0.0	0.0	0.0	0.0	0.0	0.0	0.0085778	0.0	0.0	0.0	0.0	0.0	0.0033497500000000003	0.0206448	0.0	0.0	0.0	0.0	0.0	0.0	0.0	0.0	0.0	0.0	0.013774100000000001	0.0
Sin-CPnd_019-Ex1-1H-lcwgs-1-2.clmp.r1r2_fastp	0.0	0.0156332	0.0	0.025403999999999996	0.0	0.0	0.0	0.0	0.025403999999999996	0.0	0.0	0.013679100000000001	0.0	0.0	0.0	0.0	0.0	0.0	0.0	0.0	0.0	0.0	0.0	0.0	0.0156332	0.0	0.00586247	0.0	0.0	0.0	0.0	0.0	0.0	0.0	0.0	0.00196417	0.0236193	0.0217001	0.0	0.0	0.0	0.0	0.032085300000000004	0.0	0.0	0.0	0.0	0.0	0.0	0.0	0.0	0.0	0.0	0.0	0.0	0.0	0.0	0.0	0.0	0.0	0.0	0.0	0.0	0.0	0.0	0.0	0.0	0.0	0.0	0.0	0.0	0.0	0.0	0.0	0.0	0.0	0.0	0.0	0.0	0.0	0.0030748399999999997	0.0	0.0	0.0	0.0	0.0	0.0	0.0	0.0	0.0	0.0	0.0	0.0	0.0	0.0	0.0	0.0	0.0	0.0	0.0	0.0	0.0	0.0	0.0	0.0	0.0	0.0	0.0	0.0	0.0	0.0	0.0	0.0	0.0	0.0	0.0	0.0	0.0	0.0	0.0077627700000000004	0.0	0.0	0.0	0.0	0.0	0.0	0.0	0.0	0.0	0.0	0.0110193	0.0	0.0	0.0	0.0	0.0	0.0136556	0.014240999999999998	0.0	0.0	0.0	0.0	0.0	0.0	0.0	0.0	0.0	0.0	0.0	0.0
Sin-CPnd_020-Ex1-12E-lcwgs-1-2.clmp.r1r2_fastp	0.0	0.0233713	0.0009348500000000001	0.013087900000000001	0.0	0.0	0.0	0.0	0.0177622	0.0	0.0	0.0200993	0.0	0.0	0.0	0.0	0.0	0.0	0.0	0.0	0.0	0.0	0.0	0.00046742500000000005	0.0243061	0.0	0.0158925	0.0	0.0	0.0	0.0	0.0	0.0	0.0	0.0	0.000470188	0.0245149	0.028374200000000002	0.0	0.0	0.0	0.00048081099999999993	0.0265838	0.0	0.0	0.0	0.0	0.0	0.0	0.0	0.0	0.0	0.0	0.0	0.0	0.0	0.0	0.0	0.0	0.0	0.0	0.0	0.0	0.0	0.00120692	0.0	0.0	0.0	0.0	0.0	0.0	0.0	0.0	0.0	0.0	0.0	0.0	0.0	0.0	0.0	0.00465253	0.0	0.0	0.0	0.0	0.0	0.0	0.0	0.0	0.0	0.0	0.0	0.0	0.00197435	0.0	0.0	0.0	0.0	0.0	0.0	0.0	0.0	0.0	0.0	0.0	0.0	0.0	0.0	0.0	0.0	0.0	0.0	0.0	0.0	0.0	0.0	0.0	0.0	0.0	0.0034455999999999996	0.0	0.0	0.0	0.0	0.0	0.0	0.0	0.0	0.0	0.0	0.006773390000000001	0.0	0.0	0.0	0.0	0.0	0.0159435	0.013666399999999999	0.0	0.0	0.0	0.0	0.0	0.0	0.0	0.0	0.0	0.0	0.00372176	0.0
Sin-CPnd_021-Ex1-3D-lcwgs-1-2.clmp.r1r2_fastp	0.0	0.0342309	0.0	0.0114103	0.0	0.0	0.0	0.0	0.0	0.0	0.0	0.0228206	0.0	0.0	0.0	0.0	0.0	0.0	0.0	0.0	0.0	0.0	0.0	0.0	0.0	0.0	0.0	0.0	0.0	0.0	0.0	0.0	0.0	0.0	0.0	0.0	0.0	0.0234494	0.0	0.0	0.0	0.0	0.012248900000000002	0.0	0.0	0.0	0.0	0.0	0.0	0.0	0.0	0.0	0.0	0.0	0.0	0.0	0.0	0.0	0.0	0.0	0.0	0.0	0.0	0.0	0.0	0.0	0.0	0.0	0.0	0.0	0.0	0.0	0.0	0.0	0.0	0.0	0.0	0.0	0.0	0.0	0.0	0.0	0.0	0.0	0.0	0.0	0.0	0.0	0.0	0.0	0.0	0.0	0.0	0.0	0.0	0.0	0.0	0.0	0.0	0.0	0.0	0.0	0.0	0.0	0.0	0.0	0.0	0.0	0.0	0.0	0.0	0.0	0.0	0.0	0.0	0.0	0.0	0.0	0.0	0.0	0.0	0.0	0.0	0.0	0.0	0.0	0.0	0.0	0.0	0.0	0.0	0.0	0.0	0.0	0.0	0.0	0.0	0.0	0.0	0.0	0.0	0.0	0.0	0.0	0.0	0.0	0.0	0.0	0.0	0.0
Sin-CPnd_022-Ex1-1D-lcwgs-1-2.clmp.r1r2_fastp	0.0	0.0350972	0.0	0.0188985	0.0	0.0	0.0	0.0	0.037797	0.0	0.0	0.0647948	0.0	0.0	0.0	0.0	0.0	0.0	0.0	0.0	0.0	0.0	0.0	0.0	0.0836933	0.0	0.0323974	0.0	0.0	0.0	0.0	0.0	0.0	0.0	0.0	0.0	0.0433522	0.108533	0.0	0.0	0.0	0.0	0.0876808	0.0	0.0	0.0	0.0	0.0	0.0	0.0	0.0	0.0	0.0	0.0	0.0	0.0	0.0	0.0	0.0	0.0	0.0	0.0	0.0	0.0	0.0	0.0	0.0	0.0	0.0	0.0	0.0	0.0	0.0	0.0	0.0	0.0	0.0	0.0	0.0	0.0	0.013258599999999999	0.0	0.0	0.0	0.0	0.0	0.0	0.0	0.0	0.0	0.0	0.0	0.0	0.0036592499999999997	0.0	0.0	0.0	0.0	0.0	0.0	0.0	0.0	0.0	0.0	0.0	0.0	0.0	0.0	0.0	0.0	0.0	0.0	0.0	0.0	0.0	0.0	0.0	0.0	0.0	0.014403699999999998	0.0	0.0	0.0	0.0	0.0	0.0	0.0	0.0	0.0	0.0	0.0112423	0.0	0.0	0.0	0.0	0.0	0.00625195	0.0254988	0.0	0.0	0.0	0.0	0.0	0.0	0.0	0.0	0.0	0.0	0.0157978	0.0
Sin-CPnd_023-Ex1-12B-lcwgs-1-2.clmp.r1r2_fastp	0.0	0.0176047	0.000586823	0.009975999999999999	0.0	0.0	0.000586823	0.0	0.0176047	0.000586823	0.0	0.013496900000000001	0.0	0.0	0.0	0.0	0.0	0.0	0.0	0.0	0.0	0.0	0.0	0.000586823	0.017017900000000002	0.000586823	0.012323299999999999	0.000586823	0.0	0.0	0.000586823	0.0	0.0	0.0	0.0	0.0	0.0184072	0.0202744	0.0	0.0	0.0	0.0012197100000000002	0.026404800000000003	0.0	0.0	0.0	0.0	0.0	0.0	0.0	0.0	0.0	0.0	0.0	0.0	0.0	0.0	0.0	0.0	0.0	0.0	0.0	0.0	0.0	0.000806595	0.0	0.0	0.0	0.0	0.0	0.0	0.0	0.0	0.0	0.0	0.0	0.0	0.0	0.0	0.0	0.00541964	0.0	0.0	0.0	0.0	0.0	0.0	0.0	0.0	0.0	0.0	0.0	0.0	0.0	0.0	0.0	0.0	0.0	0.0	0.0	0.0	0.0	0.0	0.0	0.0	0.0	0.0	0.0	0.0	0.0	0.0	0.0	0.0	0.0	0.0	0.0	0.0	0.0	0.0	0.0130504	0.0	0.0	0.0	0.0	0.0	0.0	0.0	0.0	0.0	0.0	0.0172105	0.0	0.0	0.0	0.0	0.0	0.0121595	0.0250574	0.0	0.0	0.0	0.0	0.0	0.0	0.0	0.0	0.0	0.0	0.0111913	0.0
Sin-CPnd_024-Ex1-12C-lcwgs-1-2.clmp.r1r2_fastp	0.0	0.0126894	0.00237927	0.00713782	0.0	0.0	0.0	0.000793091	0.013482500000000001	0.0	0.0	0.0166549	0.0	0.0	0.0	0.0	0.0	0.0	0.0	0.0	0.0	0.0	0.0	0.000793091	0.015068699999999999	0.000793091	0.00713782	0.0	0.0	0.0	0.0	0.0	0.0	0.0	0.0	0.000799482	0.0144433	0.0274105	0.0	0.0	0.0	0.0	0.0166294	0.0	0.0	0.0	0.0	0.0	0.0	0.0	0.0	0.0	0.0	0.0	0.0	0.0	0.0	0.0	0.0	0.0	0.0	0.0	0.0	0.0	0.0011189099999999999	0.0	0.0	0.0	0.00120637	0.0	0.0	0.0	0.0	0.0	0.0	0.0	0.0	0.0	0.00148364	0.0	0.0061978	0.0	0.0	0.0	0.0	0.0	0.0	0.0	0.0	0.0	0.0	0.0	0.0	0.0	0.0	0.0	0.0	0.0	0.0	0.0	0.0	0.0	0.0	0.0	0.0	0.0	0.0	0.0	0.0	0.0	0.0	0.0	0.0	0.0	0.0	0.0	0.0	0.0	0.0	0.0038860599999999998	0.0	0.0	0.0	0.0	0.0	0.0	0.0	0.0	0.0	0.0	0.0102187	0.0	0.0	0.0	0.0	0.0	0.00597693	0.0184196	0.0	0.0	0.0	0.0	0.0	0.0	0.0	0.0	0.0	0.0	0.0	0.0
Sin-CPnd_025-Ex1-3B-lcwgs-1-2.clmp.r1r2_fastp	0.0	0.0235668	0.0	0.0117834	0.0	0.0	0.0	0.0	0.0235668	0.0	0.0	0.0294586	0.0	0.0	0.0	0.0	0.0	0.0	0.0	0.0	0.0	0.0	0.0	0.0	0.0353503	0.0	0.0117834	0.0	0.0	0.0	0.0	0.0	0.0	0.0	0.0	0.0	0.017854000000000002	0.0597372	0.0	0.0	0.0	0.0060779200000000005	0.0305642	0.0	0.0	0.0	0.0	0.0	0.0	0.0	0.0	0.0	0.0	0.0	0.0	0.0	0.0	0.0	0.0	0.0	0.0	0.0	0.0	0.0	0.0	0.0	0.0	0.0	0.0	0.0	0.0	0.0	0.0	0.0	0.0	0.0	0.0	0.0	0.0	0.0	0.0	0.0	0.0	0.0	0.0	0.0	0.0	0.0	0.0	0.0	0.0	0.0	0.0	0.0	0.0	0.0	0.0	0.0	0.0	0.0	0.0	0.0	0.0	0.0	0.0	0.0	0.0	0.0	0.0	0.0	0.0	0.0	0.0	0.0	0.0	0.0	0.0	0.0	0.0	0.0	0.0	0.0	0.0	0.0	0.0	0.0	0.0	0.0	0.0	0.0	0.020024	0.0	0.0	0.0	0.0	0.0	0.0	0.0232937	0.0	0.0	0.0	0.0	0.0	0.0	0.0	0.0	0.0	0.0	0.0	0.0
Sin-CPnd_028-Ex1-12H-lcwgs-1-2.clmp.r1r2_fastp	0.0	0.031113000000000002	0.00239331	0.0179498	0.0	0.0	0.0	0.0	0.0239331	0.0	0.00119665	0.025528600000000002	0.0	0.0	0.0	0.0	0.0	0.0	0.0	0.0	0.0	0.0	0.0	0.0	0.0390907	0.000398885	0.0259275	0.0	0.0	0.0	0.0	0.0	0.0	0.0	0.0	0.00040131099999999995	0.0418664	0.0444294	0.0	0.0	0.0	0.000821234	0.0400378	0.0	0.0	0.0	0.0	0.0	0.0	0.0	0.0	0.0	0.0	0.0	0.0	0.0	0.0	0.0	0.0	0.0	0.0	0.0	0.0	0.0	0.00049955	0.0	0.0	0.0	0.0	0.0	0.0	0.0	0.0	0.0	0.0	0.0	0.0	0.0	0.0	0.0	0.00853612	0.0	0.0	0.0	0.0	0.0	0.0	0.0	0.0	0.0	0.0	0.0	0.0	0.0	0.0	0.0	0.0	0.0	0.0	0.0	0.0	0.0	0.0	0.0	0.0	0.0	0.0	0.0	0.0	0.0	0.0	0.0	0.0	0.0	0.0	0.0	0.0	0.0	0.0	0.0213261	0.0	0.0	0.0	0.0	0.0	0.0	0.0	0.0	0.0	0.00125865	0.0115377	0.0	0.0	0.0	0.0	0.0	0.0215731	0.0249728	0.0	0.0	0.0	0.0	0.0	0.0	0.0	0.0	0.0	0.0	0.012762099999999998	0.0
Sin-CPnd_029-Ex1-4D-lcwgs-1-2.clmp.r1r2_fastp	0.0	0.019062100000000002	0.0	0.019062100000000002	0.0	0.0	0.0	0.0	0.028593200000000003	0.0	0.0	0.019062100000000002	0.0	0.0	0.0	0.0	0.0	0.0	0.0	0.0	0.0	0.0	0.0	0.0	0.00953107	0.00953107	0.00953107	0.0	0.0	0.0	0.0	0.0	0.0	0.0	0.0	0.0	0.0	0.048962	0.0	0.0	0.0	0.0	0.0103359	0.0	0.0	0.0	0.0	0.0	0.0	0.0	0.0	0.0	0.0	0.0	0.0	0.0	0.0	0.0	0.0	0.0	0.0	0.0	0.0	0.0	0.0	0.0	0.0	0.0	0.0	0.0	0.0	0.0	0.0	0.0	0.0	0.0	0.0	0.0	0.0	0.0	0.0	0.0	0.0	0.0	0.0	0.0	0.0	0.0	0.0	0.0	0.0	0.0	0.0	0.0	0.0	0.0	0.0	0.0	0.0	0.0	0.0	0.0	0.0	0.0	0.0	0.0	0.0	0.0	0.0	0.0	0.0	0.0	0.0	0.0	0.0	0.0	0.0	0.0	0.0	0.0	0.0	0.0	0.0	0.0	0.0	0.0	0.0	0.0	0.0	0.0	0.0	0.0	0.0	0.0	0.0	0.0	0.0	0.0	0.0	0.0	0.0	0.0	0.0	0.0	0.0	0.0	0.0	0.0	0.0	0.0
Sin-CPnd_031-Ex1-3G-lcwgs-1-2.clmp.r1r2_fastp	0.0	0.0267762	0.0	0.0178508	0.0	0.0	0.0	0.0	0.0446269	0.0	0.0	0.0178508	0.0	0.0	0.0	0.0	0.0	0.0	0.0	0.0	0.0	0.0	0.0	0.0	0.0178508	0.0	0.0178508	0.0	0.0	0.0	0.0	0.0	0.0	0.0	0.0	0.008992	0.045114100000000004	0.0633599	0.0	0.0	0.0	0.0	0.0370679	0.0	0.0	0.0	0.0	0.0	0.0	0.0	0.0	0.0	0.0	0.0	0.0	0.0	0.0	0.0	0.0	0.0	0.0	0.0	0.0	0.0	0.0	0.0	0.0	0.0	0.0	0.0	0.0	0.0	0.0	0.0	0.0	0.0	0.0	0.0	0.0	0.0	0.0130022	0.0	0.0	0.0	0.0	0.0	0.0	0.0	0.0	0.0	0.0	0.0	0.0	0.0	0.0	0.0	0.0	0.0	0.0	0.0	0.0	0.0	0.0	0.0	0.0	0.0	0.0	0.0	0.0	0.0	0.0	0.0	0.0	0.0	0.0	0.0	0.0	0.0	0.0	0.0	0.0	0.0	0.0	0.0	0.0	0.0	0.0	0.0	0.0	0.0	0.0	0.0	0.0	0.0	0.0	0.0	0.0	0.0	0.0	0.0	0.0	0.0	0.0	0.0	0.0	0.0	0.0	0.0	0.0392003	0.0
Sin-CPnd_032-Ex1-3E-lcwgs-1-2.clmp.r1r2_fastp	0.0	0.0399461	0.0	0.009986519999999999	0.0	0.0	0.0	0.0	0.0748989	0.0	0.0	0.0399461	0.0	0.0	0.0	0.0	0.0	0.0	0.0	0.0	0.0	0.0	0.0	0.0	0.0549259	0.0	0.0499326	0.0	0.0	0.0	0.0	0.0	0.0	0.0	0.0	0.0	0.025096599999999997	0.0301629	0.0	0.0	0.0	0.0	0.025451800000000004	0.0	0.0	0.0	0.0	0.0	0.0	0.0	0.0	0.0	0.0	0.0	0.0	0.0	0.0	0.0	0.0	0.0	0.0	0.0	0.0	0.0	0.0	0.0	0.0	0.0	0.0	0.0	0.0	0.0	0.0	0.0	0.0	0.0	0.0	0.0	0.0	0.0	0.012957600000000001	0.0	0.0	0.0	0.0	0.0	0.0	0.0	0.0	0.0	0.0	0.0	0.0	0.0	0.0	0.0	0.0	0.0	0.0	0.0	0.0	0.0	0.0	0.0	0.0	0.0	0.0	0.0	0.0	0.0	0.0	0.0	0.0	0.0	0.0	0.0	0.0	0.0	0.0	0.0306341	0.0	0.0	0.0	0.0	0.0	0.0	0.0	0.0	0.0	0.0	0.012282	0.0	0.0	0.0	0.0	0.0	0.027835799999999997	0.0284293	0.0	0.0	0.0	0.0	0.0	0.0	0.0	0.0	0.0	0.0	0.0365297	0.0
Sin-CPnd_033-Ex1-1B-lcwgs-1-2.clmp.r1r2_fastp	0.0	0.0	0.0	0.0	0.0	0.0	0.0	0.0	0.025412999999999998	0.0	0.0	0.0	0.0	0.0	0.0	0.0	0.0	0.0	0.0	0.0	0.0	0.0	0.0	0.0	0.025412999999999998	0.0	0.0	0.0	0.0	0.0	0.0	0.0	0.0	0.0	0.0	0.025641	0.0	0.025960499999999997	0.0	0.0	0.0	0.0	0.0270563	0.0	0.0	0.0	0.0	0.0	0.0	0.0	0.0	0.0	0.0	0.0	0.0	0.0	0.0	0.0	0.0	0.0	0.0	0.0	0.0	0.0	0.0	0.0	0.0	0.0	0.0	0.0	0.0	0.0	0.0	0.0	0.0	0.0	0.0	0.0	0.0	0.0	0.0	0.0	0.0	0.0	0.0	0.0	0.0	0.0	0.0	0.0	0.0	0.0	0.0	0.0	0.0	0.0	0.0	0.0	0.0	0.0	0.0	0.0	0.0	0.0	0.0	0.0	0.0	0.0	0.0	0.0	0.0	0.0	0.0	0.0	0.0	0.0	0.0	0.0	0.0	0.0	0.0	0.0	0.0	0.0	0.0	0.0	0.0	0.0	0.0	0.0	0.0	0.0	0.0	0.0	0.0	0.0	0.0	0.0	0.0	0.0	0.0	0.0	0.0	0.0	0.0	0.0	0.0	0.0	0.0	0.0
Sin-CPnd_034-Ex1-3C-lcwgs-1-2.clmp.r1r2_fastp	0.0	0.0208355	0.0	0.00520888	0.0	0.0	0.0	0.0	0.0208355	0.0	0.0	0.041671	0.0	0.0	0.0	0.0	0.0	0.0	0.0	0.0	0.0	0.0	0.0	0.0	0.0260444	0.00520888	0.0260444	0.0	0.0	0.0	0.0	0.0	0.0	0.0	0.0	0.0	0.0209589	0.00525017	0.0	0.0	0.0	0.0	0.0160111	0.0	0.0	0.0	0.0	0.0	0.0	0.0	0.0	0.0	0.0	0.0	0.0	0.0	0.0	0.0	0.0	0.0	0.0	0.0	0.0	0.0	0.0	0.0	0.0	0.0	0.0	0.0	0.0	0.0	0.0	0.0	0.0	0.0	0.0	0.0	0.0	0.0	0.0	0.0	0.0	0.0	0.0	0.0	0.0	0.0	0.0	0.0	0.0	0.0	0.0	0.0	0.0	0.0	0.0	0.0	0.0	0.0	0.0	0.0	0.0	0.0	0.0	0.0	0.0	0.0	0.0	0.0	0.0	0.0	0.0	0.0	0.0	0.0	0.0	0.0	0.0	0.015264799999999999	0.0	0.0	0.0	0.0	0.0	0.0	0.0	0.0	0.0	0.0	0.0	0.0	0.0	0.0	0.0	0.0	0.0237023	0.0	0.0	0.0	0.0	0.0	0.0	0.0	0.0	0.0	0.0	0.0	0.0	0.0
Sin-CPnd_035-Ex1-12D-lcwgs-1-2.clmp.r1r2_fastp	0.0	0.0315664	0.00137245	0.0196718	0.0	0.0	0.0	0.0	0.0187568	0.0	0.0	0.0205868	0.0	0.0	0.0	0.0	0.0	0.0	0.0	0.0	0.0	0.0	0.0	0.00137245	0.0370562	0.000457484	0.0228742	0.000457484	0.0	0.0	0.0	0.0	0.0	0.0	0.0	0.00137917	0.028570800000000004	0.038347099999999995	0.0	0.0	0.0	0.00046845599999999996	0.0418674	0.0	0.0	0.0	0.0	0.0	0.0	0.0	0.0	0.0	0.0	0.0	0.0	0.0	0.0	0.0	0.0	0.0	0.0	0.0	0.0	0.0	0.00056621	0.0	0.0	0.0	0.0	0.0	0.0	0.0	0.0	0.0	0.0	0.0	0.0	0.0	0.0	0.0	0.006290499999999999	0.0	0.0	0.0	0.0	0.000752338	0.0	0.0	0.0	0.0	0.0	0.0	0.0	0.0	0.0	0.0	0.0	0.0	0.0	0.0	0.0	0.0	0.0	0.0	0.0	0.0	0.0	0.0	0.0	0.0	0.0	0.0	0.0	0.0	0.0	0.0	0.0	0.0	0.0012836100000000001	0.0065353500000000005	0.0	0.0	0.0	0.0	0.0	0.0	0.0	0.0	0.0	0.0	0.011252900000000001	0.0	0.0	0.0	0.0	0.0	0.00731649	0.0186706	0.0	0.0	0.0	0.0	0.0	0.0	0.0	0.0	0.00223444	0.0	0.014255199999999999	0.0
Sin-CPnd_038-Ex1-11C-lcwgs-1-2.clmp.r1r2_fastp	0.0	0.0268739	0.00107496	0.013437000000000001	0.0	0.0	0.0	0.0	0.0177368	0.0	0.000537478	0.0171993	0.0	0.0	0.0	0.0	0.0	0.0	0.0	0.0	0.0	0.0	0.0	0.0	0.029561300000000002	0.0	0.0161244	0.0	0.0	0.0	0.0	0.0	0.0	0.0005382970000000001	0.0	0.00108147	0.024942	0.0337402	0.0	0.0	0.0	0.000553937	0.0311959	0.0	0.0	0.0	0.0	0.0	0.0	0.0	0.0	0.0	0.0	0.0	0.0	0.0	0.0	0.0	0.0	0.0	0.0	0.0	0.0	0.0	0.0	0.0	0.0	0.0	0.0	0.0	0.0	0.0	0.0	0.0	0.0	0.0	0.0	0.0	0.0	0.000884486	0.0107885	0.0	0.0	0.0	0.0	0.0	0.0	0.0	0.0	0.0	0.0	0.0	0.0	0.0011236100000000001	0.0	0.0	0.0	0.0	0.0	0.0	0.0	0.0	0.0	0.0	0.0	0.0	0.0	0.0	0.0	0.0	0.0	0.0	0.0	0.0	0.0	0.0	0.0	0.0	0.0	0.014234400000000001	0.0	0.0	0.0	0.0	0.0	0.0	0.0	0.0	0.0	0.0	0.00440121	0.0	0.0	0.0	0.0	0.0	0.015069700000000002	0.010287	0.0	0.0	0.0	0.0	0.0	0.0	0.0	0.0	0.0	0.0	0.0195822	0.0
Sin-CPnd_039-Ex1-10F-lcwgs-1-2.clmp.r1r2_fastp	0.0	0.0246646	0.00125413	0.0154676	0.0	0.0	0.0	0.00125413	0.025082700000000003	0.0	0.0	0.0246646	0.0	0.0	0.0	0.0	0.0	0.0	0.0	0.0	0.0	0.0	0.0	0.000418044	0.033443600000000004	0.0	0.016721800000000002	0.0	0.0	0.0	0.0	0.0	0.0	0.0	0.0	0.000840926	0.0274036	0.042287899999999996	0.0	0.0	0.0	0.000858933	0.035812399999999994	0.0	0.0	0.0	0.0	0.0	0.0	0.0	0.0	0.0	0.0	0.0	0.0	0.0	0.0	0.0	0.0	0.0	0.0	0.0	0.0	0.0	0.00104949	0.0	0.0	0.0	0.0	0.0	0.0	0.0	0.0	0.0	0.0	0.0	0.0	0.0	0.0	0.0006428100000000001	0.00587015	0.0	0.0	0.0	0.0	0.0	0.0	0.0	0.0	0.0	0.0	0.0	0.0	0.0	0.0	0.0	0.0	0.0	0.0	0.0	0.0	0.0	0.0	0.0	0.0	0.0	0.0	0.0	0.0	0.0	0.0	0.0	0.0	0.0	0.0	0.0	0.0	0.0	0.00124408	0.0164874	0.0	0.0	0.0	0.0	0.0	0.0	0.0	0.0	0.0	0.0	0.00791816	0.0	0.0	0.0	0.0	0.0	0.0236794	0.013080399999999999	0.0	0.0	0.0	0.0	0.0	0.0	0.0	0.0	0.0	0.0	0.00725444	0.0
Sin-CPnd_040-Ex1-11E-lcwgs-1-2.clmp.r1r2_fastp	0.0	0.0287924	0.00172754	0.0143962	0.0	0.0	0.0	0.0	0.0201547	0.0	0.0	0.019003	0.0	0.0	0.0	0.0	0.0	0.0	0.0	0.0	0.0	0.0	0.0	0.0	0.026489	0.000575848	0.0126687	0.0	0.0	0.0	0.0	0.0	0.0	0.000576784	0.0	0.0011590799999999998	0.0249996	0.043747799999999996	0.0	0.0	0.0	0.00118929	0.0263232	0.0	0.0	0.0	0.0	0.0	0.0	0.0	0.0	0.0	0.0	0.0	0.0	0.0	0.0	0.0	0.0	0.0	0.0	0.0	0.0	0.0	0.0	0.0	0.0	0.0	0.0	0.0	0.0	0.0	0.0	0.0	0.0	0.0	0.000920353	0.0	0.0	0.0	0.0068763	0.0	0.0	0.0	0.0	0.0	0.0	0.0	0.0	0.0	0.0	0.0	0.0	0.0	0.0	0.0	0.0	0.0	0.0	0.0	0.0	0.0	0.0	0.0	0.0	0.0	0.0	0.0	0.0	0.0	0.0	0.0	0.0	0.0	0.0	0.0	0.0	0.0	0.0	0.0159134	0.0	0.0	0.0	0.0	0.0	0.0	0.0	0.0	0.0	0.0	0.0226051	0.0	0.0	0.0	0.0	0.0	0.00870751	0.0297672	0.0	0.0	0.0	0.0	0.0	0.0	0.0	0.0	0.0	0.0	0.00392588	0.0
Sin-CPnd_042-Ex1-10D-lcwgs-1-2.clmp.r1r2_fastp	0.0	0.015123900000000001	0.000795995	0.00875594	0.0	0.0	0.0	0.0	0.013531900000000001	0.0	0.0	0.014327900000000001	0.0	0.0	0.0	0.0	0.0	0.0	0.0	0.0	0.0	0.0	0.0	0.0	0.015123900000000001	0.0	0.00875594	0.0	0.0	0.0	0.0	0.0	0.0	0.0	0.0	0.0008020529999999999	0.0104643	0.0145437	0.0	0.0	0.0	0.0	0.0166128	0.0	0.0	0.0	0.0	0.0	0.0	0.0	0.0	0.0	0.0	0.0	0.0	0.0	0.0	0.0	0.0	0.0	0.0	0.0	0.0	0.0	0.00111693	0.0	0.0	0.0	0.0	0.0	0.0	0.0	0.0	0.0	0.0	0.0	0.0	0.0	0.0	0.0	0.00314876	0.0	0.0	0.0	0.0	0.0	0.0	0.0	0.0	0.0	0.0	0.0	0.0	0.0	0.0	0.0	0.0	0.0	0.0	0.0	0.0	0.0	0.0	0.0	0.0	0.0	0.0	0.0	0.0	0.0	0.0	0.0	0.0	0.0	0.0	0.0	0.0	0.0	0.0	0.00450106	0.0	0.0	0.0	0.0	0.0	0.0	0.0	0.0	0.0	0.0	0.0188953	0.0	0.0	0.0	0.0	0.0	0.0	0.00797257	0.0	0.0	0.0	0.0	0.0	0.0	0.0	0.0	0.0	0.0	0.0	0.0
Sin-CPnd_043-Ex1-1C-lcwgs-1-2.clmp.r1r2_fastp	0.0	0.0356339	0.00809861	0.0194367	0.0	0.0	0.0	0.0	0.0259155	0.0	0.0	0.0210564	0.0	0.0	0.0	0.0	0.0	0.0	0.0	0.0	0.0	0.0	0.0	0.0	0.0388733	0.0	0.0275353	0.0	0.0	0.0	0.0	0.0	0.0	0.0	0.0	0.0	0.0520494	0.066785	0.0	0.0	0.0	0.0	0.06419219999999999	0.0	0.0	0.0	0.0	0.0	0.0	0.0	0.0	0.0	0.0	0.0	0.0	0.0	0.0	0.0	0.0	0.0	0.0	0.0	0.0	0.0	0.0036495699999999996	0.0	0.0	0.0	0.0	0.0	0.0	0.0	0.0	0.0	0.0	0.0	0.0	0.0	0.0	0.0	0.006203220000000001	0.0	0.0	0.0	0.0	0.0	0.0	0.0	0.0	0.0	0.0	0.0	0.0	0.0	0.0	0.0	0.0	0.0	0.0	0.0	0.0	0.0	0.0	0.0	0.0	0.0	0.0	0.0	0.0	0.0	0.0	0.0	0.0	0.0	0.0	0.0	0.0	0.0	0.0	0.012924900000000001	0.0	0.0	0.0	0.0	0.0	0.0	0.0	0.0	0.0	0.0	0.00775494	0.0	0.0	0.0	0.0	0.0	0.0219462	0.031424	0.0	0.0	0.0	0.0	0.0	0.0	0.0	0.0	0.0	0.0	0.0282374	0.0
Sin-CPnd_044-Ex1-2C-lcwgs-1-2.clmp.r1r2_fastp	0.0	0.0	0.0	0.04385	0.0	0.0	0.0	0.0	0.0	0.0	0.0	0.0	0.0	0.0	0.0	0.0	0.0	0.0	0.0	0.0	0.0	0.0	0.0	0.0	0.0	0.0	0.021925	0.0	0.0	0.0	0.0	0.0	0.0	0.0	0.0	0.0	0.0224618	0.0	0.0	0.0	0.0	0.0	0.0237699	0.0	0.0	0.0	0.0	0.0	0.0	0.0	0.0	0.0	0.0	0.0	0.0	0.0	0.0	0.0	0.0	0.0	0.0	0.0	0.0	0.0	0.0	0.0	0.0	0.0	0.0	0.0	0.0	0.0	0.0	0.0	0.0	0.0	0.0	0.0	0.0	0.0	0.0	0.0	0.0	0.0	0.0	0.0	0.0	0.0	0.0	0.0	0.0	0.0	0.0	0.0	0.0	0.0	0.0	0.0	0.0	0.0	0.0	0.0	0.0	0.0	0.0	0.0	0.0	0.0	0.0	0.0	0.0	0.0	0.0	0.0	0.0	0.0	0.0	0.0	0.0	0.0	0.0	0.0	0.0	0.0	0.0	0.0	0.0	0.0	0.0	0.0	0.0	0.0	0.0	0.0	0.0	0.0	0.0	0.0	0.0	0.0	0.0	0.0	0.0	0.0	0.0	0.0	0.0	0.0	0.0	0.0
Sin-CPnd_045-Ex1-11H-lcwgs-1-2.clmp.r1r2_fastp	0.0	0.041276600000000004	0.0022457700000000002	0.027148199999999997	0.0	0.0	0.0	0.000227419	0.034852	0.0	0.000198992	0.034510900000000004	0.0	0.0	0.0	0.0	0.0	0.0	0.0	0.0	0.0	0.0	0.0	0.000568549	0.0483266	0.000511694	0.031128	0.000483266	0.0	0.0	0.0	5.6854900000000003e-05	0.0	2.84481e-05	8.54236e-05	0.0007696319999999999	0.0427831	0.0623102	0.0	0.0	0.000114932	0.000863789	0.056423	0.0	0.0	0.0	0.0	0.0	0.0	0.0	0.0	0.0	0.0	6.00063e-05	0.0	0.0	0.0	0.0	6.152809999999999e-05	0.0	0.0	0.000125157	0.000125904	9.5e-05	0.000828453	3.20722e-05	0.0	0.0	3.27234e-05	0.0	3.319e-05	0.0	0.00013472	0.0	0.0	3.44636e-05	0.0	0.0	0.0	0.000106834	0.00887143	0.0	3.6552e-05	0.0	0.0	3.7558599999999996e-05	0.000189548	0.0	0.0	0.0	0.0	0.0	8.041150000000001e-05	0.00024372600000000002	0.0	0.0	0.0	0.0	0.0	0.0	0.0	0.0	0.0	4.53444e-05	9.17752e-05	0.0	0.0	0.0	0.0	0.0	0.0	0.0	5.0765899999999995e-05	5.1450400000000005e-05	0.0	0.0	0.0	0.0	0.00016563	0.012891000000000001	0.0	0.0	0.0	0.0	0.0	0.0	0.0	0.0	0.0	0.000264174	0.0127833	0.0	0.0	0.0	7.28278e-05	0.000223158	0.010714699999999999	0.0191071	0.0	0.0	0.0	0.0	0.0	0.000174717	0.0	0.000271061	0.0	0.000188379	0.0102031	0.0
Sin-CPnd_049-Ex1-4C-lcwgs-1-2.clmp.r1r2_fastp	0.0	0.0	0.0	0.0	0.0	0.0	0.0	0.0	0.0	0.0	0.0	0.0282566	0.0	0.0	0.0	0.0	0.0	0.0	0.0	0.0	0.0	0.0	0.0	0.0	0.0	0.0	0.0141283	0.0	0.0	0.0	0.0	0.0	0.0	0.0	0.0	0.0	0.0143885	0.0144718	0.0	0.0	0.0	0.0	0.0	0.0	0.0	0.0	0.0	0.0	0.0	0.0	0.0	0.0	0.0	0.0	0.0	0.0	0.0	0.0	0.0	0.0	0.0	0.0	0.0	0.0	0.0	0.0	0.0	0.0	0.0	0.0	0.0	0.0	0.0	0.0	0.0	0.0	0.0	0.0	0.0	0.0	0.0	0.0	0.0	0.0	0.0	0.0	0.0	0.0	0.0	0.0	0.0	0.0	0.0	0.0	0.0	0.0	0.0	0.0	0.0	0.0	0.0	0.0	0.0	0.0	0.0	0.0	0.0	0.0	0.0	0.0	0.0	0.0	0.0	0.0	0.0	0.0	0.0	0.0	0.0	0.0	0.0	0.0	0.0	0.0	0.0	0.0	0.0	0.0	0.0	0.0	0.0	0.0	0.0	0.0	0.0	0.0	0.10869600000000001	0.0	0.0	0.0	0.0	0.0	0.0	0.0	0.0	0.0	0.0	0.145138	0.0	0.0
Sin-CPnd_050-Ex1-9B-lcwgs-1-2.clmp.r1r2_fastp	0.0	0.014403899999999999	0.0030008	0.009002409999999999	0.0	0.0	0.0	0.0	0.0102027	0.0	0.0	0.009002409999999999	0.0	0.0	0.0	0.0	0.0	0.0	0.0	0.0	0.0	0.0	0.0	0.0	0.011403100000000001	0.0	0.00720193	0.0	0.0	0.0	0.0	0.0	0.0	0.0	0.0	0.0	0.011580499999999999	0.0196125	0.0	0.0	0.0	0.000629767	0.0108032	0.0	0.0	0.0	0.0	0.0	0.0	0.0	0.0	0.0	0.0	0.0	0.0	0.0	0.0	0.0	0.0	0.0	0.0	0.0	0.0	0.0	0.0008934309999999999	0.0	0.0	0.0	0.0	0.0	0.0	0.0	0.0	0.0	0.0	0.0	0.0	0.0	0.0	0.0	0.00648416	0.0	0.0	0.0	0.0	0.0	0.0	0.0	0.0	0.0	0.0	0.0	0.0	0.0	0.0	0.0	0.0	0.0	0.0	0.0	0.0	0.0	0.0	0.0	0.0	0.0	0.0	0.0	0.0	0.0	0.0	0.0	0.0	0.0	0.0	0.0	0.0	0.0	0.0	0.0	0.0	0.0	0.0	0.0	0.0	0.0	0.0	0.0	0.0	0.0	0.0	0.0	0.0	0.0	0.0	0.0	0.00699888	0.0	0.0	0.0	0.0	0.0	0.0	0.0	0.0	0.0	0.0	0.0	0.0	0.0
Sin-CPnd_051-Ex1-12G-lcwgs-1-2.clmp.r1r2_fastp	0.0	0.0234656	0.00156437	0.00886479	0.0	0.0	0.0	0.0	0.014600799999999999	0.0	0.0	0.014600799999999999	0.0	0.0	0.0	0.0	0.0	0.0	0.0	0.0	0.0	0.0	0.0	0.0	0.0239871	0.0	0.013557900000000001	0.0	0.0	0.0	0.0	0.0	0.0	0.000522548	0.0	0.00105095	0.018983800000000002	0.0338737	0.0	0.0	0.0	0.000540193	0.020663300000000002	0.0	0.0	0.0	0.0	0.0	0.0	0.0	0.0	0.0	0.0	0.0	0.0	0.0	0.0	0.0	0.0	0.0	0.0	0.0	0.0	0.0	0.0	0.0	0.0	0.0	0.0	0.0	0.0	0.0	0.0	0.0	0.0	0.0	0.0	0.0	0.0	0.000939496	0.00575385	0.0	0.0	0.0	0.0	0.0	0.0010868400000000002	0.0	0.0	0.0	0.0	0.0	0.0	0.0	0.0	0.0	0.0	0.0	0.0	0.0	0.0	0.0	0.0	0.0	0.0	0.0	0.0	0.0	0.0	0.0	0.0	0.0	0.0	0.0	0.0	0.0	0.0	0.0	0.0	0.0090936	0.0	0.0	0.0	0.0	0.0	0.0	0.0	0.0	0.0	0.0	0.011863799999999999	0.0	0.0	0.0	0.0	0.0	0.0069206499999999995	0.021306799999999997	0.0	0.0	0.0	0.0	0.0	0.0	0.00420575	0.0	0.0	0.0	0.018896399999999997	0.0
Sin-CPnd_053-Ex1-9G-lcwgs-1-2.clmp.r1r2_fastp	0.0	0.0149866	0.00145032	0.00821848	0.0	0.0	0.0	0.0	0.006284720000000001	0.0	0.0	0.0101522	0.0	0.0	0.0	0.0	0.0	0.0	0.0	0.0	0.0	0.0	0.0	0.00048343999999999997	0.0149866	0.0	0.00290064	0.00048343999999999997	0.0	0.0	0.0	0.0	0.0	0.0	0.0	0.000488114	0.0147092	0.020698	0.0	0.0	0.0	0.0	0.0163327	0.0	0.0	0.0	0.0	0.0	0.0	0.0	0.0	0.0	0.0	0.0	0.0	0.0	0.0	0.0	0.0	0.0	0.0	0.0	0.0	0.0	0.00141511	0.0	0.0	0.0	0.0	0.0	0.0	0.0	0.0	0.0	0.0	0.0	0.0	0.0	0.0	0.0	0.00206309	0.0	0.0	0.0	0.0	0.0	0.0	0.0	0.0	0.0	0.0	0.0	0.0	0.0029370299999999998	0.0	0.0	0.0	0.0	0.0	0.0	0.0	0.0	0.0	0.0	0.0	0.0	0.0	0.0	0.0	0.0	0.0	0.0	0.0	0.0	0.0	0.0	0.0	0.0	0.0	0.00641046	0.0	0.0	0.0	0.0	0.0	0.0	0.0	0.0	0.0	0.0	0.00911785	0.0	0.0	0.0	0.0	0.0	0.0056265099999999995	0.005829539999999999	0.0	0.0	0.0	0.0	0.0	0.0	0.0	0.0	0.0	0.0	0.0	0.0
Sin-CPnd_058-Ex1-9D-lcwgs-1-2.clmp.r1r2_fastp	0.0	0.0160807	0.000643227	0.00771873	0.0	0.0	0.0	0.000643227	0.0109349	0.0	0.0	0.00964841	0.0	0.0	0.0	0.0	0.0	0.0	0.0	0.0	0.0	0.0	0.0	0.000643227	0.00771873	0.0	0.00514582	0.0	0.0	0.0	0.0	0.0	0.0	0.0	0.0	0.00129721	0.0130274	0.0130896	0.0	0.0	0.0	0.0	0.0141931	0.0	0.0	0.0	0.0	0.0	0.0	0.0	0.0	0.0	0.0	0.0	0.0	0.0	0.0	0.0	0.0	0.0	0.0	0.0	0.0	0.0	0.0	0.0	0.0	0.0	0.0	0.0	0.0	0.0	0.0	0.0	0.0	0.0	0.0	0.0	0.0	0.0	0.0054513	0.0	0.0	0.0	0.0	0.0	0.0	0.0	0.0	0.0	0.0	0.0	0.0	0.0	0.0	0.0	0.0	0.0	0.0	0.0	0.0	0.00248318	0.0	0.0	0.0	0.0	0.0	0.0	0.0	0.0	0.0	0.0	0.0	0.0	0.0	0.0	0.0	0.0	0.0	0.00443931	0.0	0.0	0.0	0.0	0.0	0.0	0.0	0.0	0.0	0.0	0.0128982	0.0	0.0	0.0	0.0	0.0	0.0	0.0334588	0.0	0.0	0.0	0.0	0.0	0.0	0.0	0.0	0.0	0.0	0.0	0.0
Sin-CPnd_061-Ex1-9A-lcwgs-1-2.clmp.r1r2_fastp	0.0	0.0172947	0.00298185	0.016101999999999998	0.0	0.0	0.0	0.0	0.0143129	0.0	0.0	0.0101383	0.0	0.0	0.0	0.0	0.0	0.0	0.0	0.0	0.0	0.0	0.0	0.0	0.0238548	0.0	0.0119274	0.0	0.0	0.0	0.0	0.0	0.0	0.0	0.0	0.0	0.024149499999999997	0.028498	0.0	0.0	0.0	0.0	0.0318479	0.0	0.0	0.0	0.0	0.0	0.0	0.0	0.0	0.0	0.0	0.0	0.0	0.0	0.0	0.0	0.0	0.0	0.0	0.0	0.0	0.0	0.0	0.0	0.0	0.0	0.0	0.0	0.0	0.0	0.0	0.0	0.0	0.0	0.0	0.0	0.0	0.0	0.0055752499999999995	0.0	0.0	0.0	0.0	0.0	0.0	0.0	0.0	0.0	0.0	0.0	0.0	0.0	0.0	0.0	0.0	0.0	0.0	0.0	0.0	0.0	0.0	0.0	0.0	0.0	0.0	0.0	0.0	0.0	0.0	0.0	0.0	0.0	0.0	0.0	0.0	0.0	0.0	0.0177836	0.0	0.0	0.0	0.0	0.0	0.0	0.0	0.0	0.0	0.0	0.00974184	0.0	0.0	0.0	0.0	0.0	0.0113097	0.0	0.0	0.0	0.0	0.0	0.0	0.0	0.0	0.0	0.0	0.0	0.020224500000000003	0.0
Sin-CPnd_062-Ex1-11D-lcwgs-1-2.clmp.r1r2_fastp	0.0	0.0231664	0.00052651	0.0194809	0.0	0.0	0.00052651	0.0	0.0157953	0.0	0.00052651	0.0163218	0.0	0.0	0.0	0.0	0.0	0.0	0.0	0.0	0.0	0.0	0.0	0.00105302	0.0200074	0.00052651	0.0168483	0.0	0.0	0.0	0.0	0.0	0.0	0.0	0.000528318	0.0005293829999999999	0.019110199999999997	0.0287545	0.0	0.0	0.0	0.0	0.0272211	0.0	0.0	0.0	0.0	0.0	0.0	0.0	0.0	0.0	0.0	0.0	0.0	0.0	0.0	0.0	0.0	0.0	0.0	0.0	0.0	0.0	0.0	0.0	0.0	0.0	0.0	0.0	0.0	0.0	0.0	0.0	0.0	0.0	0.0	0.0	0.0	0.0	0.0109205	0.0	0.0	0.0	0.0	0.0	0.0	0.0	0.0	0.0	0.0	0.0	0.00116268	0.00118661	0.0	0.0	0.0	0.0	0.0	0.0	0.0	0.0	0.0	0.0	0.0	0.0	0.0	0.0	0.0	0.0	0.0	0.0	0.0	0.0	0.0	0.0	0.0	0.00203359	0.0	0.010661200000000001	0.0	0.0	0.0	0.0	0.0	0.0	0.0	0.0	0.00265491	0.0	0.0223258	0.0	0.0	0.0	0.0	0.0	0.0164506	0.0236734	0.0	0.0	0.0	0.0	0.0	0.0	0.0	0.0	0.0	0.0	0.00906659	0.0
Sin-CPnd_063-Ex1-9F-lcwgs-1-2.clmp.r1r2_fastp	0.0	0.0120877	0.0012087699999999999	0.0120877	0.0	0.0	0.0	0.0	0.0048350599999999995	0.0	0.0	0.013296400000000002	0.0	0.0	0.0	0.0	0.0	0.0	0.0	0.0	0.0	0.0	0.0	0.0	0.0108789	0.0	0.0102745	0.0	0.0	0.0	0.0	0.0	0.0	0.0	0.0	0.000610359	0.00858532	0.014179700000000002	0.0	0.0	0.000628587	0.0	0.0153295	0.0	0.0	0.0	0.0	0.0	0.0	0.0	0.0	0.0	0.0	0.0	0.0	0.0	0.0	0.0	0.0	0.0	0.0	0.0	0.0008581699999999999	0.0	0.00178747	0.0	0.0	0.0	0.0	0.0	0.0	0.0	0.0	0.0	0.0	0.0	0.0	0.0	0.0	0.0	0.00390564	0.0	0.0	0.0	0.0	0.0	0.0	0.0	0.0	0.0	0.0	0.0	0.0	0.0	0.0	0.0	0.0	0.0	0.0	0.0	0.0	0.0	0.0	0.0	0.0	0.0	0.0	0.0	0.0	0.0	0.0	0.0	0.0	0.0	0.0	0.0	0.0	0.0	0.0	0.00383024	0.0	0.0	0.0	0.0	0.0	0.0	0.0	0.0	0.0	0.0	0.0106298	0.0	0.0	0.0	0.0	0.0	0.0129963	0.00671141	0.0	0.0	0.0	0.0	0.0	0.0	0.0	0.0	0.0	0.0	0.0	0.0
Sin-CPnd_065-Ex1-11B-lcwgs-1-2.clmp.r1r2_fastp	0.0	0.020452400000000003	0.0010226200000000001	0.0158506	0.0	0.0	0.0	0.0005113100000000001	0.0219863	0.0	0.0005113100000000001	0.0158506	0.0	0.0	0.0	0.0	0.0	0.0	0.0	0.0	0.0	0.0	0.0	0.0005113100000000001	0.0163619	0.0005113100000000001	0.0127828	0.0	0.0	0.0	0.0	0.0	0.0	0.0	0.0	0.000515074	0.0175721	0.0290568	0.0	0.0005236010000000001	0.0	0.0	0.019194	0.0	0.0	0.0	0.0	0.0	0.0	0.0	0.0	0.0	0.0	0.0	0.0	0.0	0.0	0.0	0.0	0.0	0.0	0.0	0.0	0.0	0.000696898	0.0	0.0	0.0	0.0	0.0	0.0	0.0	0.0	0.0	0.0	0.0	0.0	0.0	0.0	0.0	0.0037327	0.0	0.0	0.0	0.0	0.0	0.0	0.0	0.0	0.0	0.0	0.0	0.0	0.00123292	0.0	0.0	0.0	0.0	0.0	0.0	0.0	0.0	0.0	0.0	0.00157374	0.0	0.0	0.0	0.0	0.00176794	0.0	0.0	0.0	0.0	0.0	0.0	0.0	0.0	0.0	0.00895897	0.0	0.0	0.0	0.0	0.0	0.0	0.0	0.0	0.0	0.0	0.0118991	0.0	0.0	0.0	0.0	0.0	0.0106247	0.0072968700000000004	0.0	0.0	0.0	0.0	0.0	0.0	0.0	0.0	0.0	0.0	0.0	0.0
Sin-CPnd_067-Ex1-9C-lcwgs-1-2.clmp.r1r2_fastp	0.0	0.0166956	0.000667824	0.0106852	0.0	0.0	0.0	0.000667824	0.013356500000000002	0.0	0.0	0.013356500000000002	0.0	0.0	0.0	0.0	0.0	0.0	0.0	0.0	0.0	0.0	0.0	0.0	0.011353	0.000667824	0.0140243	0.0	0.0	0.0	0.0	0.0	0.0	0.0	0.0	0.0	0.0115132	0.0176967	0.0	0.0	0.0	0.0006981530000000001	0.015490400000000001	0.0	0.0	0.0	0.0	0.0	0.0	0.0	0.0	0.0	0.0	0.0	0.0	0.0	0.0	0.0	0.0	0.0	0.0	0.0	0.0	0.0	0.0009705529999999999	0.0	0.0	0.0	0.0	0.0	0.0	0.0	0.0	0.0	0.0	0.0	0.0	0.0	0.0	0.0	0.00275756	0.0	0.0	0.0	0.0	0.0	0.0	0.0	0.0	0.0	0.0	0.0	0.0	0.0	0.0	0.0	0.0	0.0	0.0	0.0	0.0	0.0	0.0	0.0	0.0	0.0	0.0	0.0	0.0	0.0	0.0	0.00306532	0.0	0.0	0.0	0.0	0.0	0.0	0.0	0.00762428	0.0	0.0	0.0	0.0	0.0	0.0	0.0	0.0	0.0	0.0	0.0	0.0	0.0	0.0	0.0	0.0	0.018784	0.012947499999999999	0.0	0.0	0.0	0.0	0.0	0.0	0.0	0.0	0.0	0.0	0.0	0.0
Sin-CPnd_074-Ex1-12A-lcwgs-1-2.clmp.r1r2_fastp	0.0	0.020086299999999998	0.0034631600000000003	0.013852600000000001	0.0	0.0	0.0	0.000692631	0.011082100000000001	0.0	0.0	0.0124674	0.0	0.0	0.0	0.0	0.0	0.0	0.0	0.0	0.0	0.0	0.0	0.00138526	0.0207789	0.000692631	0.013852600000000001	0.0	0.0	0.0	0.0	0.0	0.0	0.000694107	0.0	0.0	0.034306	0.0414562	0.000705632	0.0	0.00071286	0.00143338	0.0324411	0.0	0.0	0.0	0.0	0.0	0.0	0.0	0.0	0.0	0.0	0.0	0.0	0.0	0.0	0.0	0.0	0.0	0.0	0.0	0.0009049360000000001	0.0	0.0009329490000000001	0.0	0.0	0.0	0.0009952630000000001	0.0	0.0	0.0	0.0	0.0	0.0	0.0	0.0	0.0	0.0	0.0	0.007358169999999999	0.0	0.0	0.0	0.0	0.0	0.0	0.0	0.0	0.0	0.0	0.0	0.0	0.00156321	0.0	0.0	0.0	0.0	0.0	0.0	0.0	0.0	0.0	0.0	0.0	0.0	0.0	0.0	0.0	0.0	0.0	0.0	0.0	0.0	0.0	0.0	0.0	0.0	0.0	0.015647	0.0	0.0	0.0	0.0	0.0	0.0	0.0	0.0	0.0	0.0	0.0130438	0.0	0.0	0.0	0.0	0.0	0.0149348	0.011467	0.0	0.0	0.0	0.0	0.0	0.0	0.0	0.0	0.0	0.0	0.00487995	0.0
Sin-CPnd_075-Ex1-11G-lcwgs-1-2.clmp.r1r2_fastp	0.0	0.0184829	0.000880138	0.0149624	0.0	0.0	0.0	0.000880138	0.0167226	0.0	0.0	0.0105617	0.0	0.0	0.0	0.0	0.0	0.0	0.0	0.0	0.0	0.0	0.0	0.0	0.0180428	0.000440069	0.0132021	0.000440069	0.0	0.0	0.0	0.0	0.0	0.0	0.0	0.00044301899999999995	0.0222225	0.0214163	0.0	0.0	0.0	0.000910374	0.0187707	0.0	0.0	0.00046772199999999995	0.0	0.0	0.0	0.0	0.0	0.0	0.0	0.0	0.0	0.0	0.0	0.0	0.0	0.0	0.0	0.0	0.0	0.0	0.0	0.0	0.0	0.0	0.0	0.0	0.0	0.0	0.0	0.0	0.0	0.0	0.0	0.0	0.0	0.0	0.007339570000000001	0.0	0.0	0.0	0.0	0.0	0.0	0.0	0.0	0.0	0.0	0.0	0.0	0.0011057699999999998	0.0	0.0	0.0	0.0	0.0	0.0	0.0	0.0	0.0	0.0	0.0	0.0	0.0	0.0	0.0	0.0	0.0	0.0	0.0	0.0	0.0	0.0	0.0	0.0	0.0021019	0.00431993	0.0	0.0	0.0	0.0	0.0	0.0	0.0	0.0	0.0	0.0	0.00586201	0.0	0.0	0.0	0.0	0.0	0.0105828	0.0145709	0.0	0.0	0.0	0.0	0.0	0.0	0.0	0.0	0.0	0.0	0.0101978	0.0
Sin-CPnd_076-Ex1-10E-lcwgs-1-2.clmp.r1r2_fastp	0.0	0.0184075	0.000391648	0.010966199999999999	0.0	0.0	0.0	0.0	0.014490999999999999	0.0	0.000391648	0.0176242	0.0	0.0	0.0	0.0	0.0	0.0	0.0	0.0	0.0	0.0	0.0	0.0	0.0191908	0.0	0.0156659	0.0	0.0	0.0	0.0	0.0	0.0	0.0	0.0	0.0007875130000000001	0.0228957	0.0249435	0.0	0.0	0.0	0.000402125	0.025854600000000002	0.0	0.0	0.0	0.0	0.0	0.0	0.0	0.0	0.0	0.0	0.000438105	0.0	0.0	0.0	0.0	0.0	0.0	0.0	0.0	0.0	0.0	0.0	0.0	0.0	0.0	0.0	0.0	0.0	0.0	0.0	0.0	0.0	0.0	0.0	0.0	0.0	0.000622808	0.0031677600000000004	0.0	0.0	0.0	0.0	0.0	0.0	0.0	0.0	0.0	0.0	0.0	0.000788233	0.0008043369999999999	0.0	0.0	0.0	0.0	0.0	0.0	0.0	0.0	0.0	0.0	0.0	0.0	0.0	0.0	0.0	0.0	0.0	0.0	0.0	0.0	0.0	0.0	0.0	0.0	0.0	0.0128582	0.0	0.0	0.0	0.0	0.0	0.0	0.0	0.0	0.0	0.0	0.00572399	0.0	0.0	0.0	0.0	0.0	0.0045608	0.021205400000000003	0.0	0.0	0.0	0.0	0.0	0.0	0.0	0.0	0.0	0.0	0.0032861200000000004	0.0
Sin-CPnd_079-Ex1-9H-lcwgs-1-2.clmp.r1r2_fastp	0.0	0.0195892	0.000593613	0.0100914	0.0	0.0	0.0	0.0	0.010685	0.0	0.0	0.009497799999999999	0.0	0.0	0.0	0.0	0.0	0.0	0.0	0.0	0.0	0.0	0.0	0.0	0.0112786	0.0	0.00831058	0.0	0.0	0.0	0.0	0.0	0.0	0.0	0.0	0.0005994770000000001	0.0102413	0.0224005	0.0	0.0	0.0006169600000000001	0.000621678	0.0206808	0.0	0.0	0.0	0.0	0.0	0.0	0.0	0.0	0.0	0.0	0.0	0.0	0.0	0.0	0.0	0.0	0.0	0.0	0.0	0.0	0.0	0.0	0.0	0.0	0.0	0.0	0.0	0.0	0.0	0.0	0.0	0.0	0.0	0.0	0.0	0.0	0.0	0.00250066	0.0	0.0	0.0	0.0	0.0	0.0	0.0	0.0	0.0	0.0	0.0	0.0	0.0	0.0	0.0	0.0	0.0	0.0	0.0	0.0	0.0	0.0	0.0	0.0	0.0	0.0	0.0	0.0	0.0	0.0	0.0	0.0	0.0	0.0	0.0	0.0	0.0	0.0	0.007622240000000001	0.0	0.0	0.0	0.0	0.0	0.0	0.0	0.0	0.0	0.0	0.0	0.0	0.0	0.0	0.0	0.0	0.0	0.013779800000000002	0.0	0.0	0.0	0.0	0.0	0.0	0.0	0.0	0.0	0.0	0.0	0.0
Sin-CPnd_080-Ex1-2E-lcwgs-1-2.clmp.r1r2_fastp	0.0	0.0417232	0.0	0.0208616	0.0	0.0	0.0	0.0	0.0104308	0.0	0.0	0.0730155	0.0	0.0	0.0	0.0	0.0	0.0	0.0	0.0	0.0	0.0	0.0	0.0	0.0625848	0.0	0.0208616	0.0	0.0	0.0	0.0	0.0	0.0	0.0	0.0	0.0	0.0419727	0.0315789	0.0	0.0	0.0	0.0	0.032065	0.0	0.0	0.0	0.0	0.0	0.0	0.0	0.0	0.0	0.0	0.0	0.0	0.0	0.0	0.0	0.0	0.0	0.0	0.0	0.0	0.0	0.0	0.0	0.0	0.0	0.0	0.0	0.0	0.0	0.0	0.0	0.0	0.0	0.0	0.0	0.0	0.0	0.0	0.0	0.0	0.0	0.0	0.0	0.0	0.0	0.0	0.0	0.0	0.0	0.0	0.0	0.0	0.0	0.0	0.0	0.0	0.0	0.0	0.0	0.0	0.0	0.0	0.0	0.0	0.0	0.0	0.0	0.0	0.0	0.0	0.0	0.0	0.0	0.0	0.0	0.0	0.0	0.0	0.0	0.0	0.0	0.0	0.0	0.0	0.0	0.0	0.0	0.0260824	0.0	0.0	0.0	0.0	0.0	0.029334100000000002	0.0599341	0.0	0.0	0.0	0.0	0.0	0.0	0.0	0.0	0.0	0.0	0.0	0.0
Sin-CPnd_081-Ex1-10G-lcwgs-1-2.clmp.r1r2_fastp	0.0	0.0223409	0.000827441	0.0153077	0.0	0.0	0.0	0.0	0.025237000000000002	0.0	0.0	0.0136528	0.0	0.0	0.0	0.0	0.0	0.0	0.0	0.0	0.0	0.0	0.0	0.000827441	0.027719300000000002	0.0	0.0173763	0.0	0.0	0.0	0.0	0.0	0.0	0.0	0.0	0.000416334	0.018789999999999998	0.038541900000000004	0.0	0.0	0.0	0.00042617	0.0304214	0.0	0.0	0.0	0.0	0.0	0.0	0.0	0.0	0.0	0.0	0.0	0.0	0.0	0.0	0.0	0.0	0.0	0.0	0.0	0.0	0.0	0.0	0.000541536	0.0	0.0	0.000564838	0.0	0.0	0.0	0.0	0.0	0.0	0.0	0.0	0.0	0.0	0.0	0.00478178	0.0	0.0	0.0	0.0	0.0	0.0	0.0	0.0	0.0	0.0	0.0	0.0	0.0	0.0	0.0	0.0	0.0	0.0	0.0	0.0	0.0	0.0	0.0	0.0	0.0	0.0	0.0	0.0	0.0	0.0	0.0	0.0	0.0	0.0	0.0	0.0	0.0	0.0	0.0101482	0.0	0.0	0.0	0.0	0.0	0.0	0.0	0.0	0.0	0.0	0.00560454	0.0	0.0	0.0	0.0	0.0	0.00876732	0.0157782	0.0	0.0	0.0	0.0	0.0	0.0	0.0	0.0	0.0	0.0	0.0060408400000000004	0.0
Sin-CPnd_085-Ex1-4H-lcwgs-1-2.clmp.r1r2_fastp	0.0	0.0531248	0.00173233	0.037533899999999995	0.0	0.0	0.0	0.0005774440000000001	0.0560121	0.0	0.0	0.037533899999999995	0.0	0.0	0.0	0.0	0.0	0.0	0.0	0.0	0.0	0.0	0.0	0.0	0.0675609	0.0005774440000000001	0.0398436	0.0	0.0	0.0	0.0	0.0	0.0	0.0	0.0	0.0005788810000000001	0.0440378	0.0899035	0.0	0.0	0.0	0.000582971	0.0858199	0.0	0.0	0.0	0.0	0.0	0.0	0.0	0.0	0.0	0.0	0.0	0.0	0.0	0.0	0.0	0.0	0.0	0.0	0.0	0.0	0.0	0.00308037	0.0	0.0	0.0	0.0	0.0	0.0	0.0	0.0	0.0	0.0	0.0	0.0	0.0	0.0	0.0	0.0138381	0.0	0.0	0.0	0.0	0.0	0.0	0.0	0.0	0.0	0.0	0.0	0.0	0.0	0.0	0.0	0.0	0.0	0.0	0.0	0.0	0.0	0.0	0.0	0.0	0.0	0.0	0.0	0.0	0.0	0.0	0.0	0.0	0.0	0.0	0.0	0.0	0.0	0.0	0.0163283	0.0	0.0	0.0	0.0	0.0	0.0	0.0	0.0	0.0	0.0	0.0158378	0.0	0.0	0.0	0.0	0.0	0.0128887	0.039437400000000004	0.0	0.0	0.0	0.0	0.0	0.0	0.0	0.0	0.0	0.0	0.0117009	0.0
Sin-CPnd_088-Ex1-2D-lcwgs-1-2.clmp.r1r2_fastp	0.0	0.0	0.0	0.0304136	0.0	0.0	0.0	0.0	0.0	0.0	0.0	0.0	0.0	0.0	0.0	0.0	0.0	0.0	0.0	0.0	0.0	0.0	0.0	0.0	0.0304136	0.0	0.0	0.0	0.0	0.0	0.0	0.0	0.0	0.0	0.0	0.0	0.0155304	0.0156617	0.0	0.0	0.0	0.0	0.0	0.0	0.0	0.0	0.0	0.0	0.0	0.0	0.0	0.0	0.0	0.0	0.0	0.0	0.0	0.0	0.0	0.0	0.0	0.0	0.0	0.0	0.0	0.0	0.0	0.0	0.0	0.0	0.0	0.0	0.0	0.0	0.0	0.0	0.0	0.0	0.0	0.0	0.0	0.0	0.0	0.0	0.0	0.0	0.0	0.0	0.0	0.0	0.0	0.0	0.0	0.0	0.0	0.0	0.0	0.0	0.0	0.0	0.0	0.0	0.0	0.0	0.0	0.0	0.0	0.0	0.0	0.0	0.0	0.0	0.0	0.0	0.0	0.0	0.0	0.0	0.0	0.0	0.0	0.0	0.0	0.0	0.0	0.0	0.0	0.0	0.0	0.0	0.0	0.0	0.0	0.0	0.0	0.0	0.0	0.0	0.0	0.0	0.0	0.0	0.0	0.0	0.0	0.0	0.0	0.0	0.0	0.0
Sin-CPnd_089-Ex1-9E-lcwgs-1-2.clmp.r1r2_fastp	0.0	0.0231148	0.00047173100000000003	0.018869300000000002	0.0	0.0	0.0	0.0	0.018869300000000002	0.0	0.00047173100000000003	0.0141519	0.0	0.0	0.0	0.0	0.0	0.0	0.0	0.0	0.0	0.0	0.0	0.00047173100000000003	0.0240583	0.00047173100000000003	0.0136802	0.0	0.0	0.0	0.0	0.0	0.0	0.0	0.0	0.0	0.018603	0.030173899999999997	0.0	0.0	0.0	0.0	0.026071999999999998	0.0	0.0	0.0	0.0	0.0	0.00051709	0.0	0.0	0.0	0.0	0.0	0.0	0.0	0.0	0.0	0.0	0.0	0.0	0.0	0.0	0.0	0.0	0.0	0.0	0.0	0.0	0.0	0.0	0.0	0.0	0.0	0.0	0.0	0.0	0.0	0.0	0.0	0.00820735	0.0	0.0	0.0	0.0	0.0	0.0	0.0	0.0	0.0	0.0	0.0010064199999999998	0.0	0.0	0.0	0.0	0.0	0.0	0.0	0.0	0.0	0.0	0.0	0.0	0.0	0.0	0.0	0.0	0.0	0.0	0.0	0.0	0.0	0.0	0.0	0.0	0.0	0.0	0.0	0.0072228200000000005	0.0	0.0	0.0	0.0	0.0	0.0	0.0	0.0	0.0	0.0	0.0164559	0.0	0.0	0.0	0.0	0.0026789500000000003	0.00550297	0.0283038	0.0	0.0	0.0	0.0	0.0	0.0	0.0	0.0	0.0	0.0	0.0038031499999999995	0.0
Sin-CPnd_090-Ex1-12F-lcwgs-1-2.clmp.r1r2_fastp	0.0	0.0528659	0.00318131	0.033871599999999995	0.0	0.0	0.0	0.000280704	0.0505267	0.0	0.00093568	0.053052999999999996	0.0	0.0	0.0	0.0	0.0	0.0	0.0	0.0	0.0	0.0	0.0	0.00046784	0.0793456	0.000748544	0.047532500000000005	0.000280704	0.0	0.0	0.0	0.0	0.0	9.36118e-05	0.000281	0.000937315	0.0652866	0.09632589999999999	0.0	0.0	0.00018839600000000002	0.00169783	0.0961482	0.0	0.0	0.0	0.0	0.0	0.0	0.0	0.0	0.0	0.0	0.0	0.0	0.0	0.0	0.0	0.0	0.0	0.0	0.0	0.0	0.0	0.00140207	0.0	0.0	0.0	0.0	0.0	0.00010254599999999999	0.0	0.0	0.0	0.0	0.000104802	0.0	0.0	0.0	0.0	0.017167500000000002	0.0	0.0	0.0	0.0	0.0	0.000331945	0.0	0.0	0.0	0.0	0.0	0.0	0.000345192	0.0	0.0	0.0	0.0	0.0	0.0	0.0	0.00024192200000000002	0.0	0.0	0.0	0.0	0.0	0.0	0.000254104	0.0	0.0	0.0	0.0	0.0	0.0	0.000134418	0.0	0.0	0.0	0.0220154	0.0	0.0	0.0	0.0	0.0	0.0	0.000149678	0.0	0.0	0.000155037	0.025429800000000002	0.0	0.0	0.0	0.0	0.0	0.0196256	0.037416700000000004	0.0	0.0	0.0	0.0	0.000185219	0.0	0.0	0.0	0.00019310600000000002	0.00039247	0.0168093	0.0
Sin-CPnd_092-Ex1-11F-lcwgs-1-2.clmp.r1r2_fastp	0.0	0.017913099999999998	0.00238842	0.007165250000000001	0.0	0.0	0.0	0.0	0.00895656	0.0	0.000597104	0.00895656	0.0	0.0	0.0	0.0	0.0	0.0	0.0	0.0	0.0	0.0	0.0	0.0	0.014330500000000001	0.000597104	0.011942099999999999	0.0	0.0	0.0	0.0	0.0	0.0	0.0	0.0	0.0	0.0193197	0.0218259	0.0	0.0	0.0	0.000619602	0.019342	0.0	0.0	0.0	0.0	0.0	0.0	0.0	0.0	0.0	0.0	0.0	0.0	0.0	0.0	0.0	0.0	0.0	0.0	0.0	0.0	0.0	0.0008340910000000001	0.0	0.0	0.0	0.0	0.0	0.0	0.0	0.0	0.0	0.0	0.0	0.0	0.0	0.0	0.0	0.00347568	0.0	0.0	0.0	0.0	0.0	0.0	0.0	0.0	0.0	0.0	0.0	0.0	0.00157206	0.0	0.0	0.0	0.0	0.0	0.0	0.0	0.0	0.0	0.0	0.0	0.0	0.0	0.0	0.0	0.0	0.0	0.0	0.0	0.0	0.0	0.0	0.0	0.0	0.0	0.0029967	0.0	0.0	0.0	0.0	0.0	0.0	0.0	0.0	0.0	0.0	0.00398788	0.0	0.0	0.0	0.0	0.0	0.0	0.00980056	0.0	0.0	0.0	0.0	0.0	0.0	0.0	0.0	0.0	0.0	0.006715469999999999	0.0
Sin-CPnd_093-Ex1-10C-lcwgs-1-2.clmp.r1r2_fastp	0.0	0.0290781	0.00215393	0.0188469	0.0	0.0	0.0	0.000538483	0.0236932	0.0	0.000538483	0.0188469	0.0	0.0	0.0	0.0	0.0	0.0	0.0	0.0	0.0	0.0	0.000538483	0.0	0.0306935	0.0016154499999999998	0.0199239	0.00107697	0.0	0.0	0.0	0.0	0.0	0.0	0.0	0.000541829	0.029351799999999997	0.04907759999999999	0.0	0.0	0.0	0.0	0.031227	0.0	0.0	0.0	0.0	0.0	0.0	0.0	0.0	0.0	0.0	0.0	0.0	0.0	0.0	0.0	0.0	0.0	0.0	0.0	0.0	0.0	0.0020633699999999997	0.0	0.0	0.0	0.0	0.000734533	0.0	0.0	0.0	0.0	0.0	0.0	0.0	0.0	0.0	0.0	0.00859269	0.0	0.0	0.0	0.0	0.0	0.0	0.0	0.0	0.0	0.0	0.0	0.0	0.00105299	0.0	0.0	0.0	0.0	0.0	0.0	0.0	0.0	0.0	0.0	0.0	0.0	0.0	0.0	0.0	0.0	0.0	0.0	0.0	0.0	0.0	0.0	0.0	0.0	0.0	0.00818934	0.0	0.0	0.0	0.0	0.0	0.0	0.0	0.0	0.0	0.0	0.0161996	0.0	0.0	0.0	0.0	0.0	0.011546500000000001	0.018926	0.0	0.0	0.0	0.00258947	0.0	0.0	0.0	0.0	0.0	0.0	0.0030239800000000003	0.0
Sin-CPnd_094-Ex1-3H-lcwgs-1-2.clmp.r1r2_fastp	0.0	0.054932600000000005	0.004028390000000001	0.0316778	0.0	0.0	0.0	0.000366217	0.056214299999999995	0.0	0.0009155429999999999	0.0531015	0.0	0.0	0.0	0.0	0.0	0.0	0.0	0.0	0.0	0.0	0.000183109	0.000549326	0.0626231	0.000732434	0.0399177	0.000549326	0.0	0.0	0.0	0.0	0.0	0.000183154	0.0	0.00018326	0.0608638	0.0852831	0.000183483	0.0	0.0	0.000367604	0.0792778	0.0	0.0	0.0	0.0	0.0	0.0	0.0	0.0	0.0	0.0	0.0	0.0	0.0	0.0	0.0	0.0	0.0	0.0	0.0	0.0	0.0	0.000761362	0.0	0.0	0.0	0.00019241200000000001	0.0	0.0	0.0	0.00019483800000000002	0.0	0.0	0.0	0.00019768599999999998	0.0	0.0	0.0	0.0110511	0.0	0.0	0.0	0.0	0.0	0.0	0.0	0.0	0.0	0.0	0.0	0.000214076	0.000215443	0.0	0.0	0.0	0.0	0.0	0.0	0.0	0.0	0.0	0.0	0.000233747	0.0	0.0	0.0	0.000484347	0.0	0.0	0.0	0.00025202	0.0	0.0	0.0	0.0	0.0	0.0	0.0174489	0.0	0.0	0.0	0.0	0.0	0.0	0.0	0.0	0.0	0.0	0.0152903	0.0	0.0	0.00033527199999999996	0.0	0.0	0.0159828	0.0228402	0.0	0.0	0.0	0.0	0.0	0.0	0.0	0.0	0.00042059800000000005	0.0	0.0125189	0.0
Sin-CPnd_095-Ex1-2B-lcwgs-1-2.clmp.r1r2_fastp	0.0	0.026715799999999998	0.0009541349999999999	0.011449599999999999	0.0	0.0	0.0	0.0009541349999999999	0.0162203	0.0	0.0	0.0248075	0.0	0.0	0.0	0.0	0.0	0.0	0.0	0.0	0.0	0.0	0.0	0.0	0.020991	0.0009541349999999999	0.011449599999999999	0.0	0.0	0.0	0.0	0.0	0.0	0.0	0.0	0.0	0.0309122	0.0330017	0.0	0.0	0.0	0.0	0.0270124	0.0	0.0	0.0	0.0	0.0	0.0	0.0	0.0	0.0	0.0	0.0	0.0	0.0	0.0	0.0	0.0	0.0	0.0	0.0	0.0	0.0	0.0012735099999999998	0.0	0.0	0.0	0.0	0.0	0.0	0.0	0.0	0.0	0.0	0.0	0.0	0.0	0.0	0.0	0.0	0.0	0.0	0.0	0.0	0.0	0.0	0.0	0.0	0.0	0.0	0.0	0.0	0.0	0.0	0.0	0.0	0.0	0.0	0.0	0.0	0.0	0.0	0.0	0.0	0.0	0.0	0.0	0.0	0.00261561	0.0	0.0	0.0	0.0	0.0	0.0	0.0	0.0	0.0	0.00318421	0.0	0.0	0.0	0.0	0.0	0.0	0.0	0.0	0.0	0.0	0.0	0.0	0.0	0.0	0.0	0.0	0.0	0.0048699699999999995	0.0	0.0	0.0	0.0	0.0	0.0	0.0	0.0	0.0	0.0	0.00646287	0.0
Undetermined.clmp.r1r2_fastp	0.0	0.0310708	0.00208721	0.030752500000000002	1.23805e-05	2.1848000000000002e-06	1.16523e-05	0.000367047	0.0105053	1.67501e-05	0.000257807	0.0100479	7.282669999999999e-07	3.20438e-05	0.0	1.45653e-06	0.0	0.0	1.45653e-06	3.64134e-06	0.0	2.1848000000000002e-06	1.89349e-05	0.000503233	0.0120914	0.000736278	0.00949879	0.000501048	0.00028984999999999997	4.8065599999999996e-05	0.0006568969999999999	0.0014762	0.000123077	0.000640493	0.000126039	0.0015205700000000002	0.0173355	0.0209313	7.91699e-05	0.0007664400000000001	0.000720072	0.00103603	0.0178519	8.28334e-05	0.00011249	0.0007714070000000001	0.00185512	0.000428594	1.05947e-05	9.89973e-05	9.44212e-05	4.31922e-05	1.03062e-05	5.48978e-05	4.06944e-05	8.98668e-07	1.6439799999999998e-05	1.8572799999999999e-06	0.00116007	4.8069099999999995e-06	0.0005745440000000001	0.00032197899999999996	0.000167576	5.38281e-05	0.000865529	0.000907728	2.30772e-05	9.20008e-05	0.000736859	1.8734e-05	7.42036e-05	1.22374e-06	0.00045937200000000005	2.30515e-05	0.000323763	0.00146559	4.53652e-05	6.057410000000001e-05	1.58846e-05	0.00018657	0.0038958699999999996	9.35265e-06	2.8806e-05	0.0	0.0	7.98811e-05	0.00103937	1.83691e-06	3.7800500000000003e-06	0.000408497	0.000120152	5.567e-05	0.00022936400000000002	0.0006322	0.0	0.0	4.78717e-06	8.88564e-05	0.0	5.25435e-06	3.5251000000000005e-05	0.000534655	0.0017926499999999998	0.000256938	6.79667e-05	3.19771e-06	3.30946e-06	2.05536e-05	0.000641749	2.93612e-05	0.000296374	0.000169168	0.0017963	5.48305e-05	3.93156e-05	6.78905e-05	0.00011256399999999999	1.94427e-05	0.00037288	0.00857308	0.0	5.614e-06	0.00042493	0.0	0.0	0.0	6.07753e-05	7.01174e-06	1.45615e-05	0.000461298	0.00883439	0.0	0.0	0.00012365599999999998	4.5944899999999994e-05	0.00020084699999999998	0.00923363	0.0139353	1.08126e-05	0.000427913	3.51073e-05	9.71234e-05	0.000276358	5.19262e-05	0.00010734	0.000347245	5.757269999999999e-05	0.000270059	0.00737761	0.0
