Sample	1	2	3	4	5	6	7	8	9	12	17	22	27	32	37	42	47	52	57	62	67	72	77	82	87	92	97	102	107	112	117	122	127	132	137	142	147	150
Sin-APnd_001-Ex1-6G-lcwgs-1-2.clmp.fp2_repr.R1	0.0	0.014899790226279111	0.000945072408638275	0.008389859022271679	1.0216999012305677e-05	0.0	1.5325498518458515e-05	0.0002009343139086783	0.009833861549344215	0.0016990869357464342	0.0	6.64104935799869e-05	0.004059554274222789	3.849757811736064e-05	0.005916456518049541	0.0025848544473487684	4.010340816918529e-06	1.0768559432385232e-05	1.361355277857872e-05	4.03780710052237e-05	0.00016354676588148045	1.542212852593715e-05	1.6142303093781036e-05	0.0005250715063182024	2.363499162139547e-05	0.00016212970085941923	0.0	2.3773928640783348e-05	1.7394857574068883e-05	1.5290239030586612e-05	2.5619501079780455e-05	0.0009598326600316711	1.0608374731926371e-05	0.0010787855191790158	0.0024591656933866386	7.087564520757669e-06	0.0008168039296792189	0.0
Sin-APnd_001-Ex1-6G-lcwgs-1-2.clmp.fp2_repr.R2	0.0	0.01151966638637465	0.0005023357847716958	0.0005329867818086128	9.36558242794687e-05	8.173599209844542e-05	1.191983218102329e-05	0.00010387282329177439	1.7028331687176128e-05	0.00033716096740608734	0.0027194245704420276	0.0009331525764572519	8.173599209844542e-06	0.0015818881594236902	9.913948919934129e-05	0.0001162017522005874	0.0011547802407536698	0.0008892797712729274	0.0009975772957587095	0.0009042609151659514	0.0033151882032342976	0.00013881686650147313	0.0016917111393101867	0.0006257968091972421	5.296667943991246e-05	1.0656822191425514e-05	2.1826126026785688e-05	0.0006256560344600319	0.0006813672116923552	0.0006462100572470081	2.5504111721883577e-06	0.0	0.0	0.0002851493612354151	0.0008802152993957354	0.00011241035174082285	0.00047467948530200424	0.0
Sin-APnd_002-Ex1-3G-lcwgs-1-2.clmp.fp2_repr.R1	0.0	0.012305015551219425	0.0006755556108890227	0.006978383352272469	7.073880742293431e-06	3.5369403711467154e-06	1.0610821113440147e-05	0.00017684701855733579	0.008322420693308222	0.0013164492061408077	0.0	3.60767917856965e-05	0.003075723346749184	1.6985442251623063e-05	0.004462883897229845	0.0019077055302837728	1.5327384581230486e-06	8.10243250742592e-06	6.090569977464543e-06	2.7480468588611474e-05	0.00012452806349265284	1.6405063708830556e-05	9.306161451292157e-06	0.0004187805660140313	1.4222398706387505e-05	0.00015475793547978548	0.0	1.1972043721544509e-05	1.4549359064359818e-05	1.786306238893362e-05	2.211843637474183e-05	0.0008894436688434363	0.0	0.0008256228416154863	0.001851199718730693	0.0	0.0004401847942101336	0.0
Sin-APnd_002-Ex1-3G-lcwgs-1-2.clmp.fp2_repr.R2	0.0	0.009365818102796504	0.0003218615737743511	0.0003572309774858183	3.890634408261387e-05	6.012798630949417e-05	7.073880742293431e-06	7.073880742293431e-05	1.0610821113440147e-05	0.0002539523186483342	0.002083965266679645	0.0006981920292643617	3.5369403711467154e-06	0.0011210789784994464	5.4494830021698044e-05	8.473920276105376e-05	0.0008634241842074744	0.000633674052542078	0.000736004568280189	0.0006754188619084034	0.0025368795988870477	9.403554407214388e-05	0.0013308535807584334	0.0005667650019346246	4.494079616359478e-05	1.699513049147984e-05	2.036639086245581e-05	0.0006000750774344303	0.0005523931786833073	0.0006277955927988421	0.0	0.0	0.0	0.0002962522973439871	0.0009516192038658579	0.0001427900606694569	0.0006771796198105251	0.0
Sin-APnd_003-Ex1-3H-lcwgs-1-2.clmp.fp2_repr.R1	0.0	0.016660826833261266	0.0010875308943909	0.009747499127503624	5.492580274701516e-06	0.0	1.0985160549403032e-05	0.00023251923162903086	0.011464845893393631	0.0019256986443103514	3.661720183134344e-07	5.236259861882111e-05	0.0043973597679260335	3.4796855372284305e-05	0.006329641106690668	0.0027061052856516376	5.810555822158921e-06	9.302851357107642e-06	7.279160680573949e-06	3.1191985201054364e-05	0.00012123852085486653	1.3061534767887139e-05	1.566442445693338e-05	0.0005477575692186636	1.6794111709621868e-05	0.00017108447067918115	0.0	1.0594761043699328e-05	1.8056342761943467e-05	1.6551532825041278e-05	1.988975981285168e-05	0.0009915058273348434	2.3498030835643434e-05	0.0010460282848943816	0.002552013737228434	2.8183116757354298e-05	0.0008434005267977273	0.0
Sin-APnd_003-Ex1-3H-lcwgs-1-2.clmp.fp2_repr.R2	0.0	0.013282889964319833	0.00047968534399059907	0.0005144716857303753	6.774182338798536e-05	7.323440366268688e-05	7.3234403662686875e-06	0.00012083676604343335	1.4646880732537375e-05	0.0003493281054710164	0.0028308758735811615	0.0009121344976187651	1.1351332567716467e-05	0.0015336944764412844	7.982141967664587e-05	0.00010846484548341029	0.0011033455669117787	0.0009331654807833877	0.000994811393943661	0.0008792416167125513	0.0034369605236371967	0.00010163897380767471	0.0016318816528134005	0.0006552790520147434	5.4954445937743366e-05	1.2457960390199692e-05	3.0057131559214942e-05	0.0007279421003417413	0.000712957665935297	0.000730983815326378	0.0	0.0	0.0	0.0003019844376808999	0.000910584980648543	0.00018422641960590922	0.0006613709227171542	0.0
Sin-APnd_004-Ex1-4A-lcwgs-1-2.clmp.fp2_repr.R1	0.0	0.01423249758844335	0.000991287026217346	0.008548282108994519	0.0	3.136984260181474e-06	1.2547937040725897e-05	0.00019763000839143288	0.009583486914854404	0.0016513085145595282	0.0	5.709311353530284e-05	0.003958874136349021	4.8336389228912365e-05	0.0058378245710405865	0.0024772154820605803	1.1023405908199708e-05	1.3962264261865059e-05	1.1151804932373224e-05	4.899018542872667e-05	0.000144790386034977	1.4191673395885135e-05	1.8557420829279673e-05	0.0005732104856927087	1.7958242221783277e-05	0.00016338664804312192	0.0	1.0545713241387368e-05	2.5174171438561975e-05	1.5160871246755764e-05	1.3785572405915995e-05	0.0010904371680038223	6.859329689840318e-06	0.0009178413052383242	0.0028466100963099542	1.3295800175823663e-05	0.0007720031576571708	0.0
Sin-APnd_004-Ex1-4A-lcwgs-1-2.clmp.fp2_repr.R2	0.0	0.011823293676623978	0.0005050544658892174	0.0005458352612715766	7.528762224435538e-05	9.724651206562571e-05	9.410952780544422e-06	0.00010352048058598867	2.823285834163327e-05	0.00037769290492584953	0.002857792661025323	0.0010370869964159955	8.156159076471833e-06	0.001612131242399112	9.94415591518553e-05	0.0001237233380319684	0.0011326184769138914	0.0008978287380790421	0.0010458185960527824	0.0008778595959064364	0.0034246962180135925	0.00010183113625174653	0.0016960720092196633	0.0007315813778760846	6.292166206709317e-05	2.326348008169204e-05	3.9015556718831156e-05	0.0007217850452231264	0.00081365705769785	0.0007400338081598974	5.011226902190322e-06	0.0	7.661664570179852e-06	0.0003432967916149377	0.0009529738382474621	0.00019350856178631623	0.0007012464840793058	0.0
Sin-APnd_005-Ex1-4B-lcwgs-1-2.clmp.fp2_repr.R1	0.0	0.012595832896642435	0.0008215577929613214	0.006776291872070847	6.239679440212567e-06	0.0	2.0798931467375223e-06	0.00020382952838027716	0.007997189149205773	0.0013964402587195726	4.159786293475045e-07	4.74215637456155e-05	0.003356531560205013	3.662928571748186e-05	0.004811468380367687	0.0021382398271979465	5.544443694661109e-06	6.436442224873102e-06	1.0237832831406515e-05	4.097621521335344e-05	0.0001231781749254057	1.644114055241096e-05	1.1076245457131177e-05	0.0005088601291447714	1.3727782399273857e-05	0.00015058518208464425	0.0	1.3357089616874019e-05	1.152267653523994e-05	2.8053513423423823e-06	1.0312393685666348e-05	0.0008927332360775924	0.0	0.0010005146438069779	0.002550362040345576	0.0	0.0007088484782247547	0.0
Sin-APnd_005-Ex1-4B-lcwgs-1-2.clmp.fp2_repr.R2	0.0	0.009713100995264227	0.00037022098011927897	0.0004596563854289924	6.239679440212567e-05	5.199732866843806e-05	4.1597862934750446e-06	0.00010607455048361362	2.4958717760850267e-05	0.0003082401643465008	0.0023249045594232022	0.0007745522078450532	6.655658069560072e-06	0.0012633439508061275	7.327019726552151e-05	0.00010361495544548136	0.0009869261344365424	0.0007752745437260222	0.0008276546518817676	0.000785511465618285	0.0029195558588351314	0.00011465754646069916	0.0015361995666067618	0.0005693970701955976	5.325525341367621e-05	4.103245648159215e-06	2.125637818066136e-05	0.0006742602075333372	0.0007382817380904626	0.0006261385460655521	0.0	0.0	1.1730757071388342e-05	0.00024344778723666696	0.0009120351412723821	0.0001993439239678822	0.0004837438608506387	0.0
Sin-APnd_006-Ex1-4C-lcwgs-1-2.clmp.fp2_repr.R1	0.0	0.014448408008927037	0.0009242052031296613	0.008301043097200958	1.680373096599384e-05	0.0	2.80062182766564e-06	0.00021564788073025432	0.00973776209479343	0.0015476236219680328	0.0	5.937318274651157e-05	0.0037735578505966837	3.585714683024279e-05	0.00600766889344833	0.00250612935222734	7.1070550568808115e-06	9.952660543350324e-06	8.655273268848308e-06	4.854838376126415e-05	0.00017377878082925664	1.3468038741370118e-05	1.4268153101114793e-05	0.0005489078150638984	2.4435698274513893e-05	0.00019234223565262038	0.0	1.5665864126827256e-05	2.1513618026088435e-05	1.3028538068069095e-05	2.3824194597292095e-05	0.0010694241996502204	1.1987542306284464e-05	0.0013340669956520596	0.0031549574679902888	2.3556693186791854e-05	0.0008359021437223748	0.0
Sin-APnd_006-Ex1-4C-lcwgs-1-2.clmp.fp2_repr.R2	0.0	0.011227692907111552	0.0003724827030795302	0.0004957100634968183	4.7610571070315886e-05	6.161368020864408e-05	8.40186548299692e-06	0.00011482549493429124	2.8006218276656403e-05	0.0003153500177951511	0.0026622711093789576	0.000914122964550065	6.161368020864409e-06	0.0015357664370991863	9.4875032583644e-05	0.00012075185139757359	0.001160572242334984	0.0008648032354257898	0.0009831421384045374	0.0008450850571218743	0.003427390774589111	0.00012440523255620028	0.001757879110745912	0.0006447782092507359	4.965576622826648e-05	1.6261066082322007e-05	2.5219208757412917e-05	0.0007795569728562007	0.0007368743401333126	0.000767753453376164	0.0	0.0	6.805674843911847e-06	0.0002644269645899881	0.0010853625852520073	0.00021642872582727852	0.0005579169342836406	0.0
Sin-APnd_007-Ex1-4D-lcwgs-1-2.clmp.fp2_repr.R1	0.0	0.013267372489627626	0.0008239141893842564	0.007450538312574776	4.7080810821957515e-06	0.0	4.7080810821957515e-06	0.0001930313243700258	0.00860872625879493	0.001516943724683471	0.0	5.178889190415327e-05	0.0034698557575782683	2.7789350524585456e-05	0.0049897115549812346	0.0021597323983865487	6.647206305486724e-06	7.070439025803801e-06	9.414122334378023e-06	3.547454230745515e-05	0.0001365957314305934	2.083345603037005e-05	9.96442636378144e-06	0.0005086373181348918	2.9747550152406218e-05	0.00013395598468731186	0.0	1.337017976607801e-05	4.557304053870069e-06	2.745163858556201e-05	1.0013129215026742e-05	0.0008207167192531038	1.5123773720315751e-05	0.001055914175295832	0.0021793669739362765	1.002157645410569e-05	0.0006388761392038451	0.0
Sin-APnd_007-Ex1-4D-lcwgs-1-2.clmp.fp2_repr.R2	0.0	0.010922748110694143	0.00042843537847981337	0.0004072490136099325	9.65156621850129e-05	5.4142932445251136e-05	4.7080810821957515e-06	0.00013653435138367677	2.1186364869880877e-05	0.0003013171892605281	0.002518823378974727	0.0008427465137130395	8.474545947952352e-06	0.0013612516853379214	8.343445629166576e-05	0.00010535700016141182	0.0010172248417937644	0.0007512309368004927	0.0008610897187506172	0.0007611877783096846	0.0028877476452940708	0.00010599557804114342	0.0015183729541186721	0.000673709145163266	4.692059870106459e-05	1.2632513664730393e-05	2.484421888028464e-05	0.0006386430744665141	0.0006762621979897855	0.0006488665806090315	0.0	0.0	0.0	0.00021597193256631713	0.0007103241849424602	0.00017695988883379785	0.0006096812392491721	0.0
Sin-APnd_008-Ex1-4E-lcwgs-1-2.clmp.fp2_repr.R1	0.0	0.015542987398732796	0.0009547525912574532	0.008785166790588102	2.4049183658877914e-06	0.0	7.214755097663374e-06	0.0002525164284182181	0.01072353099349366	0.0018363956641919174	0.0	7.310951832298885e-05	0.004329815025944379	4.18615351199442e-05	0.006406362626086522	0.0029101577474839138	9.331246949459851e-06	1.0991078398779692e-05	8.889471932890983e-06	5.375015964768804e-05	0.00017102450217236183	1.757599919974878e-05	1.528796432076901e-05	0.0006324246423127804	2.6919708493265172e-05	0.00014183585906075972	0.0	1.4692153022079458e-05	8.660524521636469e-06	1.0293844481729894e-05	3.9973114698025103e-05	0.001128897060562339	8.90789437642401e-06	0.0012042476744729763	0.0027297804331069637	4.089916988590849e-05	0.0008039151661077306	0.0
Sin-APnd_008-Ex1-4E-lcwgs-1-2.clmp.fp2_repr.R2	0.0	0.013145283787942668	0.000507437775202324	0.000565155815983631	0.00010341148973317504	6.974263261074594e-05	1.4429510195326748e-05	0.00016112953051448202	3.126393875654129e-05	0.00038045808548344863	0.003051841406311607	0.0010422916197757688	1.2986559175794073e-05	0.0017010076779107749	0.0001148322568831063	0.00012918580204341812	0.0012909310834727464	0.0009987767213838377	0.0010904966654906815	0.0010384644579125805	0.0036800973935590215	0.0001298041611768654	0.0019056596282073443	0.000761096610685192	5.81604237782127e-05	1.7917138197505578e-05	2.2628296704424567e-05	0.0007613940175588556	0.0008693615639741327	0.0008765828334552899	3.360114905177389e-06	0.0	0.0	0.0002758960136888566	0.001010058448464293	0.00025022112133166565	0.0007680641631765869	0.0
Sin-APnd_009-Ex1-4F-lcwgs-1-2.clmp.fp2_repr.R1	0.0	0.012548237194718908	0.0007419544651171733	0.007303106541682541	2.707863011376545e-06	2.707863011376545e-06	1.3539315056882723e-05	0.00019225827380773468	0.008123589034129635	0.0013896752974384427	5.41572602275309e-07	6.0114558852559296e-05	0.003218024402719886	2.8173844387871245e-05	0.004935010119647584	0.002076712734553072	4.679425213098685e-06	1.1779437692050557e-05	9.363077020103094e-06	3.516070526309536e-05	0.0001424073738700941	8.244692808792053e-06	1.668573428952602e-05	0.0004634396038364587	1.536095178468146e-05	0.00014599008540321575	0.0	1.1631411818672897e-05	1.1241626393540112e-05	3.4272058730793255e-06	1.6846846497768044e-05	0.0008173995946947538	1.2983879993632704e-05	0.0009073021639892262	0.0018834847214529013	2.6594860543200022e-05	0.000589056210773064	0.0
Sin-APnd_009-Ex1-4F-lcwgs-1-2.clmp.fp2_repr.R2	0.0	0.009745598977944185	0.00034119073943344465	0.0004278423557974941	4.332580818202472e-05	8.935947937542599e-05	5.41572602275309e-06	8.665161636404943e-05	2.4370767102388906e-05	0.00031736154493333104	0.002389418321238663	0.0008280645088789474	4.332580818202472e-06	0.0013583552300160291	9.047421351670932e-05	9.731812675161729e-05	0.0009547214787222952	0.0007162144439637201	0.0008558303634213044	0.0007430560478016895	0.002777092058434807	8.35825087122825e-05	0.001444185838294805	0.0005325345186454375	6.077481586608826e-05	2.00298143787027e-05	1.9948763993534285e-05	0.0005306996094750433	0.0006086021062537146	0.0006518343827988962	9.15011365356169e-06	5.740232878951806e-06	7.236985511844485e-06	0.00021991784968724935	0.0007116689558684747	0.0001934696550287228	0.0005285722564881772	0.0
Sin-APnd_010-Ex1-4G-lcwgs-1-2.clmp.fp2_repr.R1	0.0	0.015082373499069707	0.0009299889507729625	0.008513645921713138	2.1779600720678276e-06	0.0	8.71184028827131e-06	0.00021997396727885057	0.010262547859583603	0.001760662922259632	4.3559201441356553e-07	6.44676181332077e-05	0.004007882124619216	2.7889646976944858e-05	0.0056905090860730895	0.0025530197369727156	8.431089157887264e-06	1.134702077087446e-05	9.489927370000753e-06	4.392947486797025e-05	0.00013680617537828297	1.1764721351536725e-05	8.520326221912764e-06	0.0005090619912474106	1.300737609276092e-05	0.00014994083911184182	0.0	1.731177964307832e-05	3.354460220760754e-05	2.0048136466684797e-05	3.219816986139144e-05	0.0009295540396240936	0.0	0.0008098900036847541	0.0020736440576477957	7.693123163363008e-06	0.0005442846719601056	0.0
Sin-APnd_010-Ex1-4G-lcwgs-1-2.clmp.fp2_repr.R2	0.0	0.012290228686678752	0.00047697325578285426	0.0005227104172962787	5.444900180169569e-05	6.969472230617048e-05	6.533880216203483e-06	0.00011325392374752703	2.1779600720678275e-05	0.00032669401081017414	0.0029027851840520004	0.000958302431709844	5.662696187376352e-06	0.0015209178366977184	9.083008997527301e-05	0.00010980416986621934	0.0012045710940040855	0.0008806430624559567	0.0009315299090121567	0.000862872935094989	0.0031889836945950584	0.0001123951236418168	0.0016602604069800306	0.0006032665230527261	5.36771126210134e-05	1.5260522594013683e-05	1.927422466471316e-05	0.0006303336782368986	0.0007254452326984203	0.0007195114812470888	5.833746338266807e-06	0.0	4.425715406937671e-06	0.00032400960012986745	0.0008089573239362656	0.00020571591968644777	0.0006286196237573042	0.0
Sin-APnd_011-Ex1-4H-lcwgs-1-2.clmp.fp2_repr.R1	0.0	0.01425712888065056	0.0009723464664929408	0.00825703970936485	3.95262791257293e-06	0.0	3.95262791257293e-06	0.00019763139562864652	0.009893427665170044	0.0017348083908282589	0.0	7.351887917385649e-05	0.004105199349998245	4.350246337049082e-05	0.005932600675064342	0.0026924544317895	5.1910014042567225e-06	8.752641846741831e-06	9.96849710686053e-06	4.479473906111243e-05	0.00015566935746097728	1.494348516552756e-05	2.3063515191072576e-05	0.0005744785480618635	1.4171047232596412e-05	0.0001575189847699243	0.0	1.6178482311135027e-05	1.5339512792147015e-05	1.6014503466430787e-05	2.4671016788270567e-05	0.0011428248859307619	1.1936248971692152e-05	0.0013641112300166775	0.003109260663416729	2.174162284401009e-05	0.0009886707951109266	0.0
Sin-APnd_011-Ex1-4H-lcwgs-1-2.clmp.fp2_repr.R2	0.0	0.01176302066781704	0.0004664100936836057	0.0004367653843393088	8.102887220774506e-05	5.928941868859395e-05	9.881569781432325e-06	0.00013241303507119316	3.35973372568699e-05	0.0003422975772288158	0.0028340342133147908	0.0009691843641628825	7.114730242631273e-06	0.001611639901698113	9.392195959354477e-05	0.0001340815297888128	0.0012014643029249477	0.0009340745884805245	0.0010638710947345788	0.0009111091721726556	0.003570288516246132	0.00012193807532206195	0.0018450427226714972	0.0007132972880437108	5.0245210470162583e-05	1.5568216054648558e-05	2.5422986232549025e-05	0.0008455576937126448	0.0008871769763872896	0.0008414265649013161	2.9923645628867553e-06	3.656245769038099e-06	4.477559278855049e-06	0.000384457165704883	0.0009447828416638436	0.00013236462284107098	0.0009236580553624574	0.0
Sin-APnd_012-Ex1-5A-lcwgs-1-2.clmp.fp2_repr.R1	0.0	0.016763605820294365	0.0011004650421729304	0.009630156535062719	2.174832099155989e-06	0.0	6.524496297467967e-06	0.0002783785086919666	0.011352623557594262	0.0019338607025695053	0.0	7.524919063079721e-05	0.0045449641208161855	4.220638663735704e-05	0.006882205793201139	0.0028614223518566885	7.438925376559565e-06	7.352700303450354e-06	1.0506635037212374e-05	5.075452619597638e-05	0.00014640832046744148	2.0800320624462233e-05	1.859719916417058e-05	0.0006194757063427576	2.1854179516965615e-05	0.00020166436907906432	0.0	1.2314036120208018e-05	1.8145631174368555e-05	1.0802927359971322e-05	1.5558225231759214e-05	0.0008894703157290767	3.81786449810945e-06	0.0011434584366269219	0.002539544609798971	1.4676393593284551e-05	0.0007722957700179517	0.0
Sin-APnd_012-Ex1-5A-lcwgs-1-2.clmp.fp2_repr.R2	0.0	0.013490483511064601	0.0004741133976160056	0.0005437080247889972	8.264361976792759e-05	7.82939555696156e-05	6.524496297467967e-06	0.00011091643705695543	3.91469777848078e-05	0.0003701564232763493	0.0030143172894302006	0.0010734971241433962	1.0439194075948747e-05	0.0017414321916916686	9.319111513446656e-05	0.00012403443573432094	0.001261128956399017	0.0009526253192479462	0.0011033703040220645	0.0009304162254086853	0.0036863112014630314	0.00013363106334246034	0.001811667334247614	0.0006554801876033767	7.068758306863947e-05	1.5163909792046923e-05	2.7272631446617693e-05	0.0007337927596361987	0.0007511198105417097	0.0007769740101257499	0.0	0.0	0.0	0.00029958752682311446	0.0007801617015153341	0.0001832855721679859	0.0005480321767269347	0.0
Sin-APnd_013-Ex1-5B-lcwgs-1-2.clmp.fp2_repr.R1	0.0	0.012444442870941316	0.0008598070668807249	0.007260312026513415	0.0	0.0	1.770191020048551e-05	0.00021748061103453632	0.008163109446738178	0.0013306778782136396	5.057688628710147e-07	6.372687672174785e-05	0.0033309937308685024	4.655297650547683e-05	0.005012753939028915	0.0021795455362027035	5.005479637600382e-06	7.176338907341282e-06	9.187635503267994e-06	4.607092422800652e-05	0.00016420197711227423	2.164858920050339e-05	9.745317918853575e-06	0.0005040887062369764	2.5006911101181243e-05	0.0001526808386987491	0.0	7.408153893235514e-06	1.1936331013557134e-05	2.5473922309340607e-05	8.941544252082519e-06	0.0007843281947316786	6.881741267724097e-06	0.0008655471218567439	0.0023206257990898965	1.4026571375751367e-05	0.0006017952614641112	0.0
Sin-APnd_013-Ex1-5B-lcwgs-1-2.clmp.fp2_repr.R2	0.0	0.01018365605390788	0.00045013428795520307	0.00047289388678439873	0.00010874030551726816	6.574995217323191e-05	1.2644221571775367e-05	0.00014414412591823918	3.034613177226088e-05	0.00030902477521418996	0.0022820291092740183	0.0008218744021653987	1.1632683846033336e-05	0.0013774220108920176	8.517508636933343e-05	0.00011595661200088985	0.0009859855632885109	0.0007473076982680976	0.0008517296485061467	0.0007169650628923948	0.0029382661929733293	0.00011986349416752259	0.0014802968731025194	0.0005541146953258676	5.5147063207238725e-05	1.7686323293538634e-05	2.332697998292762e-05	0.0005447204995436424	0.0005352254034096188	0.0005579940589631151	0.0	0.0	0.0	0.0001844087273856666	0.000739949634094906	0.0002355873546131538	0.0004373325339424713	0.0
Sin-APnd_014-Ex1-5C-lcwgs-1-2.clmp.fp2_repr.R1	0.0	0.01076970933777195	0.0007447607328598082	0.006503461832610451	2.932128869526804e-06	0.0	8.796386608580412e-06	0.0002081811497364031	0.007189579988079724	0.0012297348478795414	0.0	6.216113203396825e-05	0.0030599696882381727	3.755094254743341e-05	0.004604773137313448	0.002039613848475214	1.1075976809614918e-05	8.45730020481044e-06	1.0118222085167876e-05	5.503474872195118e-05	0.000162019327792544	2.4054566753770925e-05	1.866973198772929e-05	0.0005208927329517417	1.8626650710084246e-05	0.00017190220505879168	0.0	1.6464591792223173e-05	0.0	2.5179796335735317e-05	1.89090105973659e-05	0.0008478520065606313	1.0045192315709144e-05	0.0008225579315341336	0.0019937207764146817	0.0	0.000606493505419433	0.0
Sin-APnd_014-Ex1-5C-lcwgs-1-2.clmp.fp2_repr.R2	0.0	0.008869689830318581	0.00048086913460239583	0.0004603442325157082	6.157470626006289e-05	8.209960834675051e-05	5.864257739053608e-06	0.00013781005686775978	2.6389159825741235e-05	0.00029849071891782864	0.002106441379868056	0.0006919824132083258	1.1142089704201855e-05	0.0012509763718023823	8.878776644255283e-05	0.00010059258536620046	0.0009993368606856662	0.0006896996463930385	0.0008103274803717063	0.0006959720686473973	0.002744803192533657	0.00010342765571622532	0.0013857018082657393	0.0005274017519430954	6.233324793678365e-05	1.3666565503711794e-05	1.1117834003567323e-05	0.0006753554400823453	0.0006077198654508217	0.0005567319596143394	0.0	0.0	0.0	0.0002312640691664578	0.0006355091484345634	0.00014516860728867385	0.0005603580314248784	0.0
Sin-APnd_015-Ex1-5D-lcwgs-1-2.clmp.fp2_repr.R1	0.0	0.01275266779137288	0.0008422692215697435	0.0073846843722135975	5.9314733913362225e-06	0.0	1.1862946782672445e-05	0.00016608125495741423	0.00816467312317431	0.001303144704076568	0.0	5.397640786115963e-05	0.003268241838626259	3.322842742996004e-05	0.004945354847972719	0.002120848321142736	7.04986100718352e-06	1.2282892035862879e-05	1.1855814855564239e-05	3.5168883226426064e-05	0.00017220239350335326	1.8720700932996053e-05	1.6727658097756527e-05	0.00046249577972601	2.4459812381498325e-05	0.00017202958259360612	0.0	1.6773783582687275e-05	1.7046068978759098e-05	1.6779796755550787e-05	1.561279924792105e-05	0.0007530913425787848	0.0	0.0008610787428499342	0.002052718886146747	1.7192865785956387e-05	0.00048329777799452947	0.0
Sin-APnd_015-Ex1-5D-lcwgs-1-2.clmp.fp2_repr.R2	0.0	0.010119093605619595	0.0004626549245242254	0.0004685863979155616	8.304062747870711e-05	7.71091540873709e-05	8.897210087004333e-06	0.00013938962469640126	1.4828683478340557e-05	0.0003060640269929491	0.0022901418763949157	0.000829219980108804	1.4828683478340557e-05	0.0013606479684520033	8.8188312932017e-05	0.00011751545815871648	0.0010008069688262752	0.0007762029565748268	0.0008800809484665746	0.0008075395822644378	0.002985506594164336	0.00011158667660921336	0.0014330400734341145	0.0005856884970050581	4.9583310125589566e-05	2.1682745440843032e-05	1.4284344689141354e-05	0.0005818448239637213	0.0005899378615572676	0.0005938601073438135	5.672198005087962e-06	0.0	1.825861224504701e-05	0.00024479239157270717	0.0009436029486543698	0.000212246384865212	0.00046993120454497675	0.0
Sin-APnd_016-Ex1-5E-lcwgs-1-2.clmp.fp2_repr.R1	0.0	0.011114160457475921	0.000769588306695788	0.006502069403920952	5.43878661975822e-06	2.71939330987911e-06	5.43878661975822e-06	0.00018219935176190036	0.007271657710616741	0.0012552719518401972	5.43878661975822e-07	6.363380345117117e-05	0.0030163510593179087	4.3537463301455855e-05	0.004567116837371169	0.0020144892078719353	4.287906692406113e-06	1.0016549075274192e-05	5.202231162628063e-06	4.5342464835533055e-05	0.00015555756628113452	2.8865884382696127e-05	1.2945366230753898e-05	0.00045408791733308134	1.4468854587776275e-05	0.00017952723729925367	0.0	1.2663833197307935e-05	7.757575456675862e-06	1.918219861277217e-05	3.5798411982444455e-05	0.0008862871932468788	9.366251335861596e-06	0.0009027808381916208	0.0022339929843501953	3.8902505846560346e-05	0.00059077141207906	0.0
Sin-APnd_016-Ex1-5E-lcwgs-1-2.clmp.fp2_repr.R2	0.0	0.009506999011337369	0.0004786132225387233	0.0004405417162004158	9.517876584576884e-05	7.342361936673596e-05	8.15817992963733e-06	0.00013596966549395551	4.079089964818665e-05	0.0003051159293684361	0.0022206565768472814	0.0007538158254984892	1.2509209225443904e-05	0.0013268632260515433	7.810636361737337e-05	0.0001273721595028645	0.0009944983748663401	0.0007487869818034735	0.0008654520186374646	0.0007650350272252955	0.0029183305250608006	0.00011350343967722827	0.001515344988187658	0.0005791586339770894	6.592840285330803e-05	1.7622475599644935e-05	2.142253103990857e-05	0.0006182095395585214	0.0005880685305662095	0.000656686367770736	0.0	0.0	0.0	0.0003189914341496014	0.0008338533571872117	0.00021784256996722125	0.0004430533799019357	0.0
Sin-APnd_017-Ex1-5F-lcwgs-1-2.clmp.fp2_repr.R1	0.0	0.0118725660185692	0.0008496619221155777	0.006816753283537956	6.48596887111128e-06	9.728953306666921e-06	3.24298443555564e-06	0.0002107939883111166	0.007873966209529095	0.0012738442862862554	0.0	6.421109182400168e-05	0.00313337156163386	3.82860423813381e-05	0.004767886735640429	0.002068618107465519	4.29759754198049e-06	6.180192170448959e-06	8.501600336996635e-06	4.845975237978718e-05	0.00014631632041393577	2.219725223174257e-05	1.4270983165277522e-05	0.0004687497940878907	1.77039593488767e-05	0.00017313046934360062	0.0	3.392293198343584e-06	8.269036749005048e-06	1.524032003452847e-05	4.396708197134829e-05	0.0008586371757581122	9.774817528593784e-06	0.0009384448117275966	0.0019994231585470147	2.0132398706855766e-05	0.0006373227955833021	0.0
Sin-APnd_017-Ex1-5F-lcwgs-1-2.clmp.fp2_repr.R2	0.0	0.009404654863111357	0.0004183449921866776	0.0004118590233155663	6.161670427555716e-05	8.1074610888891e-05	1.297193774222256e-05	0.0001362053462933369	3.567282879111204e-05	0.00030678632760356355	0.0021838257189031682	0.0007556153734844641	7.783162645333536e-06	0.0013290373930121653	7.241425927875503e-05	0.00010679926427959564	0.0009828161906384491	0.00074874284104577	0.0008498056692637317	0.0007043204221831581	0.002907765704172167	9.89107331869372e-05	0.001458755328275961	0.0005148286811663959	4.7829770975312596e-05	1.4305491627889843e-05	1.7306065204754116e-05	0.0005571155574730987	0.0007102358449233583	0.0005824333739766591	0.0	0.0	0.0	0.00016686713899337398	0.0007812340479553417	0.0001816638501200571	0.0005197772350276724	0.0
Sin-APnd_018-Ex1-5G-lcwgs-1-2.clmp.fp2_repr.R1	0.0	0.01129183993140262	0.0007188273413292561	0.00666321692049554	0.0	0.0	6.250672533297879e-06	0.00019377084853223426	0.007010129246093571	0.001173251234500012	6.250672533297879e-07	5.000538026638303e-05	0.002842180800890546	3.752025085189261e-05	0.004251759413038759	0.0019015586885242574	7.500657807689734e-06	1.0220301146283426e-05	9.573664228315552e-06	4.5221690425980256e-05	0.00014603789537347045	2.173840341701158e-05	1.192108338169982e-05	0.00038338614309302624	2.2054911620547302e-05	0.00016269280333880808	0.0	6.486998643795628e-06	7.991726006231228e-06	9.940370204237331e-06	3.1157840948569305e-05	0.000816895728680023	1.9958261288168054e-05	0.0008315024289465183	0.0022687704737904845	2.1536365553100172e-05	0.0004429686206566235	0.0
Sin-APnd_018-Ex1-5G-lcwgs-1-2.clmp.fp2_repr.R2	0.0	0.009072851182081872	0.00035316299813133016	0.00043442174106420267	8.125874293287244e-05	5.000538026638303e-05	3.1253362666489395e-06	0.00010001076053276606	3.12533626664894e-05	0.00025627757386521307	0.002015841891988566	0.0007169521395692667	8.750941546617032e-06	0.0012131982562563883	7.091685700719428e-05	9.576591589293943e-05	0.0008793276060341426	0.0006802628386549896	0.0007876611625963352	0.0006570946567731681	0.002679473046442945	7.910643208666947e-05	0.001260999510511382	0.0005378056248527484	7.433669598474983e-05	2.0115775676379545e-05	1.0896094245985103e-05	0.0005007525908149271	0.0005833946002590692	0.0007213553758319853	1.3512358572054482e-05	0.0	1.1093115612450913e-05	0.0003003947616303196	0.0009081945093154808	0.0002168978355764988	0.0003109886921401651	0.0
Sin-APnd_019-Ex1-5H-lcwgs-1-2.clmp.fp2_repr.R1	0.0	0.013618648833386007	0.0009675166383364336	0.007850256951705372	5.243992619709667e-06	2.6219963098548334e-06	1.5731977859129e-05	0.0001940277269292577	0.008749601685985578	0.0014116828132258424	0.0	7.446469519987726e-05	0.0033986316168338354	3.777178451473927e-05	0.00543209689817191	0.00235564391063873	6.245570400166073e-06	8.466471367346314e-06	9.849085160173931e-06	4.9216149940880185e-05	0.00017709884675090937	1.280937757697228e-05	1.9879433953416127e-05	0.00046951245101036897	2.261114458659663e-05	0.00017995372489964205	0.0	2.1425738129772076e-05	8.658808317074015e-06	2.826916057201233e-05	1.3071867515402691e-05	0.0007994329211770484	6.7523631582963255e-06	0.0008521609053630149	0.0020539022186056156	0.0	0.0006695170474016308	0.0
Sin-APnd_019-Ex1-5H-lcwgs-1-2.clmp.fp2_repr.R2	0.0	0.010862930711728575	0.0004850693173231442	0.0005375092435202409	7.07939003660805e-05	7.341589667593534e-05	5.243992619709667e-06	0.00015994177490114486	3.1463955718258e-05	0.0003445303151149251	0.0025276044427000595	0.0008710271741337757	8.390388191535466e-06	0.001504645095956354	9.65966946394418e-05	0.00012803037547353806	0.0010754471319317878	0.0008307851431274162	0.0009026558282709768	0.0008072046672501466	0.003144743433860703	0.00010092545522931209	0.0015518881918321506	0.0005997157591584994	3.7269936445154187e-05	1.7012389323562052e-05	2.0438793926391646e-05	0.0006333952661428795	0.0006232670921605191	0.0005856047700170358	4.764919821647145e-06	0.0	7.559931546331835e-06	0.0002684603911621305	0.0007211668332684283	0.00020307959267232593	0.0005159164183653545	0.0
Sin-APnd_020-Ex1-6A-lcwgs-1-2.clmp.fp2_repr.R1	0.0	0.0139838755776682	0.0008482738925134909	0.008273544008552992	4.5976904743278644e-06	0.0	2.068960713447539e-05	0.0002574706665623604	0.009326415127174073	0.0015462033065164608	9.195380948655728e-07	7.724119996870811e-05	0.003923209281743967	3.771759186754259e-05	0.0059089916630074785	0.002496274108963249	3.996991963772863e-06	1.0670684478151856e-05	1.2794349270963439e-05	6.50466407921434e-05	0.0001943537504428773	2.4598079475427264e-05	1.6902825748675453e-05	0.000534964457688462	1.6443387598409723e-05	0.0001889693304710977	0.0	6.341978641103814e-06	2.04332429860467e-05	1.557811571349577e-05	3.828687960706022e-05	0.0007947880449306929	1.181221670243898e-05	0.0008732619940482344	0.0019563441329573466	2.448720727074158e-05	0.0005283019923355812	0.0
Sin-APnd_020-Ex1-6A-lcwgs-1-2.clmp.fp2_repr.R2	0.0	0.011597674221492037	0.0005517228569193437	0.00061379167832277	9.655149996088516e-05	9.425265472372122e-05	1.3793071422983592e-05	0.00017701108326162278	4.137921426895078e-05	0.0003599991641398718	0.002786200427442686	0.0009558598496127629	7.81607380635737e-06	0.0016463445238254824	8.572438801394338e-05	0.00014225355125453408	0.0011587044700153383	0.0009285077040760585	0.0010108308221275842	0.0008941205650749076	0.003223089404001217	0.00015902732887118577	0.0016029717676337048	0.0005824036815297111	7.340334492861506e-05	1.830126527170051e-05	1.2792210873967684e-05	0.0006086181705101568	0.0006672234456460253	0.000595539089217509	4.203542947766439e-06	0.0	6.632486809144421e-06	0.00022697750367115096	0.0006857641995513817	0.00028741315161522773	0.000434554524251445	0.0
Sin-APnd_021-Ex1-6B-lcwgs-1-2.clmp.fp2_repr.R1	0.0	0.01666744372854802	0.0009788235340036436	0.009330841165268377	6.098588996907436e-06	0.0	9.147883495361154e-06	0.00022259849838712143	0.010730467340058635	0.0018149400854796528	0.0	7.074363236412626e-05	0.004380006617578921	3.7827825468734195e-05	0.006527076825656619	0.0026897493242170837	9.85498332901455e-06	1.2473816765619145e-05	6.676819586904282e-06	4.0999025670213485e-05	0.00016031071810948354	1.1703574555480927e-05	1.1989480429870831e-05	0.0005720118161157429	2.662476358611239e-05	0.0001642869275699847	0.0	6.552287461431325e-06	7.737313462399287e-06	1.8449639863029873e-05	3.327068094437275e-05	0.0008006506113705447	5.466929640560857e-06	0.0010416202362191782	0.002118361499915181	0.0	0.0004256251902012569	0.0
Sin-APnd_021-Ex1-6B-lcwgs-1-2.clmp.fp2_repr.R2	0.0	0.013569360518119045	0.0004238519352850668	0.0006159574886876511	7.623236246134296e-05	6.403518446752808e-05	1.2197177993814873e-05	0.00011282389644278757	3.049294498453718e-05	0.00037384350551042584	0.003004774798776294	0.00099224042979684	9.757742395051897e-06	0.0017176051717256464	9.265536946513885e-05	0.00015268899931450243	0.0011627949698411414	0.0008665688767760583	0.0010089150797366092	0.000895198917788232	0.003371039888990544	0.00010481867926073873	0.0016613663443568374	0.0006693738900586481	4.985554214219892e-05	2.30709523905025e-05	1.928768831172839e-05	0.0006185839180644285	0.0006099015020014205	0.0006899993484813844	0.0	0.0	0.0	0.000275371801652139	0.0009092451762389925	0.00015609347501657894	0.0004647897755845031	0.0
Sin-APnd_022-Ex1-6C-lcwgs-1-2.clmp.fp2_repr.R1	0.0	0.014086456545731374	0.0008574364853923445	0.008138841559755906	1.3610102942735626e-05	0.0	6.805051471367813e-06	0.00021776164708377002	0.008730881037764905	0.001535219611940579	0.0	5.85234426537632e-05	0.0035413487856998105	2.5869164792910867e-05	0.005468502758896796	0.00236127502193348	7.344166517518885e-06	1.089992404465786e-05	1.1758511419488338e-05	4.0442026942625414e-05	0.00015286606755669232	2.2884732690874975e-05	2.0776744838822844e-05	0.00051539585738514	1.7257297084127702e-05	0.00014948131800667712	0.0	1.1380313048513308e-05	2.7410477380874065e-05	1.6662610709509795e-05	0.0	0.0009908623675866093	1.5536724699958655e-05	0.0010092836628612144	0.0027173487293579417	0.0	0.0007687529596988948	0.0
Sin-APnd_022-Ex1-6C-lcwgs-1-2.clmp.fp2_repr.R2	0.0	0.01077239647917525	0.00040149803681070105	0.0005988445294803676	6.124546324231033e-05	0.00010888082354188501	6.805051471367813e-06	0.00010888082354188501	6.805051471367813e-06	0.0003293644912142022	0.002667580176776183	0.0008492704236267032	9.52707205991494e-06	0.0015304405510648035	8.401222904041907e-05	9.889534045985402e-05	0.0010390550321368978	0.0008143215511196906	0.0009487311570259236	0.0008081350891132773	0.0030497968708634703	8.960349488552441e-05	0.0015528767879062582	0.000568781412006777	6.653774453365287e-05	0.0	1.9659826030199458e-05	0.00063386522721995	0.0007957819505367983	0.0007422318285104658	0.0	0.0	0.0	0.00024107121528601895	0.0010528879469543968	0.00013995507442111083	0.0008778848943663053	0.0
Sin-APnd_023-Ex1-6D-lcwgs-1-2.clmp.fp2_repr.R1	0.0	0.018027581106097645	0.001243281455592941	0.01049616459625579	1.3662433577944405e-05	0.0	6.831216788972203e-06	0.0002630018463754298	0.011271507701804136	0.0019106913358755253	6.831216788972203e-07	9.153830497222752e-05	0.0049246241831700606	4.919974025817126e-05	0.007726402346676645	0.0031764223994562714	1.0173343453775402e-05	9.943875542576095e-06	1.1465681768970591e-05	4.7121766075426014e-05	0.00019450950874395017	2.5013591896440165e-05	1.589283223608201e-05	0.0006816747474047976	1.9092781962641566e-05	0.00023540587918459007	0.0	1.005797213981949e-05	1.190605881473994e-05	2.131318261905695e-05	4.693496942378749e-05	0.0010417818471679212	1.2580429833030019e-05	0.001202567069493015	0.002662995928521316	0.0	0.0006928367160081881	0.0
Sin-APnd_023-Ex1-6D-lcwgs-1-2.clmp.fp2_repr.R2	0.0	0.014697362921473693	0.0005806534270626373	0.0007309401964200257	0.00010929946862355524	0.00010246825183458305	1.0246825183458304e-05	0.00015711798614636066	6.831216788972203e-05	0.0004904813654482042	0.003455912573541038	0.001168821192593144	8.880581825663864e-06	0.002001609241893882	0.00012072299636629299	0.0001499852148377655	0.001392377381571892	0.001042766275524781	0.0012247241302744225	0.001086347290358236	0.00417446822895936	0.00017276354879816326	0.0020236824149303142	0.000780360297702101	7.474343584460554e-05	2.651114873337685e-05	2.9001098003878967e-05	0.0007224448063456152	0.0007541766607057949	0.0008779679005612003	9.502166303873956e-06	0.0	0.0	0.0003389767007040903	0.0010786101052423231	0.0002501761309455226	0.00046633123058248567	0.0
Sin-APnd_024-Ex1-6E-lcwgs-1-2.clmp.fp2_repr.R1	0.0	0.01247139166170782	0.0008776920482052966	0.007831190290575942	2.0411442981518527e-05	0.0	6.803814327172843e-06	0.00024493731577822234	0.008368691622422597	0.0014641808432075956	0.0	4.626593742477533e-05	0.003298489185813394	2.314094811186879e-05	0.0050169054322944835	0.0021766000543208554	7.302588539796595e-06	3.0989025438069777e-06	3.352782770304155e-06	2.764602603304629e-05	0.00014184436236292644	1.6258372481171645e-05	2.122038992997006e-05	0.00046866468120295015	1.7856927298520468e-05	0.00016390454585895795	0.0	2.3907463294423336e-05	2.1682213054340107e-05	2.6455486043276058e-05	2.1668639054536604e-05	0.0009902276573528618	1.6668072340767407e-05	0.0012370069714777642	0.0018114856180029702	3.394491893783633e-05	0.0006842179986965647	0.0
Sin-APnd_024-Ex1-6E-lcwgs-1-2.clmp.fp2_repr.R2	0.0	0.01048467787817335	0.0003946212309760249	0.0005034822602107904	8.164577192607411e-05	4.7626700290209896e-05	6.803814327172843e-06	0.00012246865788911117	1.3607628654345686e-05	0.00033746919062777297	0.0024235186633389666	0.000835508399376825	9.525340058041978e-06	0.0013966852330512245	8.801166561623369e-05	0.00010975687697894814	0.001018219233748771	0.0007215527367998754	0.0008977197515594985	0.000700977226817876	0.0028435858915310972	0.00010952151634077334	0.00145661698411135	0.0005439613154492864	7.59957533573024e-05	2.1412481172540615e-05	2.5632059677996737e-05	0.0006642268641402788	0.0005555364035014623	0.0006702701396352069	0.0	0.0	0.0	0.00028333902766073646	0.0008411257627208256	7.656114881535021e-05	0.00024204413045404092	0.0
Sin-APnd_025-Ex1-6F-lcwgs-1-2.clmp.fp2_repr.R1	0.0	0.012074017780211742	0.0006855909149647045	0.006873222051540093	0.0	3.462580378609619e-06	6.925160757219238e-06	0.00017659159930909056	0.007378758786817098	0.0012666119024953987	0.0	4.8476125300534666e-05	0.002917570227016465	3.6716386750632746e-05	0.004477792412663723	0.0019209830669493803	5.207177099805138e-06	7.094466854244896e-06	9.371255704134259e-06	4.402305864118689e-05	0.00015170941724698572	2.1350962459278823e-05	9.534479189766496e-06	0.000449649136720364	2.9770699190361646e-05	0.00017016480195877808	0.0	9.654507029607477e-06	1.576632167064359e-05	4.872112171223172e-06	5.4698959716951116e-05	0.000748053458037407	9.671879551828315e-06	0.000817008330885403	0.0017481883796474946	4.1790008134425084e-05	0.00040434340292173156	0.0
Sin-APnd_025-Ex1-6F-lcwgs-1-2.clmp.fp2_repr.R2	0.0	0.00927625283429517	0.00035664577899679074	0.00037742126126844846	7.2714187950802e-05	3.808838416470581e-05	3.462580378609619e-06	0.00010041483097967895	2.770064302887695e-05	0.00026384862485005295	0.002158572608025236	0.0006835133667375387	4.1550964543315426e-06	0.0012026840388371894	7.770435898142578e-05	9.74632690321327e-05	0.0008948160964049381	0.0007049280509619564	0.0007888271107921919	0.0006891021836720022	0.002625420861252492	9.639783314332448e-05	0.0012971832781487095	0.0004903319477010347	5.4653542805662993e-05	1.1250793209048221e-05	2.1785285047519834e-05	0.0004905429492877033	0.0005590490137319416	0.0005511932996942489	0.0	0.0	0.0	0.00023524999809724267	0.0007885481305584802	0.0003495984395790182	0.0005727792969827494	0.0
Sin-CPnd_013-Ex1-4E-lcwgs-1-2.clmp.fp2_repr.R1	0.0	0.06062443164595332	0.0	0.03031221582297666	0.0	0.0	0.0	0.0	0.03031221582297666	0.012124886329190664	0.0	0.0	0.006062443164595332	0.0	0.0061474150119874595	0.006325910931174089	0.0	0.0	0.0	0.0	0.0	0.0	0.0	0.0	0.0	0.0	0.0	0.0	0.0	0.0	0.0	0.015910898965791568	0.0	0.0	0.0	0.0	0.0	0.0
Sin-CPnd_013-Ex1-4E-lcwgs-1-2.clmp.fp2_repr.R2	0.0	0.06062443164595332	0.0	0.0	0.0	0.0	0.0	0.0	0.0	0.0	0.006062443164595332	0.0	0.0	0.0	0.0	0.0	0.0	0.0	0.0	0.007551159102922299	0.023837902264600714	0.0	0.008941344778254649	0.0	0.0	0.0	0.0	0.0	0.0	0.0	0.0	0.0	0.0	0.0	0.0	0.0	0.0	0.0
Sin-CPnd_015-Ex1-4A-lcwgs-1-2.clmp.fp2_repr.R1	0.0	0.030500203334688895	0.0	0.010166734444896299	0.0	0.0	0.0	0.0	0.040666937779585195	0.0061000406669377795	0.0	0.0	0.016266775111834077	0.0	0.018446781036709093	0.01466122107026914	0.0	0.0	0.0	0.0	0.0	0.0	0.0	0.0032750376629331235	0.0	0.0	0.0	0.0	0.0	0.0	0.0	0.0	0.0	0.0	0.008135372600065083	0.0	0.0	0.0
Sin-CPnd_015-Ex1-4A-lcwgs-1-2.clmp.fp2_repr.R2	0.0	0.020333468889792598	0.0	0.0	0.0	0.0	0.0	0.0	0.0	0.0	0.0061000406669377795	0.0020333468889792597	0.0	0.0020337190620487687	0.0	0.0	0.004327411991258628	0.004506432933011875	0.0	0.005005005005005005	0.015959569091634526	0.0	0.0	0.0	0.0	0.0	0.0	0.0	0.005023106288929074	0.0	0.0	0.0	0.0	0.008637070305752288	0.0	0.0	0.0	0.0
Sin-CPnd_018-Ex1-11A-lcwgs-1-2.clmp.fp2_repr.R1	0.0	0.026887663342554803	0.0011950072596691025	0.012547576226525577	0.0	0.0	0.0	0.0011950072596691025	0.016730101635367433	0.0026290159712720252	0.0	0.0	0.006453039202213153	0.0	0.01061788872935243	0.00480961330709011	0.0	0.0	0.0	0.00015273728118475255	0.0	0.00017942658850844472	0.0	0.0006448797621683436	0.0	0.0	0.0	0.0	0.0	0.0	0.0	0.0039249933765736775	0.0	0.0018543472079712207	0.0042327743719621025	0.0	0.001805787549094849	0.0
Sin-CPnd_018-Ex1-11A-lcwgs-1-2.clmp.fp2_repr.R2	0.0	0.021510130674043844	0.0005975036298345513	0.0005975036298345513	0.0005975036298345513	0.0	0.0	0.0	0.0	0.0007170043558014616	0.0046605283127094995	0.0017925108895036539	0.0	0.0021517330416539653	0.00012071273628009217	0.00012343088487601367	0.0030696935550504774	0.0014770354555647311	0.002424232053196207	0.0016814763974215322	0.006277723168928574	0.0	0.0033460680747708434	0.0023819216477700884	0.0	0.0	0.0	0.0009967439696989832	0.0018716147168808418	0.0033978933061501867	0.0	0.0	0.0	0.0007255577725376383	0.002508633881609205	0.0	0.0	0.0
Sin-CPnd_019-Ex1-1H-lcwgs-1-2.clmp.fp2_repr.R1	0.0	0.016194331983805668	0.0	0.024291497975708502	0.0	0.0	0.0	0.0	0.02631578947368421	0.0028340080971659917	0.0	0.0	0.004453441295546559	0.0	0.009381054348934435	0.0062086349695156026	0.0	0.0	0.0	0.0	0.0	0.0	0.0	0.0006488703167784886	0.0	0.0	0.0	0.0	0.0	0.0	0.0	0.0017082628674900495	0.0	0.0023598263167830848	0.005656108597285068	0.0	0.0	0.0
Sin-CPnd_019-Ex1-1H-lcwgs-1-2.clmp.fp2_repr.R2	0.0	0.024291497975708502	0.0020242914979757085	0.004048582995951417	0.0	0.0	0.0	0.0	0.0	0.0	0.0032388663967611335	0.0012145748987854252	0.0	0.0024297990556181003	0.0008162965442085801	0.0	0.0012729880423989885	0.0008772391529378739	0.0013741800725567078	0.0009649668775119294	0.003078454410655557	0.0	0.0029864475012393757	0.0013080273639324534	0.0	0.0	0.0	0.001024516684254203	0.0	0.0	0.0	0.0	0.0	0.0	0.0	0.0	0.0	0.0
Sin-CPnd_020-Ex1-12E-lcwgs-1-2.clmp.fp2_repr.R1	0.0	0.023102975368295836	0.0009831053348210994	0.011797264017853193	0.0	0.0	0.0	0.0	0.01769589602677979	0.0042273529397307275	0.0	9.831053348210994e-05	0.007766532145086685	0.0	0.010317511495592737	0.005566841060614802	0.0	0.0	0.0	0.0	0.00026159760271956867	0.0	0.0	0.000997907720146759	0.0	0.00040016566858679494	0.0	0.0	0.0	0.0	0.0	0.0007594830958049952	0.0	0.0014589239949229446	0.006130319445373281	0.0	0.0007286133758843545	0.0
Sin-CPnd_020-Ex1-12E-lcwgs-1-2.clmp.fp2_repr.R2	0.0	0.01867900136160089	0.0004915526674105497	0.0004915526674105497	0.0	0.0	0.0	0.0	0.0	0.00039324213392843976	0.004522284540177057	0.001769589602677979	0.0	0.0029503369776551313	0.0	0.00010131332462714164	0.0015688505763957017	0.0006548052336399641	0.0012659757508099367	0.0014684772991765513	0.006419797082005701	0.00014135874021090723	0.002301806764856628	0.0015069445025827355	0.0	0.0	0.0	0.0010097465788523725	0.0008566655720384358	0.0022743961478227533	0.0	0.0	0.0	0.0	0.00131805270892783	0.0	0.0	0.0
Sin-CPnd_021-Ex1-3D-lcwgs-1-2.clmp.fp2_repr.R1	0.0	0.03526093088857546	0.0	0.011753643629525152	0.0	0.0	0.0	0.0	0.0	0.004701457451810061	0.0	0.0	0.0	0.0	0.004798925040790863	0.0025013757566661665	0.0	0.0	0.0	0.0	0.0	0.0	0.0	0.0	0.0	0.0	0.0	0.0	0.0	0.0	0.0	0.0	0.0	0.0	0.0	0.0	0.0	0.0
Sin-CPnd_021-Ex1-3D-lcwgs-1-2.clmp.fp2_repr.R2	0.0	0.023507287259050304	0.0	0.0	0.0	0.0	0.0	0.0	0.0	0.0	0.004701457451810061	0.0	0.0	0.002351889743408829	0.0	0.0	0.0	0.0	0.0	0.0034835922803595066	0.007732755954222085	0.0	0.004860267314702309	0.0	0.0	0.0	0.0	0.0	0.0	0.0	0.0	0.0	0.0	0.0	0.0	0.0	0.0	0.0
Sin-CPnd_022-Ex1-1D-lcwgs-1-2.clmp.fp2_repr.R1	0.0	0.03672005197299664	0.0	0.01977233567776742	0.0	0.0	0.0	0.0	0.03954467135553484	0.013558173036183374	0.0	0.0	0.022596955060305624	0.0	0.029486648785660416	0.01716198049254884	0.0	0.0	0.0	0.0	0.0	0.0	0.0	0.0027953262145692403	0.0	0.0007543014037549124	0.0	0.0	0.0	0.0	0.0	0.002057951926243003	0.0	0.0023831369231319182	0.00521464794608054	0.0	0.0031147311208359935	0.0
Sin-CPnd_022-Ex1-1D-lcwgs-1-2.clmp.fp2_repr.R2	0.0	0.033895432590458435	0.0	0.0	0.0	0.0	0.0	0.0	0.0	0.0016947716295229217	0.014688020789198656	0.002824619382538203	0.0	0.0022600785377291863	0.0	0.0005725966686325819	0.003486486957633373	0.005911667858853018	0.0072361081798172884	0.005556070006482081	0.016511920336335115	0.0006563962532901862	0.009505445262214496	0.004229223937407486	0.0	0.0	0.0	0.0008585459665510492	0.0036851415094339623	0.0029883752203926726	0.0	0.0	0.0	0.004381800920178193	0.0032489156743936713	0.0	0.0	0.0
Sin-CPnd_023-Ex1-12B-lcwgs-1-2.clmp.fp2_repr.R1	0.0	0.01673878811174071	0.0006199551152496559	0.008679371613495183	0.0	0.0	0.0006199551152496559	0.0	0.018598653457489678	0.002727802507098486	0.0	0.00012399102304993118	0.005827578083346765	0.0001240476243639458	0.007783820700945608	0.005030550922719129	0.0	0.0	0.0	0.0	0.0	0.0	0.0	0.0009390949941541337	0.0	0.0	0.0	0.0	0.0	0.0	0.0	0.0029101068009195936	0.0	0.00374998125009375	0.007742867958291752	0.0	0.0022252386568459466	0.0
Sin-CPnd_023-Ex1-12B-lcwgs-1-2.clmp.fp2_repr.R2	0.0	0.008059416498245528	0.0018598653457489677	0.0006199551152496559	0.0	0.0	0.0	0.0006199551152496559	0.0	0.0003719730691497936	0.0042156947836976605	0.0017358743226990366	0.0	0.002481014040058453	0.0	0.00012909555653094418	0.0016141159823039083	0.0015613688946927652	0.002121173554420223	0.0031003805309156893	0.006547421023945866	0.0005807954186857374	0.0029852401199213603	0.0014180944119989694	0.0	0.0	0.0	0.0026247506486883746	0.0012815638496469293	0.0014713816273480799	0.0	0.0	0.0	0.0	0.0030637254901960784	0.0	0.0	0.0
Sin-CPnd_024-Ex1-12C-lcwgs-1-2.clmp.fp2_repr.R1	0.0	0.013374907002599749	0.0016718633753249686	0.006687453501299874	0.0	0.0	0.0	0.0008359316876624843	0.013374907002599749	0.0030093540755849434	0.0	0.00016718633753249685	0.004346844775844918	0.0	0.008296549143508289	0.0029618066323561696	0.0	0.0	0.0	0.0	0.0004916795527682788	0.0	0.00030113044368559574	0.001344813558410296	0.0	0.0	0.0	0.0	0.0	0.0	0.0	0.0008646405257014397	0.0	0.0022205444775058843	0.005063291139240506	0.0	0.0	0.0
Sin-CPnd_024-Ex1-12C-lcwgs-1-2.clmp.fp2_repr.R2	0.0	0.014210838690262233	0.0	0.0008359316876624843	0.0	0.0	0.0	0.0	0.0	0.0003343726750649937	0.00317654041311744	0.0010031180251949812	0.0	0.002341689261180312	0.0001694051001099439	0.000174377038031632	0.0014592042958974471	0.0009665384392337282	0.0022813956334087576	0.0006744422362706042	0.00689403862631356	0.0	0.0033258049203772067	0.0023687941822414884	0.0	0.0	0.0	0.0011084139704496837	0.001904882849704743	0.0007291393239420188	0.0	0.0	0.0	0.0	0.0	0.0	0.0	0.0
Sin-CPnd_025-Ex1-3B-lcwgs-1-2.clmp.fp2_repr.R1	0.0	0.024541382906926805	0.0	0.006135345726731701	0.0	0.0	0.0	0.0	0.024541382906926805	0.0036812074360390206	0.0	0.0	0.009816553162770723	0.0	0.0161090458488228	0.007595513583310125	0.0	0.0	0.0	0.0	0.0	0.0	0.0	0.0	0.0	0.0	0.0	0.0	0.0	0.0	0.0	0.0	0.0	0.004253328229339458	0.004750368153531899	0.0	0.0	0.0
Sin-CPnd_025-Ex1-3B-lcwgs-1-2.clmp.fp2_repr.R2	0.0	0.024541382906926805	0.0	0.0	0.0	0.0	0.0	0.0	0.0	0.0	0.006135345726731701	0.004908276581385361	0.0	0.0012274908858801723	0.0	0.0	0.0052361503822389785	0.0013631778401810301	0.0014311474940607379	0.0015082046332046332	0.01438710915020142	0.0	0.009070294784580499	0.0039025913206369033	0.0	0.0	0.0	0.0	0.008840430234271402	0.0	0.0	0.0	0.0	0.0	0.0	0.0	0.0	0.0
Sin-CPnd_028-Ex1-12H-lcwgs-1-2.clmp.fp2_repr.R1	0.0	0.03163168904784398	0.002530535123827519	0.017713745866792634	0.0	0.0	0.0	0.0	0.023618327822390175	0.005145421418449288	0.0	0.0	0.012652675619137594	0.0	0.016946467896236522	0.008339747409900322	0.0	0.0	0.0	0.0	0.00010821152322868557	0.0	0.0	0.0018308790835142416	0.0	0.0	0.0	0.0	0.0	0.0	0.0	0.003938768370299833	0.0	0.002745337045029018	0.009070047980553818	0.0	0.002539931349284102	0.0
Sin-CPnd_028-Ex1-12H-lcwgs-1-2.clmp.fp2_repr.R2	0.0	0.03331871246372899	0.0008435117079425063	0.0016870234158850126	0.0	0.0	0.0	0.00042175585397125314	0.0	0.0005061070247655038	0.006579391321951548	0.0016870234158850126	0.0	0.003965973633869752	0.00017041073246793083	0.0003478511927382585	0.003850417546442304	0.0039083910363843285	0.002727059343733169	0.0038924415954503504	0.011060459507874614	0.00011531072781825184	0.007013131781667674	0.0025024464706943765	0.00014140951346642796	0.0	0.00016462612583691805	0.0028637448116998294	0.0027403695584090194	0.003016428763802855	0.0	0.0	0.0	0.0009771127620697853	0.0025465843028543572	0.0	0.0026553842340986743	0.0
Sin-CPnd_029-Ex1-4D-lcwgs-1-2.clmp.fp2_repr.R1	0.0	0.01967342120794806	0.0	0.01967342120794806	0.0	0.0	0.0	0.0	0.029510131811922094	0.003934684241589613	0.0	0.0	0.005902026362384419	0.0	0.010046212577858147	0.0021077480819492456	0.0	0.0	0.0	0.0	0.0	0.0	0.0	0.0	0.0	0.0	0.0	0.0	0.0	0.0	0.0	0.0	0.0	0.0	0.0	0.0	0.0	0.0
Sin-CPnd_029-Ex1-4D-lcwgs-1-2.clmp.fp2_repr.R2	0.0	0.01967342120794806	0.0	0.0	0.0	0.0	0.0	0.0	0.0	0.0	0.007869368483179226	0.0	0.0	0.0	0.0	0.0	0.004527140205532166	0.0	0.0027085590465872156	0.0	0.0	0.0	0.004235314048536699	0.004805612955932529	0.0	0.0	0.0	0.00801667468334135	0.0	0.0	0.0	0.0	0.0	0.0	0.0	0.0	0.0	0.0
Sin-CPnd_031-Ex1-3G-lcwgs-1-2.clmp.fp2_repr.R1	0.0	0.018571826539140125	0.0	0.018571826539140125	0.0	0.0	0.0	0.0	0.046429566347850316	0.003714365307828025	0.0	0.0	0.00742873061565605	0.0	0.022530557068023507	0.005756389592447617	0.0	0.0	0.0	0.0	0.0	0.0	0.0	0.002735603884557516	0.0	0.0	0.0	0.0	0.0	0.0	0.0	0.0	0.0	0.0	0.0	0.0	0.007712478790683326	0.0
Sin-CPnd_031-Ex1-3G-lcwgs-1-2.clmp.fp2_repr.R2	0.0	0.05571547961742038	0.0	0.0	0.0	0.0	0.0	0.0	0.0	0.005571547961742037	0.005571547961742037	0.0018571826539140125	0.0	0.0018580798602723944	0.0	0.0	0.0019794924581337343	0.006166241881114857	0.006407518154634771	0.006689112354790519	0.01172525385174589	0.0	0.0	0.005515415586564447	0.0	0.0	0.0	0.0036519008143738817	0.00800864934128859	0.004412089124200309	0.0	0.0	0.0	0.006806888571234088	0.0	0.0	0.0	0.0
Sin-CPnd_032-Ex1-3E-lcwgs-1-2.clmp.fp2_repr.R1	0.0	0.027297046459573072	0.0	0.010918818583829228	0.0	0.0	0.0	0.0	0.07643173008680461	0.006551291150297537	0.0	0.0	0.019653873450892614	0.0	0.0120776925019489	0.004441286196482501	0.0	0.0	0.0	0.0	0.0	0.0	0.0	0.002865863269663404	0.0	0.0	0.0	0.0	0.0	0.0	0.0	0.006931608133086875	0.0	0.002740176467364498	0.012184349203448172	0.0	0.007517383950385266	0.0
Sin-CPnd_032-Ex1-3E-lcwgs-1-2.clmp.fp2_repr.R2	0.0	0.016378227875743844	0.005459409291914614	0.005459409291914614	0.0	0.0	0.0	0.0	0.0	0.0	0.005459409291914614	0.0032756455751487687	0.0	0.0010920845710291804	0.0	0.0	0.0011285407967498026	0.006925287687992705	0.005931549913992526	0.003679040506235974	0.010182521701499376	0.0	0.006896837110501124	0.0028868776974263484	0.0	0.0	0.0	0.003666428348823993	0.0	0.0	0.0	0.0	0.0	0.0	0.0	0.0	0.0	0.0
Sin-CPnd_033-Ex1-1B-lcwgs-1-2.clmp.fp2_repr.R1	0.0	0.0	0.0	0.0	0.0	0.0	0.0	0.0	0.026226068712300026	0.0	0.0	0.0	0.005245213742460005	0.0	0.010659844366272252	0.005547542438699656	0.0	0.0	0.0	0.0	0.0	0.0	0.0	0.0	0.0	0.0	0.0	0.0	0.0	0.0	0.0	0.0	0.0	0.0	0.0	0.0	0.0	0.0
Sin-CPnd_033-Ex1-1B-lcwgs-1-2.clmp.fp2_repr.R2	0.0	0.0	0.0	0.0	0.0	0.0	0.0	0.0	0.0	0.0	0.005245213742460005	0.0	0.0	0.0	0.0	0.0	0.0	0.0	0.0	0.0	0.0	0.0	0.0	0.0	0.0	0.0	0.0	0.0	0.0	0.0	0.0	0.0	0.0	0.0	0.0	0.0	0.0	0.0
Sin-CPnd_034-Ex1-3C-lcwgs-1-2.clmp.fp2_repr.R1	0.0	0.016285760816459476	0.0	0.005428586938819825	0.0	0.0	0.0	0.0	0.016285760816459476	0.00868573910211172	0.0	0.0	0.01085717387763965	0.0	0.005462093074065982	0.0033262373602980307	0.0	0.0	0.0	0.0	0.0	0.0	0.0	0.0	0.0	0.0	0.0	0.0	0.0	0.0	0.0	0.003334778403975056	0.0	0.0	0.004943642475776152	0.0	0.0	0.0
Sin-CPnd_034-Ex1-3C-lcwgs-1-2.clmp.fp2_repr.R2	0.0	0.016285760816459476	0.005428586938819825	0.0	0.0	0.0	0.0	0.0	0.0	0.0	0.0032571521632918953	0.001085717387763965	0.0	0.002172047915377013	0.0	0.0	0.0022724173976275963	0.0	0.001212415130940834	0.0	0.005336748852598996	0.0	0.0	0.004836291531653528	0.0	0.0	0.0	0.0	0.0	0.0	0.0	0.0	0.0	0.0	0.005927330922885425	0.0	0.0	0.0
Sin-CPnd_035-Ex1-12D-lcwgs-1-2.clmp.fp2_repr.R1	0.0	0.03032374204603433	0.001443987716477825	0.020215828030689553	0.0	0.0	0.0	0.0	0.018771840314211724	0.004235697301668287	0.0	0.00028879754329556504	0.012033230970648543	0.0	0.013483115550300268	0.008284701804980093	0.0	0.0	0.0	0.0	0.0001221129447048164	0.0	0.0	0.0013444253403263368	0.00016081488116584356	0.0	0.0	0.0	0.0	0.0	0.00026036445816854435	0.001421124734960237	0.0	0.0020622170895930212	0.005352152521054986	0.0	0.0032925062557618862	0.0
Sin-CPnd_035-Ex1-12D-lcwgs-1-2.clmp.fp2_repr.R2	0.0	0.02454779118012303	0.001443987716477825	0.001443987716477825	0.0	0.0	0.0	0.0	0.0	0.00028879754329556504	0.005968482561441677	0.002599177889660085	0.0	0.0038517611214787684	9.705656553696059e-05	9.872740376546318e-05	0.0033438919254129705	0.0021004895190824225	0.0026344878610483286	0.002654963280703496	0.008317259414098	0.0001304646760366397	0.0026541317147786244	0.0019557283282735133	0.0	0.0	0.0	0.0012597314252601347	0.0011569842511303737	0.0012836080682468737	0.0	0.0	0.0	0.0012031570841889118	0.0027076178829135776	0.0	0.001120630242448353	0.0
Sin-CPnd_038-Ex1-11C-lcwgs-1-2.clmp.fp2_repr.R1	0.0	0.02490068024131023	0.0011318491018777377	0.013016264671593983	0.0	0.0	0.0	0.0	0.017543661079104933	0.003282362395445439	0.0	0.0	0.008828422994646354	0.0001132204072990932	0.011885401869436573	0.006656747723275493	0.0	0.0	0.0	0.0	0.0	0.0	0.0	0.0023192259969772753	0.0	0.0002294951794537556	0.0	0.0	0.0	0.0	0.0	0.002723216196133811	0.0	0.0009452153200499074	0.005274317239633329	0.0	0.003232396369372398	0.0
Sin-CPnd_038-Ex1-11C-lcwgs-1-2.clmp.fp2_repr.R2	0.0	0.02263698203755475	0.0005659245509388688	0.0016977736528166066	0.0	0.0	0.0	0.0	0.0	0.00011318491018777378	0.003961471856572082	0.0026032529343187967	0.00011318491018777378	0.003170207297590756	0.0	0.00011689303001929905	0.0018137036190642014	0.0022774431904448605	0.001872148316938663	0.0017103226523683694	0.010090740216950915	0.0	0.006265092159505666	0.001947480349923269	0.0	0.0	0.0	0.002822419038909869	0.0021925291136544447	0.001050383389937327	0.0	0.0	0.0	0.0005618009089938707	0.003176498989873321	0.0007116019583285893	0.0023553796872055775	0.0
Sin-CPnd_039-Ex1-10F-lcwgs-1-2.clmp.fp2_repr.R1	0.0	0.024095329886971	0.0013142907211075089	0.0144571979321826	0.0	0.0	0.0	0.0013142907211075089	0.02497152370104267	0.004994304740208534	0.0	8.761938140716726e-05	0.009813370717602734	0.0	0.013966924907447022	0.007114995438297229	0.0	0.0	0.0	0.0	0.00022577287700119436	0.0	0.0	0.0012512477720838281	0.0	0.0	0.0	0.0	0.0	0.0	0.000251207680926052	0.0035928276106038165	0.0	0.001356364400859935	0.0068600959651202225	0.0	0.001428027418126428	0.0
Sin-CPnd_039-Ex1-10F-lcwgs-1-2.clmp.fp2_repr.R2	0.0	0.02278103916586349	0.0	0.0	0.0	0.0	0.0	0.0	0.0	0.0005257162884430036	0.0047314465959870326	0.0018400070095505126	0.0	0.0029801321600962057	8.845627871511949e-05	0.00036068920493278556	0.0025060563027316015	0.00212224927554127	0.002223960955332755	0.001492200057129945	0.008150411312770903	0.00024191548682467778	0.004155741611570624	0.0015420481483506394	0.0	0.0	0.0	0.001991801744021607	0.001990842126219391	0.0014868009247901754	0.0	0.0	0.0	0.0004045471095109025	0.0023102584717178158	0.0	0.0029337557941676935	0.0
Sin-CPnd_040-Ex1-11E-lcwgs-1-2.clmp.fp2_repr.R1	0.0	0.030498590965097414	0.0018299154579058449	0.014639323663246759	0.0	0.0	0.0	0.0	0.01951909821766234	0.003903819643532469	0.0	0.0	0.007929633650925328	0.00012203500696209715	0.013802826621708888	0.005423574892632137	0.0	0.0	0.0	0.0	0.0	0.0	0.00019542662609609907	0.0012738583044945967	0.0	0.0	0.0	0.0	0.0	0.0	0.0	0.003507633487376904	0.0	0.00488347486366966	0.006739700512217239	0.0	0.0007749715197966474	0.0
Sin-CPnd_040-Ex1-11E-lcwgs-1-2.clmp.fp2_repr.R2	0.0	0.016469239121152605	0.0018299154579058449	0.0024398872772077927	0.0	0.0	0.0	0.0	0.0	0.0002439887277207793	0.004025814007392859	0.0012199436386038964	0.0	0.0020746685411907133	0.0	0.0002524940095796227	0.0027499148835869367	0.0026112136508752376	0.00276905363948379	0.0029588332853171793	0.007705450768869979	0.0003621981078770844	0.003533818644427168	0.0014957840258813374	0.0	0.0	0.0	0.0024944654048829162	0.0017347137028504817	0.001163670215860825	0.0	0.0	0.0	0.001273804216291956	0.0007265013149673801	0.0	0.0009284275223054712	0.0
Sin-CPnd_042-Ex1-10D-lcwgs-1-2.clmp.fp2_repr.R1	0.0	0.014259352457641336	0.0008387854386847843	0.009226639825532628	0.0	0.0	0.0	0.0	0.012581781580271767	0.002851870491528267	0.0	0.0	0.004361684281160879	0.0	0.005432319243821162	0.0033068840623852384	0.0	0.0	0.0	0.0	0.00024560188425765605	0.0	0.0	0.00034222783475871226	0.0	0.0	0.0	0.0	0.0	0.0	0.0	0.0	0.0	0.004142158893215143	0.0016377333770062233	0.0	0.0	0.0
Sin-CPnd_042-Ex1-10D-lcwgs-1-2.clmp.fp2_repr.R2	0.0	0.010065425264217413	0.0016775708773695687	0.0	0.0	0.0	0.0	0.0	0.0	0.0	0.0021808421405804393	0.0005032712632108706	0.0	0.0015104954257163523	0.00016980379171866909	0.0001741559531729473	0.0021760536179611465	0.0017271356031733237	0.001235475441836905	0.0006715646112312465	0.002705155288209704	0.0	0.002442487062451341	0.001033346077934961	0.0	0.0	0.0	0.0	0.0006908081073239476	0.0008100708001879365	0.0	0.0	0.0	0.0	0.0019402405898331393	0.0	0.0	0.0
Sin-CPnd_043-Ex1-1C-lcwgs-1-2.clmp.fp2_repr.R1	0.0	0.035705784337062604	0.008501377223110142	0.020403305335464347	0.0	0.0	0.0	0.0	0.02720440711395246	0.004420716156017275	0.0	0.0	0.012582038290203013	0.0	0.024590331901174187	0.013101776669873152	0.0	0.0	0.0	0.0	0.0007771607984550043	0.0	0.0	0.0008759597233719194	0.0	0.0	0.0	0.0	0.0	0.0	0.0	0.002093553947395968	0.0	0.0016541639441885086	0.011014934415244669	0.0	0.0055819145967066705	0.0
Sin-CPnd_043-Ex1-1C-lcwgs-1-2.clmp.fp2_repr.R2	0.0	0.047607712449416806	0.0034005508892440573	0.0017002754446220287	0.0	0.0	0.0	0.0017002754446220287	0.0	0.00034005508892440573	0.00714115686741252	0.0017002754446220287	0.0	0.004081355009863274	0.000683552696786277	0.0	0.002803201255834163	0.006078505688766206	0.0032972709587364853	0.004902238060222109	0.012870715611788017	0.0012159927364700542	0.006337456905293044	0.0022091440892140746	0.0	0.0	0.0	0.00502212525180378	0.004828556080661029	0.0026352023506004967	0.0	0.0	0.0	0.0	0.0022597338033579642	0.0	0.0027909183516836213	0.0
Sin-CPnd_044-Ex1-2C-lcwgs-1-2.clmp.fp2_repr.R1	0.0	0.0	0.0	0.04591368227731864	0.0	0.0	0.0	0.0	0.0	0.0	0.0	0.0	0.004591368227731864	0.0	0.004704775346977182	0.0049299940840071	0.0	0.0	0.0	0.0	0.0	0.0	0.0	0.0	0.0	0.0	0.0	0.0	0.0	0.0	0.0	0.0	0.0	0.0	0.0	0.0	0.0	0.0
Sin-CPnd_044-Ex1-2C-lcwgs-1-2.clmp.fp2_repr.R2	0.0	0.02295684113865932	0.0	0.0	0.0	0.0	0.0	0.0	0.0	0.0	0.0	0.0	0.0	0.00459643316786174	0.0	0.0	0.0	0.0	0.0	0.0	0.0	0.0	0.0	0.0	0.0	0.0	0.0	0.0	0.0	0.0	0.0	0.0	0.0	0.0	0.0	0.0	0.0	0.0
Sin-CPnd_045-Ex1-11H-lcwgs-1-2.clmp.fp2_repr.R1	0.0	0.04137181805329226	0.0022025284431249114	0.026995855377220202	0.0	0.0	0.0	0.00020834728516046463	0.03485352441755772	0.006881413189871345	0.0	0.00011310281194425223	0.015917732586259496	1.7860935116402394e-05	0.02099344546614804	0.01135004572283297	0.0	1.2459173624128784e-05	1.2753922628328375e-05	7.209542603022398e-05	0.00018934982949047853	3.501597218555272e-05	7.277271995245321e-06	0.0017838309614454163	4.7661436035890334e-05	6.67119028961555e-05	0.0	9.277988769551275e-06	1.9687903417445965e-05	2.0975246168110935e-05	3.367923025445669e-05	0.002585517813976101	0.0	0.002691823186162196	0.005850973330819582	3.5187540795555114e-05	0.0020283133222516593	0.0
Sin-CPnd_045-Ex1-11H-lcwgs-1-2.clmp.fp2_repr.R2	0.0	0.040002678750809206	0.001041736425802323	0.0010715003236823895	0.00011905559152026549	2.976389788006637e-05	0.0	8.929169364019912e-05	2.976389788006637e-05	0.0008929169364019911	0.008970838821052004	0.0030418703633427837	2.976389788006637e-05	0.004989316432688763	0.00017943799660587048	0.0003924672611358207	0.003974689130621574	0.003819320670163467	0.003935330760717324	0.0033234228338984134	0.012418183937923459	0.000203951525645322	0.0064870210888955445	0.00230451245742107	4.822986352958198e-05	1.695937559649304e-05	4.5011197435586055e-05	0.002514565451778294	0.0020599956032619094	0.002028257364330545	1.2417387123467571e-05	0.0	0.0	0.000792190151256068	0.002185517255412358	0.00025164813802397077	0.0012475196882864139	0.0
Sin-CPnd_049-Ex1-4C-lcwgs-1-2.clmp.fp2_repr.R1	0.0	0.0	0.0	0.0	0.0	0.0	0.0	0.0	0.0	0.005968367651447329	0.0	0.0	0.0029841838257236644	0.0	0.0060829100641747015	0.0	0.0	0.0	0.0	0.0	0.0	0.0	0.0	0.0	0.0	0.0	0.0	0.0	0.0	0.0	0.0	0.0	0.0	0.0	0.023073373327180433	0.0	0.030120481927710847	0.0
Sin-CPnd_049-Ex1-4C-lcwgs-1-2.clmp.fp2_repr.R2	0.0	0.029841838257236648	0.0	0.0	0.0	0.0	0.0	0.0	0.0	0.0	0.0029841838257236644	0.0029841838257236644	0.0	0.0029873039581777444	0.0	0.0	0.003334778403975056	0.014263809150233571	0.0	0.008517887563884156	0.009354099434076984	0.0	0.0	0.0	0.0	0.0	0.0	0.0	0.0	0.0	0.0	0.0	0.0	0.0	0.0	0.0	0.0	0.0
Sin-CPnd_050-Ex1-9B-lcwgs-1-2.clmp.fp2_repr.R1	0.0	0.015190738712964662	0.0031647372318676383	0.008861264249229386	0.0	0.0	0.0	0.0	0.008861264249229386	0.0015190738712964663	0.0	0.0	0.003924274167515871	0.0	0.006175682734592314	0.0021289675305839494	0.0	0.0	0.0	0.0	0.00019748834325053965	0.0	0.0	0.0011325445160778852	0.0	0.0	0.0	0.0	0.0	0.0	0.0	0.0	0.0	0.0	0.001500487658489009	0.0	0.0	0.0
Sin-CPnd_050-Ex1-9B-lcwgs-1-2.clmp.fp2_repr.R2	0.0	0.013924843820217607	0.0	0.0	0.0	0.0	0.0	0.0	0.0	0.00025317897854941105	0.0032913267211423436	0.0006329474463735276	0.0	0.001393336305784119	0.0	0.0	0.000980796014044999	0.0007493858782727555	0.001626238380526771	0.0014273556274387708	0.004745183638606814	0.0006639342085461612	0.0014995089108317027	0.0005697307737228773	0.0	0.0	0.0	0.0005115665189944648	0.0012055309761184313	0.0007139950163147861	0.0	0.0	0.0	0.0	0.0035433349868896607	0.0	0.005093594804533299	0.0
Sin-CPnd_051-Ex1-12G-lcwgs-1-2.clmp.fp2_repr.R1	0.0	0.023666033737857396	0.0016511186328737719	0.00880596604199345	0.0	0.0	0.0	0.0	0.01486006769586395	0.0028619389636478716	0.0	0.0	0.006934698258069843	0.00011012160729093138	0.010469711347830542	0.004224081833023187	0.0	0.0	0.0	0.0	0.0	0.0	0.0	0.00124786043928847	0.00023118981840039763	0.0	0.0	0.0	0.0	0.0	0.0	0.0020249576024501986	0.0	0.0019357336430507162	0.005139613941569932	0.0	0.004700661853188929	0.0
Sin-CPnd_051-Ex1-12G-lcwgs-1-2.clmp.fp2_repr.R2	0.0	0.019263050716860672	0.0005503728776245907	0.0	0.0	0.0	0.0	0.0	0.0	0.000880596604199345	0.003962684718897053	0.0009906711797242633	0.0	0.0028632216970535247	0.0	0.00022851214599183984	0.0017819298062210732	0.0013756895643941525	0.0017313457484141538	0.0012890861668163438	0.008875559977764387	0.0	0.002259278574696456	0.0012550227054524462	0.000233226904122752	0.0	0.0	0.0013307915215272164	0.0003783164162842518	0.001732081615685731	0.0	0.0	0.0	0.0015152433480817018	0.002614971583975454	0.0009969791531659073	0.0	0.0
Sin-CPnd_053-Ex1-9G-lcwgs-1-2.clmp.fp2_repr.R1	0.0	0.015242275976648834	0.0015242275976648835	0.00812921385421271	0.0	0.0	0.0	0.0	0.006096910390659534	0.001930688290375519	0.0	0.00010161517317765888	0.0033533007148627433	0.0	0.006807822394228617	0.0026634818526327453	0.0	0.0	0.0	0.0	0.00031140133715734175	0.0	0.0	0.0004478280340349306	0.0	0.00029411072680642807	0.0	0.0	0.0	0.0	0.0	0.0014510734315710046	0.0	0.0020037068576867203	0.002389029576186153	0.0	0.0	0.0
Sin-CPnd_053-Ex1-9G-lcwgs-1-2.clmp.fp2_repr.R2	0.0	0.012701896647207361	0.0005080758658882944	0.0010161517317765888	0.0	0.0	0.0	0.0	0.0	0.0005080758658882944	0.0025403793294414725	0.000812921385421271	0.0	0.0009150563369684793	0.0002063781156646149	0.00021322529918174792	0.000782761358426426	0.0015484448848909896	0.0006435254900446607	0.0015491015914906442	0.004051415580186084	0.0	0.0025668922240936402	0.0006753319256414527	0.0	0.0	0.0	0.003252402712503862	0.0	0.0	0.0	0.0	0.0	0.0	0.004249111227568234	0.0	0.0	0.0
Sin-CPnd_058-Ex1-9D-lcwgs-1-2.clmp.fp2_repr.R1	0.0	0.016262476368589025	0.0	0.006776031820245428	0.0	0.0	0.0	0.0006776031820245427	0.011519254094417227	0.0018972889096687197	0.0	0.0	0.0025748920916932624	0.0	0.005081691626470944	0.0025469199248375632	0.0	0.0	0.0	0.0	0.0	0.0	0.0	0.0011889758162318977	0.0	0.0	0.0	0.0005284295075036991	0.0	0.0	0.0	0.001011204141892165	0.0	0.0028497741553981846	0.006873206522672991	0.0	0.0	0.0
Sin-CPnd_058-Ex1-9D-lcwgs-1-2.clmp.fp2_repr.R2	0.0	0.008808841366319056	0.0013552063640490854	0.002032809546073628	0.0	0.0	0.0	0.0	0.0	0.00040656190921472564	0.0014907270004539941	0.0006776031820245427	0.0	0.0014914283544935382	0.00013738566078381266	0.0	0.0010369679058433142	0.0004729004402703099	0.00153221220798589	0.0003725921234025113	0.004544215214032536	0.0	0.002876335861894041	0.0005974893497523407	0.0	0.0	0.0	0.0	0.0019396133704015	0.0	0.0	0.0	0.0	0.0016496750140222376	0.004015257980325235	0.0	0.008654511885529655	0.0
Sin-CPnd_061-Ex1-9A-lcwgs-1-2.clmp.fp2_repr.R1	0.0	0.017588050176194574	0.002512578596599225	0.013819182281295736	0.0	0.0	0.0	0.0	0.015075471579595351	0.002135691807109341	0.0	0.0	0.007286477930137753	0.0	0.009926076183907286	0.006407699701191962	0.0	0.0	0.0	0.0	0.0	0.0	0.0	0.0007203555675081221	0.0	0.0	0.0	0.0	0.0	0.0	0.0	0.0039059230533158495	0.0	0.0020944893983928284	0.0007909077247957481	0.0	0.0029902219741445475	0.0
Sin-CPnd_061-Ex1-9A-lcwgs-1-2.clmp.fp2_repr.R2	0.0	0.018844339474494185	0.0006281446491498063	0.0006281446491498063	0.0	0.0	0.0	0.0	0.0	0.0005025157193198449	0.003517610035238915	0.0010050314386396899	0.0	0.002388107726282634	0.0	0.0001308797738397508	0.0020461725660095268	0.0023071609951362164	0.002467464171649145	0.0023299122455194957	0.006884269986575674	0.0001985931660119712	0.003936301888112805	0.0016928698739295622	0.0	0.0	0.0	0.0018818145208335686	0.0017047537057083679	0.0009704403858470975	0.0	0.0	0.0	0.0	0.0028379528899820264	0.0010774584909116376	0.0012075107166576104	0.0
Sin-CPnd_062-Ex1-11D-lcwgs-1-2.clmp.fp2_repr.R1	0.0	0.023435146023278914	0.0005579796672209265	0.0189713086855115	0.0	0.0	0.0005579796672209265	0.0	0.015065451014965016	0.003459473936769744	0.0	0.00022319186688837057	0.007253735673872045	0.0	0.00968168641468014	0.005398693516169087	0.0	0.0	0.0	0.0	0.0	0.0	0.0	0.0023713915325513013	0.0	0.00048522372452878713	0.0	0.0	0.0	0.0	0.00042269535922765105	0.0023721865867081643	0.0005348451623255068	0.004856932968253872	0.008350963144415989	0.0	0.0017948326767237123	0.0
Sin-CPnd_062-Ex1-11D-lcwgs-1-2.clmp.fp2_repr.R2	0.0	0.022319186688837058	0.0005579796672209265	0.001115959334441853	0.0	0.0	0.0	0.0	0.0	0.0003347878003325559	0.004910221071544153	0.0016739390016627792	0.0	0.0024558998528692727	0.0	0.0003448291716283753	0.0005933520832591643	0.0016129512541316366	0.0009199390211848815	0.0012652835711363512	0.006209834863830439	0.00016454838051483897	0.002881180131381814	0.0011929401800146733	0.00022062927882907627	0.0	0.0	0.0015510224339884853	0.0010584138609879233	0.0016116295186062628	0.0	0.0	0.0	0.0007092701610043265	0.0024601254663987864	0.0	0.0	0.0
Sin-CPnd_063-Ex1-9F-lcwgs-1-2.clmp.fp2_repr.R1	0.0	0.011377642931639328	0.0012641825479599252	0.012009734205619292	0.0	0.0	0.0	0.0	0.005056730191839701	0.0024019468411238584	0.0	0.0	0.004171802408267754	0.0	0.004878161497955023	0.00318378815073645	0.0	0.0	0.0	0.0001765215718186841	0.00039108865393151646	0.0	0.0	0.0005610271284667971	0.0	0.0	0.0	0.0	0.0	0.0	0.0	0.0008541241384022754	0.0	0.00230462538314397	0.004088196015371617	0.0	0.0	0.0
Sin-CPnd_063-Ex1-9F-lcwgs-1-2.clmp.fp2_repr.R2	0.0	0.01390600802755918	0.0	0.0	0.0	0.0	0.0	0.0	0.0	0.00012641825479599254	0.0017698555671438955	0.001390600802755918	0.0	0.0020237922071351323	0.00012842394284620848	0.00013276069221424921	0.0012552633891274665	0.0007436127383836536	0.0006442115977413941	0.0007063468798892449	0.004894609273130944	0.0	0.0024782410436368684	0.0016928923912951474	0.0003228410008071025	0.0	0.0	0.0009975709148224074	0.0017503734129947722	0.0	0.0	0.0	0.0	0.0	0.0	0.0	0.0	0.0
Sin-CPnd_065-Ex1-11B-lcwgs-1-2.clmp.fp2_repr.R1	0.0	0.020017312270071416	0.0010820168794633195	0.014607227872754815	0.0	0.0	0.0	0.0005410084397316598	0.02164033758926639	0.0032460506383899584	0.0	0.00010820168794633197	0.005842891149101926	0.0	0.009193268776157039	0.0040397239521966005	0.0	0.0	0.0	0.0	0.00015281804108665853	0.0	0.0	0.0008090434881100947	0.0	0.00025080634239078636	0.0	0.0	0.0003506803198204517	0.00039380931752845276	0.0	0.0015008104376363237	0.0	0.002599546379156837	0.0022552490922622404	0.0	0.0	0.0
Sin-CPnd_065-Ex1-11B-lcwgs-1-2.clmp.fp2_repr.R2	0.0	0.019476303830339756	0.0005410084397316598	0.0010820168794633195	0.0	0.0	0.0	0.0	0.0	0.00021640337589266394	0.00497727764553127	0.0007574118156243238	0.0	0.0015154401704220717	0.0	0.0	0.0015186436876406936	0.0011075750751305094	0.002099280209298237	0.0016943265475555104	0.005357842657000098	0.00016732117131512767	0.0033109598288601654	0.0010177930582442255	0.00022701217920341425	0.00025427047258710033	0.0	0.0009699101539894021	0.0007353644098332929	0.0012646062016288128	0.0	0.0	0.0	0.0007596475235490732	0.0035491513091931892	0.0	0.0	0.0
Sin-CPnd_067-Ex1-9C-lcwgs-1-2.clmp.fp2_repr.R1	0.0	0.01615316004972364	0.0007023113065097235	0.011236980904155576	0.0	0.0	0.0	0.0007023113065097235	0.01404622613019447	0.002528320703435005	0.0	0.0	0.004635254622964175	0.0	0.005844618674269423	0.0030888803250090457	0.0	0.0	0.0	0.0	0.0002133319680087381	0.0	0.0	0.00029924709431071423	0.0	0.0	0.0	0.0	0.0	0.0006516356053694774	0.0	0.0017096208915672948	0.0	0.0	0.005313849219528396	0.0	0.0	0.0
Sin-CPnd_067-Ex1-9C-lcwgs-1-2.clmp.fp2_repr.R2	0.0	0.015450848743213917	0.0007023113065097235	0.0007023113065097235	0.0	0.0	0.0	0.0	0.0	0.0	0.0037924810551525066	0.0015450848743213917	0.0	0.0016865041719896956	0.0	0.0	0.0012346726959849986	0.0016436068623873717	0.001597370373394199	0.0013571704160115089	0.007051628605679339	0.0004754512626796909	0.004530639113273973	0.0006023352537789007	0.0	0.0	0.0	0.003092337188447028	0.001197776926025297	0.0006978415760054153	0.0	0.0	0.0	0.0	0.0	0.0	0.0	0.0
Sin-CPnd_074-Ex1-12A-lcwgs-1-2.clmp.fp2_repr.R1	0.0	0.01905850962454736	0.0036650980047206465	0.011728313615106067	0.0	0.0	0.0	0.0007330196009441292	0.010995294014161938	0.0021990588028323876	0.0	0.0002932078403776517	0.007330196009441293	0.0001466662755565985	0.015271204734963054	0.006832301908793325	0.0	0.0	0.0	0.0001890598620241127	0.0004085826879429292	0.0	0.0	0.0015902507030233317	0.0	0.00031924504930739786	0.0	0.0	0.0	0.0	0.0	0.0034513106352137227	0.0	0.002820675551794655	0.005521811154058531	0.0	0.0	0.0
Sin-CPnd_074-Ex1-12A-lcwgs-1-2.clmp.fp2_repr.R2	0.0	0.01832549002360323	0.0014660392018882584	0.0007330196009441292	0.0014660392018882584	0.0	0.0	0.0	0.0	0.00043981176056647755	0.007036988169063641	0.0017592470422659102	0.0	0.003520042240506886	0.00014833472026296778	0.00030393335349424575	0.002364010307084939	0.002650164972769555	0.0031715043854857864	0.0020819059659854416	0.0092082915549735	0.0006677558506541781	0.005354895713405982	0.0016010930128300919	0.0	0.0	0.0	0.003608414823368095	0.0022505592639770985	0.0035543820452929825	0.0	0.0	0.0	0.0	0.0028423895021081054	0.0	0.0011866337573571291	0.0
Sin-CPnd_075-Ex1-11G-lcwgs-1-2.clmp.fp2_repr.R1	0.0	0.01810988521118912	0.0009287120621122628	0.015788105055908466	0.0	0.0	0.0	0.0009287120621122628	0.016716817118020727	0.002043166536646978	0.0	0.0	0.006408113228574613	0.0	0.008823142916142598	0.0038448894690399885	9.96780399310228e-05	0.0	0.0	0.0	0.0	0.0	0.0	0.0008846003464094957	0.0	0.00022386840119903917	0.0	0.0	0.0	0.0	0.0	0.0009660995662212948	0.0	0.0012760473158344712	0.005220880538794871	0.0	0.001998780743746315	0.0
Sin-CPnd_075-Ex1-11G-lcwgs-1-2.clmp.fp2_repr.R2	0.0	0.0236821575838627	0.0004643560310561314	0.0	0.0004643560310561314	0.0	0.0	0.0	0.0	0.0007429696496898102	0.0028790073925480143	0.0011144544745347153	0.0	0.002136829558112938	0.0	0.0	0.0018955057558528727	0.001154810784253	0.0014534314958605152	0.0016866169355615954	0.004986523264755517	0.00014408495248798692	0.002232513044254787	0.0007121784291836477	0.00020044378253453147	0.0	0.0	0.0026633365096087264	0.002048459728988778	0.0	0.0	0.0	0.0	0.0	0.0017489244114869355	0.0	0.0	0.0
Sin-CPnd_076-Ex1-10E-lcwgs-1-2.clmp.fp2_repr.R1	0.0	0.018880392712168414	0.0004104433198297481	0.011492412955232947	0.0	0.0	0.0	0.0	0.014365516194041184	0.0036119012145017833	0.0	0.0	0.00673127044520787	0.0	0.00968505364443602	0.004806395035078252	0.0	0.0	0.0	0.0	0.0	0.0	0.0	0.0006767731456415809	0.0	0.00032497339280346423	0.0	0.0	0.0	0.0	0.0	0.0025167521313744614	0.0	0.0012321087541326981	0.005249293731388868	0.0	0.000638728674446382	0.0
Sin-CPnd_076-Ex1-10E-lcwgs-1-2.clmp.fp2_repr.R2	0.0	0.020111722671657655	0.0	0.0004104433198297481	0.0004104433198297481	0.0	0.0	0.0	0.0	0.0004925319837956977	0.003940255870365582	0.0009850639675913955	0.0	0.0022170909795600634	8.282341716167462e-05	8.441033891595178e-05	0.0017372723087480347	0.0014453360361117208	0.0016134328726507944	0.0018098910546134625	0.004617618253981891	0.0	0.0021260816440364034	0.0008176492312053105	0.0	0.0	0.0	0.0006164189347458916	0.0009303537204845282	0.0015959653994701394	0.0	0.0	0.0	0.0004815100154083205	0.0	0.0	0.0	0.0
Sin-CPnd_079-Ex1-9H-lcwgs-1-2.clmp.fp2_repr.R1	0.0	0.019385904571321368	0.0006253517603652055	0.010630979926208492	0.0	0.0	0.0	0.0	0.009380276405478082	0.0020011256331686576	0.0	0.0	0.004002251266337315	0.0	0.006476354955046478	0.004589953248047631	0.0	0.0	0.0	0.0	0.0	0.0	0.0	0.0005434103345777429	0.0	0.0	0.0	0.0	0.0	0.0	0.0	0.0017201045823586076	0.0	0.0	0.0028205959919330955	0.0	0.0	0.0
Sin-CPnd_079-Ex1-9H-lcwgs-1-2.clmp.fp2_repr.R2	0.0	0.019385904571321368	0.0006253517603652055	0.0	0.0	0.0	0.0	0.0	0.0	0.0002501407041460822	0.002876618097679945	0.0007504221124382465	0.0	0.0015016724877332129	0.0	0.0003937643477884226	0.0008266466801869323	0.001322490867465843	0.0007942420627419459	0.001389644025312366	0.004222940548675148	0.0004282967068266212	0.0012038706850264972	0.0010925857133492122	0.0	0.0	0.0	0.0014603798934896264	0.0011449769859625822	0.0	0.0	0.0	0.0	0.0	0.0	0.0	0.0	0.0
Sin-CPnd_080-Ex1-2E-lcwgs-1-2.clmp.fp2_repr.R1	0.0	0.034502587694077054	0.0	0.023001725129384705	0.0	0.0	0.0	0.0	0.011500862564692352	0.013801035077630822	0.0	0.0	0.018401380103507763	0.0	0.01157702192687953	0.007046388725778038	0.0	0.0	0.0	0.0	0.0	0.0	0.0	0.0	0.0	0.0	0.0	0.0	0.0	0.0	0.0	0.0	0.0	0.0	0.012934937265554261	0.0	0.0	0.0
Sin-CPnd_080-Ex1-2E-lcwgs-1-2.clmp.fp2_repr.R2	0.0	0.04600345025876941	0.0	0.011500862564692352	0.0	0.0	0.0	0.0	0.0	0.0	0.0023001725129384704	0.0	0.0	0.004600980008741862	0.0	0.0	0.007204264924835503	0.0	0.0025489396411092985	0.002639706464641132	0.00822616468781705	0.0	0.005980503558399617	0.0	0.0	0.0	0.0	0.003980891719745223	0.004312761461163583	0.0	0.0	0.0	0.0	0.0	0.0	0.0	0.0	0.0
Sin-CPnd_081-Ex1-10G-lcwgs-1-2.clmp.fp2_repr.R1	0.0	0.021317880045594158	0.0008701175528813943	0.015662115951865098	0.0	0.0	0.0	0.0	0.024798350257119735	0.0027843761692204617	0.0	0.00017402351057627886	0.008701175528813943	0.0	0.011333396003791855	0.005920217002863232	0.0	0.0	0.0	0.0	0.00023143594431651178	0.0	0.0	0.000732955128487034	0.0	0.0	0.0	0.0	0.0	0.0	0.0	0.0019150240016341537	0.0	0.0012092337085988609	0.00460604497342312	0.0	0.0011854240261741627	0.0
Sin-CPnd_081-Ex1-10G-lcwgs-1-2.clmp.fp2_repr.R2	0.0	0.02262305637491625	0.0008701175528813943	0.00043505877644069716	0.0	0.0	0.0	0.0	0.0	0.0003480470211525577	0.004959670051423948	0.001044141063457673	0.0	0.002872425153740028	8.789956946790875e-05	8.978175850143472e-05	0.0026874969302297996	0.002031104921077066	0.00224289766065774	0.002382767823103317	0.007652236018147393	0.0	0.005008182287006745	0.0011812790889975666	0.0	0.0	0.0	0.0019710777195944833	0.0004914922688266113	0.001669026484668601	0.0	0.0	0.0	0.0	0.0016616356033121939	0.0	0.0	0.0
Sin-CPnd_085-Ex1-4H-lcwgs-1-2.clmp.fp2_repr.R1	0.0	0.050831457410500325	0.0018154091932321547	0.03509791106915498	0.0	0.0	0.0	0.0006051363977440515	0.05627768499019679	0.007624718611575048	0.0	0.0	0.021058746641492994	0.0	0.026720334052758084	0.017228844262245004	0.0	0.0	0.0	0.0	0.0006502161968854644	0.0	0.0	0.002776497503928744	0.0	0.0	0.0	0.0	0.0	0.0	0.0	0.003501611714058387	0.0	0.003362271281496076	0.010516018586451455	0.0	0.002316182005581999	0.0
Sin-CPnd_085-Ex1-4H-lcwgs-1-2.clmp.fp2_repr.R2	0.0	0.05627768499019679	0.001210272795488103	0.001210272795488103	0.0	0.0006051363977440515	0.0	0.0	0.0	0.0009682182363904823	0.013434028029917945	0.004841091181952412	0.0	0.007141871460839545	0.00012153208203901667	0.00036702141325265387	0.005675747039357604	0.0061121949515764475	0.0060644882519491645	0.004615585807586485	0.01669991428247122	0.0003993939861916186	0.007496609487981571	0.003923590870364558	0.0	0.0	0.0	0.0028141502094058833	0.0035240924580897306	0.004358446194981723	0.0	0.0	0.0	0.0013603961473581108	0.00331925165962583	0.0006645909276692464	0.0007233743968865965	0.0
Sin-CPnd_088-Ex1-2D-lcwgs-1-2.clmp.fp2_repr.R1	0.0	0.0	0.0	0.03135287662643048	0.0	0.0	0.0	0.0	0.0	0.0	0.0	0.0	0.006270575325286095	0.0	0.006412517233640066	0.0	0.0	0.0	0.0	0.0	0.0	0.0	0.0	0.0	0.0	0.0	0.0	0.0	0.0	0.0	0.0	0.0	0.0	0.0	0.0	0.0	0.0	0.0
Sin-CPnd_088-Ex1-2D-lcwgs-1-2.clmp.fp2_repr.R2	0.0	0.03135287662643048	0.0	0.0	0.0	0.0	0.0	0.0	0.0	0.0	0.0	0.0	0.0	0.0	0.0	0.0	0.0	0.0	0.0	0.0	0.0	0.0	0.007667535654040791	0.0	0.0	0.0	0.0	0.0	0.0	0.0	0.0	0.0	0.0	0.0	0.0	0.0	0.0	0.0
Sin-CPnd_089-Ex1-9E-lcwgs-1-2.clmp.fp2_repr.R1	0.0	0.022828897413882946	0.0004962803785626728	0.01836237400681889	0.0	0.0	0.0	0.0	0.01836237400681889	0.002679914044238433	0.0	9.925607571253455e-05	0.007344949602727556	0.0	0.009540269477464378	0.004942115472528015	0.00010695919292871383	0.0	0.0	0.0	0.0	0.0	0.0	0.0015879345206378556	0.0	0.0002125954287730905	0.0	0.0	0.0	0.0	0.0	0.0015940382967700797	0.0	0.003044881554107545	0.006371418972927261	0.0	0.0007467981031328181	0.0
Sin-CPnd_089-Ex1-9E-lcwgs-1-2.clmp.fp2_repr.R2	0.0	0.023821458171008295	0.0009925607571253457	0.0009925607571253457	0.0	0.0004962803785626728	0.0	0.0	0.0	0.0	0.005260572012764332	0.00109181683283788	0.0	0.002681013065470339	0.0001004639424864022	0.0	0.0019270813817173508	0.0011246139762526512	0.0014315248005707013	0.0010201505232096996	0.005497344782470067	0.0	0.002916595102064625	0.0019532637261169116	0.00039060669031139165	0.0	0.0	0.001071019289057396	0.000905408912845338	0.000685149722343075	0.0	0.0	0.0	0.0005957842307829796	0.0013789204431850304	0.0	0.0008984483796483473	0.0
Sin-CPnd_090-Ex1-12F-lcwgs-1-2.clmp.fp2_repr.R1	0.0	0.05311890934438628	0.0030607549993977223	0.034161975154568126	0.0	0.0	0.0	0.0002962020967159086	0.05074929257065901	0.01088049035269771	0.0	9.87340322386362e-05	0.025512873930463597	1.9748666619401526e-05	0.03270728837968648	0.019330026458844664	0.0	0.0	0.0	0.0	0.00025562377633430816	2.17400189399045e-05	2.222859936039428e-05	0.0034151621359607923	4.6732979206394564e-05	7.205779034785898e-05	0.0	5.106922356650604e-05	5.2856776635190454e-05	0.0	2.8597435896702628e-05	0.004491221010291184	3.1527868902076644e-05	0.005185373766759212	0.01093955340797576	3.844669212350308e-05	0.0032246451053560945	0.0
Sin-CPnd_090-Ex1-12F-lcwgs-1-2.clmp.fp2_repr.R2	0.0	0.05420498369901128	0.001382276451340907	0.000888606290147726	9.87340322386362e-05	0.0	0.0	0.0001974680644772724	0.0	0.0013625296448931796	0.012993398642604525	0.004877461192588629	0.0	0.00782072991109252	0.00029718753603398876	0.0003986597060681987	0.00683503364846859	0.00658713313327966	0.006680191993666188	0.006434392772521161	0.021577074806650182	0.0002838097662433608	0.012703706619525775	0.004869463913367643	9.462559726494174e-05	4.888709744836239e-05	5.080419226033694e-05	0.004414240872892199	0.004741982822237374	0.0037896431737634946	0.0	0.0	0.0	0.0014091799619440886	0.0040765443528025585	0.00014211671477317461	0.0029322162600491602	0.0
Sin-CPnd_092-Ex1-11F-lcwgs-1-2.clmp.fp2_repr.R1	0.0	0.016899081190696743	0.0025035675838069246	0.006884810855469044	0.0	0.0	0.0	0.0	0.009388378439275969	0.0017524973086648474	0.0	0.0	0.0055078486843752345	0.0	0.00772630147015051	0.0033808648252222915	0.0	0.0	0.0	0.0	0.00018209728729671115	0.0	0.0	0.0007496476655971693	0.0	0.00031646070349214384	0.0	0.0	0.0	0.0	0.0	0.000663891599779588	0.0	0.0008626341396087092	0.001996087668170386	0.0	0.001308746351869544	0.0
Sin-CPnd_092-Ex1-11F-lcwgs-1-2.clmp.fp2_repr.R2	0.0	0.01502140550284155	0.0	0.0	0.0	0.0	0.0	0.0	0.0	0.00012517837919034624	0.003254637858949002	0.0013769621710938086	0.0	0.0027551279819564164	0.00012672905960701319	0.0	0.0013564784733648668	0.0008608481937252775	0.0009227504113928917	0.0013324450366422385	0.003464529598935113	0.0	0.0017942127667209418	0.0015084814368788513	0.0	0.0	0.0	0.0016641773347367897	0.0009561234929103442	0.0016563329891841456	0.0	0.0	0.0	0.0010070696287941348	0.0035355678121906375	0.0	0.0015567352149072964	0.0
Sin-CPnd_093-Ex1-10C-lcwgs-1-2.clmp.fp2_repr.R1	0.0	0.029337260012750426	0.0022567123086731098	0.018617876546553155	0.0	0.0	0.0	0.0005641780771682774	0.024823835395404205	0.0037235753093106307	0.0	0.00011283561543365548	0.01071938346619727	0.0	0.015610632093864337	0.006048537184545522	0.0	0.0	0.0	0.0	0.00044452808157979356	0.0	0.0	0.0018328580121555146	0.0	0.0	0.0	0.0	0.0	0.0	0.0	0.001779562085362034	0.0	0.0034611207974422314	0.006280496642349873	0.000540093868314313	0.0005960434634893577	0.0
Sin-CPnd_093-Ex1-10C-lcwgs-1-2.clmp.fp2_repr.R2	0.0	0.025388013472572482	0.0011283561543365549	0.0011283561543365549	0.0	0.0	0.0	0.0005641780771682774	0.0	0.0009026849234692438	0.006205958848851051	0.002369547924106765	0.0	0.003612003137927726	0.0003420658955741234	0.00011644520728993576	0.0026436238796141752	0.00212732676364774	0.0038157091429654112	0.0025113323873981338	0.008766247273548517	0.00031836386442793196	0.005648721420465146	0.003883423330127968	0.0	0.0	0.0	0.002880342708412434	0.0011590137951616969	0.001614465611882467	0.0	0.0	0.0	0.0005197208059830259	0.0011791757561464536	0.0	0.0	0.0
Sin-CPnd_094-Ex1-3H-lcwgs-1-2.clmp.fp2_repr.R1	0.0	0.05547168084911703	0.004193735321926373	0.031262390581632965	0.0	0.0	0.0	0.0003812486656296703	0.05547168084911703	0.010674962637630767	0.0	0.00015249946625186812	0.02054930307743923	3.8126668994935255e-05	0.029391018104867155	0.015728463199031647	0.0	0.0	0.0	0.0	0.00015928969539031552	4.041677781280565e-05	4.113833051604333e-05	0.0022680622809902362	0.0	8.855591863482196e-05	0.0	0.0	0.00014839385906639487	5.1866897094001495e-05	0.0	0.0036016714078991627	0.0	0.00322517355465191	0.0078083506627153465	0.0	0.0023709417380583567	0.0
Sin-CPnd_094-Ex1-3H-lcwgs-1-2.clmp.fp2_repr.R2	0.0	0.0493717021990423	0.0011437459968890108	0.0015249946625186812	0.00019062433281483515	0.0	0.0	0.0	0.0	0.00141062006282978	0.01166620916826791	0.004155610455363406	0.0	0.007015590625035746	0.00026735670158217875	0.0004214717640739001	0.006927243926731311	0.004878033672369579	0.004995537190018136	0.005086177189796419	0.016493326991589202	0.00016232666049013724	0.008566008753053968	0.0035158616190754553	4.354924614077468e-05	0.0	0.0	0.0032108786544738904	0.002993595281673682	0.0018048963453669157	0.0	0.0	0.0	0.001051509401302901	0.002874461487605681	0.00029768579066338286	0.0024889485274623003	0.0
Sin-CPnd_095-Ex1-2B-lcwgs-1-2.clmp.fp2_repr.R1	0.0	0.026305671907565917	0.0010117566118294583	0.011129322730124042	0.0	0.0	0.0	0.0010117566118294583	0.016188105789271334	0.0048564317367814	0.0	0.0	0.006677593638074425	0.0	0.012301131704116779	0.004638170031096822	0.0	0.0	0.0	0.0	0.0002776088990308673	0.0	0.0	0.0	0.0	0.0	0.0	0.0	0.0	0.0005758080025796198	0.0	0.00070328928398118	0.0	0.0	0.0010017229634972152	0.0	0.0012833016785585955	0.0
Sin-CPnd_095-Ex1-2B-lcwgs-1-2.clmp.fp2_repr.R2	0.0	0.026305671907565917	0.0010117566118294583	0.003035269835488375	0.0	0.0	0.0	0.0	0.0	0.0008094052894635666	0.005463485703879075	0.0020235132236589167	0.0	0.0028342548035557753	0.00020513493776205986	0.0006331571749371063	0.0006592406865772004	0.002540615198422047	0.0026855599880858793	0.0018201343259132525	0.00917910945948953	0.0	0.002253666232031036	0.0013916770752514587	0.0	0.0	0.0	0.0004952235686800806	0.0016533115831009514	0.0018546223370714278	0.0	0.0	0.0	0.0010283305054244434	0.001179676532694735	0.0013501653952609194	0.0	0.0
Undetermined.clmp.fp2_repr.R1	0.0	0.0298519287917852	0.002009556637885047	0.029460770423340728	1.168799905710574e-05	1.5583998742807653e-06	1.168799905710574e-05	0.00034752317196461066	0.009754804013060451	0.00189750768692426	6.233599497123061e-07	0.00010114015184082167	0.004324715491116552	0.0006137393429488096	0.0075085922151741525	0.0037749129187279492	0.0006611825332383052	6.425185866566337e-05	0.0002446212953719729	0.000236264949457757	0.0005345687198241628	0.00011423235516750692	0.0003937644100907005	0.0007744531966411667	0.00022499600192651265	0.00028974586661675795	1.847292821135614e-05	0.000489752338379884	0.00013697105983397385	0.0004358241307527332	9.922075292823929e-05	0.001661385965769759	1.6905965744917042e-05	0.0017365006881094717	0.0038890479292537227	0.0001587278327015446	0.0012670961401470141	0.0
Undetermined.clmp.fp2_repr.R2	0.0	0.03626552347438769	0.0011602287064020299	0.002492660598912084	0.001007505518722515	0.00035219837158745294	0.0006927087441178003	0.0006490735476379388	0.0016215150691891362	0.001478142280755306	0.004504243156633696	0.0014761163609187408	0.0001986959839707976	0.002839813675598552	0.0006837179073465672	0.0006411366164288296	0.0021703533945153525	0.00147233416556269	0.002246467077417268	0.001567740821629824	0.006037632891651145	0.0002531578122871717	0.0032018252051800476	0.0014243625897535238	0.00022553783308205453	0.0001982437851719735	0.0003193428608385773	0.0014967766526013074	0.0016073594632237912	0.0014537385614054037	9.283346427300067e-06	0.0	0.0002863761138852148	0.0007656955359478398	0.002259150824700639	0.0011124140716393376	0.0013327814630830642	0.0
