	23.0	24.0	25.0	26.0	27.0	28.0	29.0	30.0	31.0	32.0	33.0	34.0	35.0	36.0	37.0	38.0	39.0	40.0
Sin-APnd_001-Ex1-6G-lcwgs-1-2.clmp.fp2_repr.R1	3.0	54.0	428.0	2029.0	7401.0	24633.0	60472.0	126015.0	212591.0	354444.0	522347.0	798554.0	1197066.0	1939417.0	2996741.0	5839224.0	21627301.0	23016939.0
	21.0	22.0	23.0	24.0	25.0	26.0	27.0	28.0	29.0	30.0	31.0	32.0	33.0	34.0	35.0	36.0	37.0	38.0	39.0	40.0
Sin-APnd_001-Ex1-6G-lcwgs-1-2.clmp.fp2_repr.R2	1.0	114.0	794.0	3979.0	10901.0	25056.0	49869.0	103627.0	177573.0	278218.0	371911.0	510009.0	663171.0	945069.0	1367184.0	2211933.0	3456873.0	6474263.0	20917127.0	21157987.0
	23.0	24.0	25.0	26.0	27.0	28.0	29.0	30.0	31.0	32.0	33.0	34.0	35.0	36.0	37.0	38.0	39.0	40.0
Sin-APnd_002-Ex1-3G-lcwgs-1-2.clmp.fp2_repr.R1	2.0	15.0	128.0	628.0	2420.0	8219.0	20603.0	42886.0	72742.0	121646.0	183274.0	287890.0	446809.0	764185.0	1248268.0	2618925.0	10737053.0	11717331.0
	21.0	22.0	23.0	24.0	25.0	26.0	27.0	28.0	29.0	30.0	31.0	32.0	33.0	34.0	35.0	36.0	37.0	38.0	39.0	40.0
Sin-APnd_002-Ex1-3G-lcwgs-1-2.clmp.fp2_repr.R2	3.0	33.0	277.0	1367.0	3738.0	8493.0	17079.0	35623.0	61582.0	96803.0	128336.0	177686.0	234654.0	344052.0	519042.0	877279.0	1447913.0	2894217.0	10333037.0	11091810.0
	23.0	24.0	25.0	26.0	27.0	28.0	29.0	30.0	31.0	32.0	33.0	34.0	35.0	36.0	37.0	38.0	39.0	40.0
Sin-APnd_003-Ex1-3H-lcwgs-1-2.clmp.fp2_repr.R1	2.0	29.0	229.0	1431.0	5475.0	18873.0	47458.0	99865.0	171397.0	286511.0	431215.0	671825.0	1028719.0	1706074.0	2716766.0	5394189.0	20125358.0	21913722.0
	21.0	22.0	23.0	24.0	25.0	26.0	27.0	28.0	29.0	30.0	31.0	32.0	33.0	34.0	35.0	36.0	37.0	38.0	39.0	40.0
Sin-APnd_003-Ex1-3H-lcwgs-1-2.clmp.fp2_repr.R2	3.0	80.0	687.0	3342.0	8997.0	20407.0	40071.0	84286.0	144649.0	228816.0	305988.0	424177.0	561406.0	826375.0	1234301.0	2061077.0	3350538.0	6379054.0	20054154.0	18890730.0
	23.0	24.0	25.0	26.0	27.0	28.0	29.0	30.0	31.0	32.0	33.0	34.0	35.0	36.0	37.0	38.0	39.0	40.0
Sin-APnd_004-Ex1-4A-lcwgs-1-2.clmp.fp2_repr.R1	4.0	36.0	211.0	1061.0	3925.0	13766.0	33948.0	71163.0	120664.0	201164.0	297770.0	454000.0	676863.0	1102406.0	1702446.0	3278157.0	11388766.0	12531400.0
	22.0	23.0	24.0	25.0	26.0	27.0	28.0	29.0	30.0	31.0	32.0	33.0	34.0	35.0	36.0	37.0	38.0	39.0	40.0
Sin-APnd_004-Ex1-4A-lcwgs-1-2.clmp.fp2_repr.R2	48.0	414.0	1987.0	5618.0	12875.0	25354.0	53686.0	93120.0	147736.0	199226.0	274341.0	356377.0	508167.0	736831.0	1191614.0	1851662.0	3436529.0	10876419.0	12105746.0
	22.0	23.0	24.0	25.0	26.0	27.0	28.0	29.0	30.0	31.0	32.0	33.0	34.0	35.0	36.0	37.0	38.0	39.0	40.0
Sin-APnd_005-Ex1-4B-lcwgs-1-2.clmp.fp2_repr.R1	1.0	4.0	72.0	342.0	1587.0	5582.0	17569.0	42123.0	87315.0	147551.0	244893.0	361809.0	556713.0	840905.0	1390981.0	2202382.0	4481155.0	17589216.0	20109193.0
	22.0	23.0	24.0	25.0	26.0	27.0	28.0	29.0	30.0	31.0	32.0	33.0	34.0	35.0	36.0	37.0	38.0	39.0	40.0
Sin-APnd_005-Ex1-4B-lcwgs-1-2.clmp.fp2_repr.R2	43.0	513.0	2561.0	7057.0	16240.0	31850.0	67504.0	117049.0	182142.0	242743.0	335342.0	436802.0	630192.0	931610.0	1541165.0	2470108.0	4820085.0	16523250.0	19723137.0
	24.0	25.0	26.0	27.0	28.0	29.0	30.0	31.0	32.0	33.0	34.0	35.0	36.0	37.0	38.0	39.0	40.0
Sin-APnd_006-Ex1-4C-lcwgs-1-2.clmp.fp2_repr.R1	25.0	211.0	1107.0	4247.0	14375.0	35407.0	73952.0	125212.0	208315.0	304691.0	463744.0	687552.0	1099709.0	1672514.0	3219104.0	12421621.0	15374570.0
	21.0	22.0	23.0	24.0	25.0	26.0	27.0	28.0	29.0	30.0	31.0	32.0	33.0	34.0	35.0	36.0	37.0	38.0	39.0	40.0
Sin-APnd_006-Ex1-4C-lcwgs-1-2.clmp.fp2_repr.R2	1.0	45.0	488.0	2222.0	6043.0	13927.0	28015.0	58594.0	101538.0	159782.0	213379.0	292747.0	380809.0	541933.0	781505.0	1255836.0	1950442.0	3675479.0	12735473.0	13508098.0
	23.0	24.0	25.0	26.0	27.0	28.0	29.0	30.0	31.0	32.0	33.0	34.0	35.0	36.0	37.0	38.0	39.0	40.0
Sin-APnd_007-Ex1-4D-lcwgs-1-2.clmp.fp2_repr.R1	3.0	29.0	242.0	1157.0	4528.0	15025.0	36702.0	76414.0	129196.0	216935.0	322999.0	500722.0	764347.0	1285027.0	2069585.0	4213827.0	15815012.0	17028402.0
	21.0	22.0	23.0	24.0	25.0	26.0	27.0	28.0	29.0	30.0	31.0	32.0	33.0	34.0	35.0	36.0	37.0	38.0	39.0	40.0
Sin-APnd_007-Ex1-4D-lcwgs-1-2.clmp.fp2_repr.R2	4.0	59.0	418.0	2106.0	5734.0	13242.0	26163.0	55430.0	95493.0	151434.0	204986.0	285937.0	378007.0	555902.0	831638.0	1397542.0	2270537.0	4466012.0	14813754.0	16925754.0
	23.0	24.0	25.0	26.0	27.0	28.0	29.0	30.0	31.0	32.0	33.0	34.0	35.0	36.0	37.0	38.0	39.0	40.0
Sin-APnd_008-Ex1-4E-lcwgs-1-2.clmp.fp2_repr.R1	2.0	38.0	252.0	1341.0	5028.0	17582.0	43215.0	90695.0	154694.0	257611.0	381742.0	585869.0	875786.0	1418643.0	2193389.0	4257740.0	15048853.0	16248973.0
	21.0	22.0	23.0	24.0	25.0	26.0	27.0	28.0	29.0	30.0	31.0	32.0	33.0	34.0	35.0	36.0	37.0	38.0	39.0	40.0
Sin-APnd_008-Ex1-4E-lcwgs-1-2.clmp.fp2_repr.R2	2.0	70.0	556.0	2625.0	7403.0	16790.0	33508.0	70619.0	122367.0	193150.0	257512.0	355451.0	463350.0	665880.0	973611.0	1590299.0	2494653.0	4616625.0	14435410.0	15281572.0
	23.0	24.0	25.0	26.0	27.0	28.0	29.0	30.0	31.0	32.0	33.0	34.0	35.0	36.0	37.0	38.0	39.0	40.0
Sin-APnd_009-Ex1-4F-lcwgs-1-2.clmp.fp2_repr.R1	3.0	26.0	191.0	1105.0	3930.0	13339.0	32918.0	68587.0	115919.0	192992.0	285120.0	437437.0	659842.0	1089998.0	1720718.0	3495131.0	13875151.0	14937083.0
	21.0	22.0	23.0	24.0	25.0	26.0	27.0	28.0	29.0	30.0	31.0	32.0	33.0	34.0	35.0	36.0	37.0	38.0	39.0	40.0
Sin-APnd_009-Ex1-4F-lcwgs-1-2.clmp.fp2_repr.R2	2.0	41.0	339.0	1889.0	5246.0	12239.0	24492.0	51996.0	89342.0	141476.0	189536.0	261965.0	342190.0	494360.0	727791.0	1202293.0	1926261.0	3775970.0	13114575.0	14567487.0
	24.0	25.0	26.0	27.0	28.0	29.0	30.0	31.0	32.0	33.0	34.0	35.0	36.0	37.0	38.0	39.0	40.0
Sin-APnd_010-Ex1-4G-lcwgs-1-2.clmp.fp2_repr.R1	34.0	254.0	1332.0	5196.0	17090.0	42640.0	89943.0	153312.0	258611.0	382977.0	593287.0	904550.0	1507578.0	2418705.0	4852847.0	17656936.0	17029232.0
	22.0	23.0	24.0	25.0	26.0	27.0	28.0	29.0	30.0	31.0	32.0	33.0	34.0	35.0	36.0	37.0	38.0	39.0	40.0
Sin-APnd_010-Ex1-4G-lcwgs-1-2.clmp.fp2_repr.R2	57.0	519.0	2538.0	7187.0	16027.0	32333.0	68213.0	118164.0	185930.0	250479.0	348227.0	460646.0	673134.0	1006218.0	1689299.0	2726161.0	5198866.0	16250257.0	16880269.0
	23.0	24.0	25.0	26.0	27.0	28.0	29.0	30.0	31.0	32.0	33.0	34.0	35.0	36.0	37.0	38.0	39.0	40.0
Sin-APnd_011-Ex1-4H-lcwgs-1-2.clmp.fp2_repr.R1	3.0	51.0	276.0	1564.0	5724.0	19805.0	48208.0	100987.0	171455.0	287439.0	424911.0	656638.0	990634.0	1636265.0	2578529.0	5154477.0	18769068.0	19753214.0
	21.0	22.0	23.0	24.0	25.0	26.0	27.0	28.0	29.0	30.0	31.0	32.0	33.0	34.0	35.0	36.0	37.0	38.0	39.0	40.0
Sin-APnd_011-Ex1-4H-lcwgs-1-2.clmp.fp2_repr.R2	2.0	73.0	647.0	3043.0	8327.0	19375.0	38430.0	80531.0	138509.0	217465.0	289312.0	399167.0	522223.0	753667.0	1110700.0	1842916.0	2930662.0	5507535.0	17471242.0	19265422.0
	23.0	24.0	25.0	26.0	27.0	28.0	29.0	30.0	31.0	32.0	33.0	34.0	35.0	36.0	37.0	38.0	39.0	40.0
Sin-APnd_012-Ex1-5A-lcwgs-1-2.clmp.fp2_repr.R1	4.0	27.0	279.0	1531.0	5981.0	20042.0	49893.0	104498.0	178416.0	299109.0	440411.0	675019.0	1006229.0	1610378.0	2450963.0	4575605.0	15741235.0	18820941.0
	21.0	22.0	23.0	24.0	25.0	26.0	27.0	28.0	29.0	30.0	31.0	32.0	33.0	34.0	35.0	36.0	37.0	38.0	39.0	40.0
Sin-APnd_012-Ex1-5A-lcwgs-1-2.clmp.fp2_repr.R2	1.0	77.0	640.0	3230.0	8717.0	20276.0	40593.0	85586.0	148471.0	235634.0	315525.0	436315.0	571598.0	813905.0	1169866.0	1874515.0	2890841.0	5310842.0	16126891.0	15927038.0
	22.0	23.0	24.0	25.0	26.0	27.0	28.0	29.0	30.0	31.0	32.0	33.0	34.0	35.0	36.0	37.0	38.0	39.0	40.0
Sin-APnd_013-Ex1-5B-lcwgs-1-2.clmp.fp2_repr.R1	1.0	0.0	50.0	283.0	1423.0	4890.0	16165.0	38833.0	80549.0	134928.0	222165.0	325777.0	499092.0	744549.0	1211246.0	1872037.0	3671699.0	13867601.0	16852467.0
	21.0	22.0	23.0	24.0	25.0	26.0	27.0	28.0	29.0	30.0	31.0	32.0	33.0	34.0	35.0	36.0	37.0	38.0	39.0	40.0
Sin-APnd_013-Ex1-5B-lcwgs-1-2.clmp.fp2_repr.R2	2.0	47.0	482.0	2431.0	6557.0	15221.0	30061.0	63539.0	108914.0	171727.0	227528.0	313847.0	405641.0	575956.0	829214.0	1339505.0	2086736.0	4012824.0	13477765.0	15875758.0
	23.0	24.0	25.0	26.0	27.0	28.0	29.0	30.0	31.0	32.0	33.0	34.0	35.0	36.0	37.0	38.0	39.0	40.0
Sin-APnd_014-Ex1-5C-lcwgs-1-2.clmp.fp2_repr.R1	3.0	42.0	263.0	1141.0	4134.0	13565.0	32549.0	67083.0	113277.0	186146.0	273756.0	415648.0	616833.0	995539.0	1514781.0	2935548.0	11450717.0	15483888.0
	21.0	22.0	23.0	24.0	25.0	26.0	27.0	28.0	29.0	30.0	31.0	32.0	33.0	34.0	35.0	36.0	37.0	38.0	39.0	40.0
Sin-APnd_014-Ex1-5C-lcwgs-1-2.clmp.fp2_repr.R2	2.0	49.0	439.0	2110.0	5683.0	13344.0	26716.0	55809.0	95514.0	149427.0	198563.0	272619.0	351215.0	491299.0	694185.0	1100993.0	1687892.0	3262746.0	11637765.0	14058543.0
	23.0	24.0	25.0	26.0	27.0	28.0	29.0	30.0	31.0	32.0	33.0	34.0	35.0	36.0	37.0	38.0	39.0	40.0
Sin-APnd_015-Ex1-5D-lcwgs-1-2.clmp.fp2_repr.R1	2.0	30.0	241.0	1154.0	4243.0	14206.0	34649.0	72206.0	121871.0	200707.0	292157.0	442141.0	653008.0	1038608.0	1568217.0	2991525.0	11412123.0	14871347.0
	21.0	22.0	23.0	24.0	25.0	26.0	27.0	28.0	29.0	30.0	31.0	32.0	33.0	34.0	35.0	36.0	37.0	38.0	39.0	40.0
Sin-APnd_015-Ex1-5D-lcwgs-1-2.clmp.fp2_repr.R2	1.0	47.0	389.0	2031.0	5652.0	13109.0	26048.0	55212.0	95389.0	149585.0	200289.0	274403.0	354120.0	498676.0	711304.0	1130814.0	1741202.0	3342989.0	11803988.0	13313187.0
	23.0	24.0	25.0	26.0	27.0	28.0	29.0	30.0	31.0	32.0	33.0	34.0	35.0	36.0	37.0	38.0	39.0	40.0
Sin-APnd_016-Ex1-5E-lcwgs-1-2.clmp.fp2_repr.R1	1.0	40.0	277.0	1277.0	4683.0	15395.0	36715.0	75995.0	127680.0	210395.0	307158.0	466582.0	691722.0	1107883.0	1678663.0	3253942.0	12303265.0	16491235.0
	21.0	22.0	23.0	24.0	25.0	26.0	27.0	28.0	29.0	30.0	31.0	32.0	33.0	34.0	35.0	36.0	37.0	38.0	39.0	40.0
Sin-APnd_016-Ex1-5E-lcwgs-1-2.clmp.fp2_repr.R2	2.0	62.0	477.0	2279.0	6130.0	14277.0	28516.0	59073.0	102531.0	159899.0	211933.0	291791.0	374311.0	524113.0	743614.0	1180176.0	1804651.0	3474948.0	12302831.0	15491294.0
	23.0	24.0	25.0	26.0	27.0	28.0	29.0	30.0	31.0	32.0	33.0	34.0	35.0	36.0	37.0	38.0	39.0	40.0
Sin-APnd_017-Ex1-5F-lcwgs-1-2.clmp.fp2_repr.R1	1.0	32.0	196.0	1113.0	3874.0	12301.0	30810.0	62798.0	105486.0	174024.0	252768.0	384538.0	568583.0	912837.0	1382183.0	2682199.0	10449398.0	13812653.0
	21.0	22.0	23.0	24.0	25.0	26.0	27.0	28.0	29.0	30.0	31.0	32.0	33.0	34.0	35.0	36.0	37.0	38.0	39.0	40.0
Sin-APnd_017-Ex1-5F-lcwgs-1-2.clmp.fp2_repr.R2	1.0	43.0	364.0	1815.0	5065.0	11621.0	22783.0	48195.0	83329.0	131129.0	173533.0	240654.0	310163.0	437988.0	625884.0	1003322.0	1547103.0	2981783.0	10567103.0	12643916.0
	24.0	25.0	26.0	27.0	28.0	29.0	30.0	31.0	32.0	33.0	34.0	35.0	36.0	37.0	38.0	39.0	40.0
Sin-APnd_018-Ex1-5G-lcwgs-1-2.clmp.fp2_repr.R1	41.0	212.0	929.0	3491.0	11611.0	27985.0	57799.0	96936.0	160178.0	235887.0	362306.0	545256.0	898807.0	1406499.0	2830514.0	11399026.0	13959080.0
	22.0	23.0	24.0	25.0	26.0	27.0	28.0	29.0	30.0	31.0	32.0	33.0	34.0	35.0	36.0	37.0	38.0	39.0	40.0
Sin-APnd_018-Ex1-5G-lcwgs-1-2.clmp.fp2_repr.R2	40.0	321.0	1601.0	4554.0	10365.0	20915.0	43115.0	74159.0	116129.0	156485.0	216257.0	280999.0	405600.0	591262.0	971911.0	1541589.0	3052149.0	11141859.0	13367247.0
	23.0	24.0	25.0	26.0	27.0	28.0	29.0	30.0	31.0	32.0	33.0	34.0	35.0	36.0	37.0	38.0	39.0	40.0
Sin-APnd_019-Ex1-5H-lcwgs-1-2.clmp.fp2_repr.R1	2.0	30.0	250.0	1337.0	4882.0	16723.0	40297.0	83851.0	142119.0	234298.0	343693.0	522671.0	770811.0	1229475.0	1854478.0	3514336.0	13076436.0	16303190.0
	22.0	23.0	24.0	25.0	26.0	27.0	28.0	29.0	30.0	31.0	32.0	33.0	34.0	35.0	36.0	37.0	38.0	39.0	40.0
Sin-APnd_019-Ex1-5H-lcwgs-1-2.clmp.fp2_repr.R2	59.0	530.0	2375.0	6707.0	15462.0	30778.0	65216.0	112789.0	177810.0	238593.0	326940.0	422093.0	597311.0	850048.0	1349534.0	2066644.0	3915849.0	13290455.0	14669686.0
	22.0	23.0	24.0	25.0	26.0	27.0	28.0	29.0	30.0	31.0	32.0	33.0	34.0	35.0	36.0	37.0	38.0	39.0	40.0
Sin-APnd_020-Ex1-6A-lcwgs-1-2.clmp.fp2_repr.R1	1.0	1.0	62.0	335.0	1772.0	6498.0	21683.0	53091.0	110681.0	187392.0	310108.0	450400.0	682308.0	996450.0	1572616.0	2341410.0	4321505.0	14921144.0	17522644.0
	22.0	23.0	24.0	25.0	26.0	27.0	28.0	29.0	30.0	31.0	32.0	33.0	34.0	35.0	36.0	37.0	38.0	39.0	40.0
Sin-APnd_020-Ex1-6A-lcwgs-1-2.clmp.fp2_repr.R2	75.0	679.0	3432.0	9835.0	22221.0	44103.0	91326.0	157706.0	248323.0	329976.0	450251.0	572185.0	794159.0	1105033.0	1707447.0	2534579.0	4616713.0	14882253.0	15929805.0
	23.0	24.0	25.0	26.0	27.0	28.0	29.0	30.0	31.0	32.0	33.0	34.0	35.0	36.0	37.0	38.0	39.0	40.0
Sin-APnd_021-Ex1-6B-lcwgs-1-2.clmp.fp2_repr.R1	3.0	50.0	284.0	1273.0	4380.0	14604.0	35621.0	73950.0	125160.0	209521.0	310889.0	476160.0	714337.0	1157594.0	1798486.0	3450769.0	12079327.0	12342063.0
	22.0	23.0	24.0	25.0	26.0	27.0	28.0	29.0	30.0	31.0	32.0	33.0	34.0	35.0	36.0	37.0	38.0	39.0	40.0
Sin-APnd_021-Ex1-6B-lcwgs-1-2.clmp.fp2_repr.R2	67.0	471.0	2315.0	6471.0	14826.0	29164.0	61139.0	104510.0	165035.0	220704.0	305459.0	397368.0	567624.0	821324.0	1327322.0	2072518.0	3811855.0	11444142.0	11442157.0
	23.0	24.0	25.0	26.0	27.0	28.0	29.0	30.0	31.0	32.0	33.0	34.0	35.0	36.0	37.0	38.0	39.0	40.0
Sin-APnd_022-Ex1-6C-lcwgs-1-2.clmp.fp2_repr.R1	3.0	13.0	92.0	475.0	1695.0	5568.0	13689.0	28027.0	47993.0	80157.0	118905.0	183572.0	277306.0	460767.0	725917.0	1451414.0	5479602.0	5819771.0
	21.0	22.0	23.0	24.0	25.0	26.0	27.0	28.0	29.0	30.0	31.0	32.0	33.0	34.0	35.0	36.0	37.0	38.0	39.0	40.0
Sin-APnd_022-Ex1-6C-lcwgs-1-2.clmp.fp2_repr.R2	1.0	20.0	178.0	923.0	2554.0	5901.0	11202.0	23242.0	40535.0	63084.0	85126.0	116898.0	152910.0	220315.0	321313.0	527374.0	835259.0	1587668.0	5181668.0	5518795.0
	23.0	24.0	25.0	26.0	27.0	28.0	29.0	30.0	31.0	32.0	33.0	34.0	35.0	36.0	37.0	38.0	39.0	40.0
Sin-APnd_023-Ex1-6D-lcwgs-1-2.clmp.fp2_repr.R1	1.0	21.0	235.0	1266.0	4746.0	16071.0	39966.0	82946.0	140401.0	232638.0	339279.0	509760.0	739383.0	1138816.0	1641615.0	2885376.0	9541066.0	11963775.0
	21.0	22.0	23.0	24.0	25.0	26.0	27.0	28.0	29.0	30.0	31.0	32.0	33.0	34.0	35.0	36.0	37.0	38.0	39.0	40.0
Sin-APnd_023-Ex1-6D-lcwgs-1-2.clmp.fp2_repr.R2	2.0	57.0	535.0	2494.0	7290.0	16587.0	32456.0	67792.0	116714.0	182860.0	241290.0	328945.0	421320.0	586466.0	821029.0	1262680.0	1865759.0	3277701.0	10229035.0	9816349.0
	24.0	25.0	26.0	27.0	28.0	29.0	30.0	31.0	32.0	33.0	34.0	35.0	36.0	37.0	38.0	39.0	40.0
Sin-APnd_024-Ex1-6E-lcwgs-1-2.clmp.fp2_repr.R1	13.0	93.0	483.0	1630.0	5618.0	13351.0	28113.0	47233.0	79007.0	116733.0	180071.0	269810.0	445854.0	700205.0	1403203.0	5453767.0	5952454.0
	21.0	22.0	23.0	24.0	25.0	26.0	27.0	28.0	29.0	30.0	31.0	32.0	33.0	34.0	35.0	36.0	37.0	38.0	39.0	40.0
Sin-APnd_024-Ex1-6E-lcwgs-1-2.clmp.fp2_repr.R2	1.0	27.0	195.0	879.0	2330.0	5507.0	10722.0	22640.0	38765.0	60969.0	81285.0	111285.0	144613.0	207264.0	302151.0	495561.0	785515.0	1522500.0	5235342.0	5670087.0
	24.0	25.0	26.0	27.0	28.0	29.0	30.0	31.0	32.0	33.0	34.0	35.0	36.0	37.0	38.0	39.0	40.0
Sin-APnd_025-Ex1-6F-lcwgs-1-2.clmp.fp2_repr.R1	25.0	152.0	797.0	2990.0	9801.0	24091.0	50338.0	85021.0	140886.0	207313.0	319831.0	484947.0	803671.0	1273169.0	2604759.0	10754797.0	12117608.0
	22.0	23.0	24.0	25.0	26.0	27.0	28.0	29.0	30.0	31.0	32.0	33.0	34.0	35.0	36.0	37.0	38.0	39.0	40.0
Sin-APnd_025-Ex1-6F-lcwgs-1-2.clmp.fp2_repr.R2	30.0	330.0	1518.0	4110.0	9551.0	18781.0	39500.0	68115.0	107297.0	144418.0	199120.0	259976.0	374238.0	549147.0	901851.0	1443027.0	2866998.0	10330974.0	11561215.0
	29.0	30.0	31.0	32.0	33.0	34.0	35.0	36.0	37.0	38.0	39.0	40.0
Sin-CPnd_013-Ex1-4E-lcwgs-1-2.clmp.fp2_repr.R1	1.0	2.0	9.0	15.0	22.0	34.0	71.0	139.0	280.0	552.0	1308.0	866.0
	25.0	26.0	27.0	28.0	29.0	30.0	31.0	32.0	33.0	34.0	35.0	36.0	37.0	38.0	39.0	40.0
Sin-CPnd_013-Ex1-4E-lcwgs-1-2.clmp.fp2_repr.R2	3.0	0.0	3.0	2.0	11.0	6.0	15.0	21.0	34.0	50.0	117.0	218.0	402.0	570.0	997.0	850.0
	27.0	28.0	29.0	30.0	31.0	32.0	33.0	34.0	35.0	36.0	37.0	38.0	39.0	40.0
Sin-CPnd_015-Ex1-4A-lcwgs-1-2.clmp.fp2_repr.R1	1.0	1.0	2.0	10.0	14.0	32.0	54.0	92.0	206.0	369.0	670.0	1521.0	3991.0	2873.0
	25.0	26.0	27.0	28.0	29.0	30.0	31.0	32.0	33.0	34.0	35.0	36.0	37.0	38.0	39.0	40.0
Sin-CPnd_015-Ex1-4A-lcwgs-1-2.clmp.fp2_repr.R2	1.0	1.0	5.0	9.0	18.0	28.0	37.0	49.0	87.0	154.0	321.0	633.0	1007.0	1580.0	3171.0	2735.0
	26.0	27.0	28.0	29.0	30.0	31.0	32.0	33.0	34.0	35.0	36.0	37.0	38.0	39.0	40.0
Sin-CPnd_018-Ex1-11A-lcwgs-1-2.clmp.fp2_repr.R1	1.0	17.0	41.0	101.0	196.0	325.0	565.0	936.0	1618.0	2845.0	5641.0	10174.0	22208.0	66696.0	55999.0
	23.0	24.0	25.0	26.0	27.0	28.0	29.0	30.0	31.0	32.0	33.0	34.0	35.0	36.0	37.0	38.0	39.0	40.0
Sin-CPnd_018-Ex1-11A-lcwgs-1-2.clmp.fp2_repr.R2	3.0	9.0	19.0	43.0	74.0	148.0	284.0	455.0	641.0	853.0	1276.0	2346.0	4168.0	8422.0	14390.0	23364.0	56416.0	54452.0
	25.0	26.0	27.0	28.0	29.0	30.0	31.0	32.0	33.0	34.0	35.0	36.0	37.0	38.0	39.0	40.0
Sin-CPnd_019-Ex1-1H-lcwgs-1-2.clmp.fp2_repr.R1	1.0	1.0	0.0	14.0	27.0	62.0	90.0	162.0	282.0	441.0	733.0	1423.0	2542.0	6063.0	21227.0	16332.0
	24.0	25.0	26.0	27.0	28.0	29.0	30.0	31.0	32.0	33.0	34.0	35.0	36.0	37.0	38.0	39.0	40.0
Sin-CPnd_019-Ex1-1H-lcwgs-1-2.clmp.fp2_repr.R2	2.0	5.0	13.0	26.0	48.0	86.0	122.0	193.0	247.0	380.0	703.0	1171.0	2283.0	3995.0	7003.0	18215.0	14908.0
	25.0	26.0	27.0	28.0	29.0	30.0	31.0	32.0	33.0	34.0	35.0	36.0	37.0	38.0	39.0	40.0
Sin-CPnd_020-Ex1-12E-lcwgs-1-2.clmp.fp2_repr.R1	1.0	2.0	15.0	53.0	135.0	250.0	440.0	757.0	1231.0	1997.0	3471.0	6222.0	11574.0	25230.0	83225.0	68834.0
	23.0	24.0	25.0	26.0	27.0	28.0	29.0	30.0	31.0	32.0	33.0	34.0	35.0	36.0	37.0	38.0	39.0	40.0
Sin-CPnd_020-Ex1-12E-lcwgs-1-2.clmp.fp2_repr.R2	2.0	10.0	23.0	43.0	118.0	201.0	394.0	589.0	817.0	1180.0	1637.0	2878.0	4987.0	9891.0	16918.0	29476.0	69133.0	65140.0
	28.0	29.0	30.0	31.0	32.0	33.0	34.0	35.0	36.0	37.0	38.0	39.0	40.0
Sin-CPnd_021-Ex1-3D-lcwgs-1-2.clmp.fp2_repr.R1	2.0	2.0	6.0	12.0	27.0	31.0	71.0	118.0	230.0	441.0	934.0	3428.0	3206.0
	26.0	27.0	28.0	29.0	30.0	31.0	32.0	33.0	34.0	35.0	36.0	37.0	38.0	39.0	40.0
Sin-CPnd_021-Ex1-3D-lcwgs-1-2.clmp.fp2_repr.R2	3.0	2.0	7.0	10.0	10.0	24.0	30.0	47.0	78.0	166.0	346.0	571.0	940.0	2942.0	3332.0
	27.0	28.0	29.0	30.0	31.0	32.0	33.0	34.0	35.0	36.0	37.0	38.0	39.0	40.0
Sin-CPnd_022-Ex1-1D-lcwgs-1-2.clmp.fp2_repr.R1	2.0	5.0	19.0	27.0	68.0	115.0	236.0	419.0	873.0	1826.0	3694.0	7299.0	14144.0	6676.0
	24.0	25.0	26.0	27.0	28.0	29.0	30.0	31.0	32.0	33.0	34.0	35.0	36.0	37.0	38.0	39.0	40.0
Sin-CPnd_022-Ex1-1D-lcwgs-1-2.clmp.fp2_repr.R2	1.0	4.0	19.0	21.0	40.0	85.0	107.0	173.0	272.0	413.0	841.0	1625.0	3482.0	5779.0	7526.0	9282.0	5733.0
	25.0	26.0	27.0	28.0	29.0	30.0	31.0	32.0	33.0	34.0	35.0	36.0	37.0	38.0	39.0	40.0
Sin-CPnd_023-Ex1-12B-lcwgs-1-2.clmp.fp2_repr.R1	1.0	4.0	16.0	47.0	93.0	219.0	390.0	638.0	895.0	1610.0	2645.0	4975.0	8915.0	19136.0	63928.0	57790.0
	23.0	24.0	25.0	26.0	27.0	28.0	29.0	30.0	31.0	32.0	33.0	34.0	35.0	36.0	37.0	38.0	39.0	40.0
Sin-CPnd_023-Ex1-12B-lcwgs-1-2.clmp.fp2_repr.R2	1.0	7.0	24.0	36.0	66.0	174.0	265.0	458.0	599.0	882.0	1212.0	2137.0	3674.0	7038.0	12181.0	21220.0	54593.0	56735.0
	26.0	27.0	28.0	29.0	30.0	31.0	32.0	33.0	34.0	35.0	36.0	37.0	38.0	39.0	40.0
Sin-CPnd_024-Ex1-12C-lcwgs-1-2.clmp.fp2_repr.R1	2.0	10.0	32.0	62.0	146.0	281.0	446.0	679.0	1173.0	1913.0	3427.0	6304.0	13602.0	46943.0	44607.0
	22.0	23.0	24.0	25.0	26.0	27.0	28.0	29.0	30.0	31.0	32.0	33.0	34.0	35.0	36.0	37.0	38.0	39.0	40.0
Sin-CPnd_024-Ex1-12C-lcwgs-1-2.clmp.fp2_repr.R2	1.0	0.0	4.0	14.0	24.0	59.0	119.0	231.0	352.0	441.0	603.0	932.0	1514.0	2558.0	5064.0	8568.0	15121.0	40445.0	43577.0
	28.0	29.0	30.0	31.0	32.0	33.0	34.0	35.0	36.0	37.0	38.0	39.0	40.0
Sin-CPnd_025-Ex1-3B-lcwgs-1-2.clmp.fp2_repr.R1	2.0	3.0	14.0	28.0	67.0	98.0	169.0	281.0	612.0	1182.0	2542.0	6580.0	4721.0
	24.0	25.0	26.0	27.0	28.0	29.0	30.0	31.0	32.0	33.0	34.0	35.0	36.0	37.0	38.0	39.0	40.0
Sin-CPnd_025-Ex1-3B-lcwgs-1-2.clmp.fp2_repr.R2	1.0	4.0	3.0	7.0	11.0	27.0	54.0	62.0	87.0	133.0	277.0	503.0	1078.0	1795.0	2616.0	5009.0	4632.0
	25.0	26.0	27.0	28.0	29.0	30.0	31.0	32.0	33.0	34.0	35.0	36.0	37.0	38.0	39.0	40.0
Sin-CPnd_028-Ex1-12H-lcwgs-1-2.clmp.fp2_repr.R1	1.0	5.0	14.0	57.0	151.0	287.0	538.0	911.0	1495.0	2569.0	4645.0	8888.0	16682.0	36914.0	96081.0	67866.0
	23.0	24.0	25.0	26.0	27.0	28.0	29.0	30.0	31.0	32.0	33.0	34.0	35.0	36.0	37.0	38.0	39.0	40.0
Sin-CPnd_028-Ex1-12H-lcwgs-1-2.clmp.fp2_repr.R2	2.0	16.0	40.0	69.0	135.0	260.0	462.0	720.0	947.0	1410.0	2251.0	4124.0	7427.0	15304.0	26294.0	40619.0	72446.0	64578.0
	28.0	29.0	30.0	31.0	32.0	33.0	34.0	35.0	36.0	37.0	38.0	39.0	40.0
Sin-CPnd_029-Ex1-4D-lcwgs-1-2.clmp.fp2_repr.R1	2.0	4.0	13.0	22.0	40.0	54.0	74.0	133.0	262.0	486.0	1156.0	4063.0	3857.0
	25.0	26.0	27.0	28.0	29.0	30.0	31.0	32.0	33.0	34.0	35.0	36.0	37.0	38.0	39.0	40.0
Sin-CPnd_029-Ex1-4D-lcwgs-1-2.clmp.fp2_repr.R2	1.0	2.0	6.0	12.0	12.0	27.0	48.0	48.0	76.0	111.0	192.0	390.0	646.0	1181.0	3328.0	4086.0
	28.0	29.0	30.0	31.0	32.0	33.0	34.0	35.0	36.0	37.0	38.0	39.0	40.0
Sin-CPnd_031-Ex1-3G-lcwgs-1-2.clmp.fp2_repr.R1	1.0	3.0	14.0	15.0	32.0	51.0	98.0	188.0	421.0	868.0	1726.0	4493.0	2859.0
	27.0	28.0	29.0	30.0	31.0	32.0	33.0	34.0	35.0	36.0	37.0	38.0	39.0	40.0
Sin-CPnd_031-Ex1-3G-lcwgs-1-2.clmp.fp2_repr.R2	2.0	9.0	25.0	35.0	51.0	58.0	87.0	198.0	337.0	745.0	1335.0	1887.0	3288.0	2712.0
	26.0	27.0	28.0	29.0	30.0	31.0	32.0	33.0	34.0	35.0	36.0	37.0	38.0	39.0	40.0
Sin-CPnd_032-Ex1-3E-lcwgs-1-2.clmp.fp2_repr.R1	1.0	0.0	4.0	8.0	20.0	23.0	59.0	130.0	222.0	391.0	875.0	1571.0	3337.0	7632.0	4044.0
	24.0	25.0	26.0	27.0	28.0	29.0	30.0	31.0	32.0	33.0	34.0	35.0	36.0	37.0	38.0	39.0	40.0
Sin-CPnd_032-Ex1-3E-lcwgs-1-2.clmp.fp2_repr.R2	4.0	0.0	1.0	9.0	18.0	35.0	57.0	88.0	148.0	190.0	374.0	741.0	1553.0	2555.0	3681.0	5356.0	3507.0
	27.0	28.0	29.0	30.0	31.0	32.0	33.0	34.0	35.0	36.0	37.0	38.0	39.0	40.0
Sin-CPnd_033-Ex1-1B-lcwgs-1-2.clmp.fp2_repr.R1	1.0	0.0	2.0	1.0	8.0	9.0	16.0	41.0	45.0	100.0	201.0	444.0	1521.0	1424.0
	27.0	28.0	29.0	30.0	31.0	32.0	33.0	34.0	35.0	36.0	37.0	38.0	39.0	40.0
Sin-CPnd_033-Ex1-1B-lcwgs-1-2.clmp.fp2_repr.R2	1.0	2.0	3.0	11.0	9.0	22.0	30.0	38.0	77.0	159.0	253.0	440.0	1307.0	1461.0
	26.0	27.0	28.0	29.0	30.0	31.0	32.0	33.0	34.0	35.0	36.0	37.0	38.0	39.0	40.0
Sin-CPnd_034-Ex1-3C-lcwgs-1-2.clmp.fp2_repr.R1	1.0	1.0	2.0	7.0	23.0	24.0	75.0	107.0	168.0	285.0	581.0	1178.0	2606.0	7912.0	5451.0
	24.0	25.0	26.0	27.0	28.0	29.0	30.0	31.0	32.0	33.0	34.0	35.0	36.0	37.0	38.0	39.0	40.0
Sin-CPnd_034-Ex1-3C-lcwgs-1-2.clmp.fp2_repr.R2	2.0	1.0	3.0	11.0	28.0	28.0	54.0	76.0	87.0	147.0	277.0	493.0	1081.0	1817.0	3122.0	6408.0	4786.0
	26.0	27.0	28.0	29.0	30.0	31.0	32.0	33.0	34.0	35.0	36.0	37.0	38.0	39.0	40.0
Sin-CPnd_035-Ex1-12D-lcwgs-1-2.clmp.fp2_repr.R1	1.0	16.0	47.0	129.0	269.0	454.0	767.0	1297.0	2125.0	3755.0	7288.0	13301.0	30266.0	86347.0	61696.0
	23.0	24.0	25.0	26.0	27.0	28.0	29.0	30.0	31.0	32.0	33.0	34.0	35.0	36.0	37.0	38.0	39.0	40.0
Sin-CPnd_035-Ex1-12D-lcwgs-1-2.clmp.fp2_repr.R2	4.0	9.0	28.0	57.0	115.0	212.0	387.0	594.0	806.0	1234.0	1786.0	3369.0	6006.0	11916.0	21131.0	34953.0	66686.0	58465.0
	26.0	27.0	28.0	29.0	30.0	31.0	32.0	33.0	34.0	35.0	36.0	37.0	38.0	39.0	40.0
Sin-CPnd_038-Ex1-11C-lcwgs-1-2.clmp.fp2_repr.R1	4.0	15.0	43.0	88.0	177.0	331.0	581.0	1028.0	1676.0	3144.0	6213.0	11712.0	24697.0	70362.0	56631.0
	23.0	24.0	25.0	26.0	27.0	28.0	29.0	30.0	31.0	32.0	33.0	34.0	35.0	36.0	37.0	38.0	39.0	40.0
Sin-CPnd_038-Ex1-11C-lcwgs-1-2.clmp.fp2_repr.R2	2.0	6.0	26.0	47.0	92.0	196.0	315.0	444.0	685.0	963.0	1534.0	2690.0	4895.0	9898.0	17047.0	26525.0	56673.0	54664.0
	26.0	27.0	28.0	29.0	30.0	31.0	32.0	33.0	34.0	35.0	36.0	37.0	38.0	39.0	40.0
Sin-CPnd_039-Ex1-10F-lcwgs-1-2.clmp.fp2_repr.R1	3.0	10.0	35.0	117.0	234.0	465.0	749.0	1234.0	2172.0	3869.0	7776.0	15002.0	32953.0	94843.0	68798.0
	23.0	24.0	25.0	26.0	27.0	28.0	29.0	30.0	31.0	32.0	33.0	34.0	35.0	36.0	37.0	38.0	39.0	40.0
Sin-CPnd_039-Ex1-10F-lcwgs-1-2.clmp.fp2_repr.R2	6.0	7.0	26.0	53.0	120.0	232.0	420.0	608.0	881.0	1305.0	2004.0	3571.0	6664.0	13547.0	23577.0	36520.0	74795.0	63924.0
	25.0	26.0	27.0	28.0	29.0	30.0	31.0	32.0	33.0	34.0	35.0	36.0	37.0	38.0	39.0	40.0
Sin-CPnd_040-Ex1-11E-lcwgs-1-2.clmp.fp2_repr.R1	2.0	5.0	9.0	26.0	84.0	153.0	292.0	550.0	902.0	1586.0	2768.0	5557.0	10535.0	22739.0	65715.0	53019.0
	23.0	24.0	25.0	26.0	27.0	28.0	29.0	30.0	31.0	32.0	33.0	34.0	35.0	36.0	37.0	38.0	39.0	40.0
Sin-CPnd_040-Ex1-11E-lcwgs-1-2.clmp.fp2_repr.R2	4.0	8.0	14.0	39.0	79.0	137.0	278.0	414.0	576.0	858.0	1279.0	2228.0	4118.0	8656.0	15072.0	24171.0	54298.0	51713.0
	26.0	27.0	28.0	29.0	30.0	31.0	32.0	33.0	34.0	35.0	36.0	37.0	38.0	39.0	40.0
Sin-CPnd_042-Ex1-10D-lcwgs-1-2.clmp.fp2_repr.R1	4.0	7.0	31.0	61.0	148.0	234.0	372.0	628.0	1071.0	1754.0	3401.0	6057.0	13308.0	48422.0	43722.0
	24.0	25.0	26.0	27.0	28.0	29.0	30.0	31.0	32.0	33.0	34.0	35.0	36.0	37.0	38.0	39.0	40.0
Sin-CPnd_042-Ex1-10D-lcwgs-1-2.clmp.fp2_repr.R2	6.0	15.0	32.0	43.0	108.0	198.0	281.0	418.0	563.0	849.0	1330.0	2281.0	4570.0	7978.0	14423.0	42957.0	43168.0
	27.0	28.0	29.0	30.0	31.0	32.0	33.0	34.0	35.0	36.0	37.0	38.0	39.0	40.0
Sin-CPnd_043-Ex1-1C-lcwgs-1-2.clmp.fp2_repr.R1	7.0	10.0	16.0	62.0	124.0	202.0	343.0	679.0	1234.0	2760.0	5203.0	10918.0	24268.0	12988.0
	22.0	23.0	24.0	25.0	26.0	27.0	28.0	29.0	30.0	31.0	32.0	33.0	34.0	35.0	36.0	37.0	38.0	39.0	40.0
Sin-CPnd_043-Ex1-1C-lcwgs-1-2.clmp.fp2_repr.R2	1.0	1.0	7.0	5.0	26.0	23.0	76.0	136.0	193.0	285.0	432.0	650.0	1279.0	2444.0	5058.0	8638.0	11791.0	16802.0	10967.0
	26.0	27.0	28.0	29.0	30.0	31.0	32.0	33.0	34.0	35.0	36.0	37.0	38.0	39.0	40.0
Sin-CPnd_044-Ex1-2C-lcwgs-1-2.clmp.fp2_repr.R1	1.0	1.0	0.0	3.0	12.0	10.0	23.0	29.0	46.0	77.0	116.0	245.0	493.0	1809.0	1491.0
	25.0	26.0	27.0	28.0	29.0	30.0	31.0	32.0	33.0	34.0	35.0	36.0	37.0	38.0	39.0	40.0
Sin-CPnd_044-Ex1-2C-lcwgs-1-2.clmp.fp2_repr.R2	3.0	1.0	12.0	9.0	14.0	19.0	28.0	46.0	31.0	41.0	86.0	143.0	284.0	471.0	1388.0	1780.0
	25.0	26.0	27.0	28.0	29.0	30.0	31.0	32.0	33.0	34.0	35.0	36.0	37.0	38.0	39.0	40.0
Sin-CPnd_045-Ex1-11H-lcwgs-1-2.clmp.fp2_repr.R1	10.0	40.0	185.0	669.0	1712.0	3870.0	6934.0	12535.0	21362.0	38921.0	71838.0	149049.0	291094.0	623302.0	1383999.0	754255.0
	22.0	23.0	24.0	25.0	26.0	27.0	28.0	29.0	30.0	31.0	32.0	33.0	34.0	35.0	36.0	37.0	38.0	39.0	40.0
Sin-CPnd_045-Ex1-11H-lcwgs-1-2.clmp.fp2_repr.R2	4.0	54.0	220.0	461.0	990.0	2014.0	4150.0	7139.0	11149.0	15429.0	22778.0	36271.0	67780.0	128642.0	269186.0	469895.0	698626.0	984882.0	640105.0
	27.0	28.0	29.0	30.0	31.0	32.0	33.0	34.0	35.0	36.0	37.0	38.0	39.0	40.0
Sin-CPnd_049-Ex1-4C-lcwgs-1-2.clmp.fp2_repr.R1	2.0	4.0	5.0	9.0	18.0	20.0	32.0	64.0	79.0	195.0	372.0	729.0	2628.0	2545.0
	26.0	27.0	28.0	29.0	30.0	31.0	32.0	33.0	34.0	35.0	36.0	37.0	38.0	39.0	40.0
Sin-CPnd_049-Ex1-4C-lcwgs-1-2.clmp.fp2_repr.R2	4.0	6.0	4.0	13.0	20.0	22.0	39.0	56.0	94.0	133.0	296.0	484.0	854.0	2177.0	2500.0
	24.0	25.0	26.0	27.0	28.0	29.0	30.0	31.0	32.0	33.0	34.0	35.0	36.0	37.0	38.0	39.0	40.0
Sin-CPnd_050-Ex1-9B-lcwgs-1-2.clmp.fp2_repr.R1	1.0	1.0	5.0	14.0	43.0	87.0	196.0	308.0	528.0	797.0	1397.0	2295.0	4113.0	7420.0	16563.0	63564.0	60659.0
	23.0	24.0	25.0	26.0	27.0	28.0	29.0	30.0	31.0	32.0	33.0	34.0	35.0	36.0	37.0	38.0	39.0	40.0
Sin-CPnd_050-Ex1-9B-lcwgs-1-2.clmp.fp2_repr.R2	2.0	6.0	14.0	31.0	67.0	124.0	218.0	370.0	546.0	704.0	979.0	1666.0	2773.0	5391.0	9410.0	17436.0	55821.0	62433.0
	25.0	26.0	27.0	28.0	29.0	30.0	31.0	32.0	33.0	34.0	35.0	36.0	37.0	38.0	39.0	40.0
Sin-CPnd_051-Ex1-12G-lcwgs-1-2.clmp.fp2_repr.R1	1.0	6.0	9.0	39.0	118.0	207.0	403.0	667.0	1028.0	1760.0	2904.0	5637.0	10207.0	22167.0	73672.0	62870.0
	23.0	24.0	25.0	26.0	27.0	28.0	29.0	30.0	31.0	32.0	33.0	34.0	35.0	36.0	37.0	38.0	39.0	40.0
Sin-CPnd_051-Ex1-12G-lcwgs-1-2.clmp.fp2_repr.R2	2.0	5.0	28.0	49.0	75.0	158.0	303.0	488.0	635.0	906.0	1323.0	2294.0	4050.0	8220.0	14108.0	23895.0	61386.0	63770.0
	25.0	26.0	27.0	28.0	29.0	30.0	31.0	32.0	33.0	34.0	35.0	36.0	37.0	38.0	39.0	40.0
Sin-CPnd_053-Ex1-9G-lcwgs-1-2.clmp.fp2_repr.R1	2.0	1.0	12.0	45.0	116.0	219.0	394.0	661.0	1054.0	1651.0	2864.0	5425.0	9602.0	21129.0	80449.0	73197.0
	21.0	22.0	23.0	24.0	25.0	26.0	27.0	28.0	29.0	30.0	31.0	32.0	33.0	34.0	35.0	36.0	37.0	38.0	39.0	40.0
Sin-CPnd_053-Ex1-9G-lcwgs-1-2.clmp.fp2_repr.R2	1.0	0.0	1.0	5.0	12.0	36.0	86.0	177.0	277.0	469.0	592.0	831.0	1251.0	2018.0	3527.0	6737.0	11751.0	21706.0	70223.0	77121.0
	26.0	27.0	28.0	29.0	30.0	31.0	32.0	33.0	34.0	35.0	36.0	37.0	38.0	39.0	40.0
Sin-CPnd_058-Ex1-9D-lcwgs-1-2.clmp.fp2_repr.R1	1.0	13.0	27.0	84.0	189.0	271.0	512.0	791.0	1299.0	2108.0	3889.0	6801.0	15493.0	59852.0	56249.0
	23.0	24.0	25.0	26.0	27.0	28.0	29.0	30.0	31.0	32.0	33.0	34.0	35.0	36.0	37.0	38.0	39.0	40.0
Sin-CPnd_058-Ex1-9D-lcwgs-1-2.clmp.fp2_repr.R2	2.0	10.0	23.0	29.0	55.0	144.0	243.0	337.0	455.0	672.0	939.0	1522.0	2538.0	4828.0	8471.0	16051.0	52990.0	58270.0
	25.0	26.0	27.0	28.0	29.0	30.0	31.0	32.0	33.0	34.0	35.0	36.0	37.0	38.0	39.0	40.0
Sin-CPnd_061-Ex1-9A-lcwgs-1-2.clmp.fp2_repr.R1	1.0	2.0	10.0	46.0	105.0	195.0	360.0	543.0	892.0	1502.0	2555.0	5051.0	9215.0	20631.0	64123.0	53968.0
	22.0	23.0	24.0	25.0	26.0	27.0	28.0	29.0	30.0	31.0	32.0	33.0	34.0	35.0	36.0	37.0	38.0	39.0	40.0
Sin-CPnd_061-Ex1-9A-lcwgs-1-2.clmp.fp2_repr.R2	1.0	1.0	8.0	16.0	36.0	68.0	158.0	281.0	442.0	562.0	851.0	1234.0	2105.0	3643.0	7706.0	12777.0	21856.0	53191.0	54263.0
	25.0	26.0	27.0	28.0	29.0	30.0	31.0	32.0	33.0	34.0	35.0	36.0	37.0	38.0	39.0	40.0
Sin-CPnd_062-Ex1-11D-lcwgs-1-2.clmp.fp2_repr.R1	2.0	1.0	7.0	36.0	84.0	195.0	339.0	622.0	966.0	1644.0	2935.0	5848.0	10473.0	23045.0	72323.0	60698.0
	23.0	24.0	25.0	26.0	27.0	28.0	29.0	30.0	31.0	32.0	33.0	34.0	35.0	36.0	37.0	38.0	39.0	40.0
Sin-CPnd_062-Ex1-11D-lcwgs-1-2.clmp.fp2_repr.R2	2.0	3.0	18.0	53.0	71.0	168.0	275.0	418.0	619.0	895.0	1306.0	2240.0	4202.0	8286.0	14627.0	24538.0	61698.0	59799.0
	26.0	27.0	28.0	29.0	30.0	31.0	32.0	33.0	34.0	35.0	36.0	37.0	38.0	39.0	40.0
Sin-CPnd_063-Ex1-9F-lcwgs-1-2.clmp.fp2_repr.R1	1.0	8.0	31.0	78.0	191.0	290.0	549.0	772.0	1325.0	2296.0	4123.0	7517.0	16986.0	64141.0	59897.0
	23.0	24.0	25.0	26.0	27.0	28.0	29.0	30.0	31.0	32.0	33.0	34.0	35.0	36.0	37.0	38.0	39.0	40.0
Sin-CPnd_063-Ex1-9F-lcwgs-1-2.clmp.fp2_repr.R2	1.0	3.0	19.0	29.0	58.0	138.0	222.0	332.0	494.0	759.0	1026.0	1615.0	2859.0	5399.0	9638.0	17755.0	55447.0	62411.0
	26.0	27.0	28.0	29.0	30.0	31.0	32.0	33.0	34.0	35.0	36.0	37.0	38.0	39.0	40.0
Sin-CPnd_065-Ex1-11B-lcwgs-1-2.clmp.fp2_repr.R1	4.0	13.0	35.0	97.0	180.0	323.0	614.0	1001.0	1669.0	2886.0	5688.0	10509.0	22575.0	74255.0	64991.0
	23.0	24.0	25.0	26.0	27.0	28.0	29.0	30.0	31.0	32.0	33.0	34.0	35.0	36.0	37.0	38.0	39.0	40.0
Sin-CPnd_065-Ex1-11B-lcwgs-1-2.clmp.fp2_repr.R2	4.0	4.0	25.0	40.0	68.0	156.0	301.0	460.0	622.0	858.0	1418.0	2160.0	4019.0	8136.0	14324.0	24315.0	63565.0	64365.0
	25.0	26.0	27.0	28.0	29.0	30.0	31.0	32.0	33.0	34.0	35.0	36.0	37.0	38.0	39.0	40.0
Sin-CPnd_067-Ex1-9C-lcwgs-1-2.clmp.fp2_repr.R1	1.0	2.0	10.0	40.0	87.0	156.0	303.0	480.0	753.0	1251.0	2072.0	3953.0	7024.0	15673.0	57267.0	53315.0
	23.0	24.0	25.0	26.0	27.0	28.0	29.0	30.0	31.0	32.0	33.0	34.0	35.0	36.0	37.0	38.0	39.0	40.0
Sin-CPnd_067-Ex1-9C-lcwgs-1-2.clmp.fp2_repr.R2	2.0	4.0	17.0	41.0	71.0	131.0	246.0	345.0	493.0	709.0	957.0	1540.0	2738.0	5374.0	9392.0	16836.0	49543.0	53948.0
	26.0	27.0	28.0	29.0	30.0	31.0	32.0	33.0	34.0	35.0	36.0	37.0	38.0	39.0	40.0
Sin-CPnd_074-Ex1-12A-lcwgs-1-2.clmp.fp2_repr.R1	1.0	11.0	26.0	97.0	189.0	306.0	551.0	863.0	1354.0	2425.0	4519.0	8424.0	18119.0	53917.0	45620.0
	23.0	24.0	25.0	26.0	27.0	28.0	29.0	30.0	31.0	32.0	33.0	34.0	35.0	36.0	37.0	38.0	39.0	40.0
Sin-CPnd_074-Ex1-12A-lcwgs-1-2.clmp.fp2_repr.R2	1.0	8.0	17.0	40.0	78.0	119.0	266.0	380.0	544.0	759.0	1193.0	1950.0	3597.0	7249.0	11796.0	19601.0	44820.0	44004.0
	24.0	25.0	26.0	27.0	28.0	29.0	30.0	31.0	32.0	33.0	34.0	35.0	36.0	37.0	38.0	39.0	40.0
Sin-CPnd_075-Ex1-11G-lcwgs-1-2.clmp.fp2_repr.R1	1.0	2.0	5.0	9.0	39.0	90.0	246.0	430.0	699.0	1118.0	1880.0	3260.0	6619.0	11861.0	25715.0	87533.0	75845.0
	23.0	24.0	25.0	26.0	27.0	28.0	29.0	30.0	31.0	32.0	33.0	34.0	35.0	36.0	37.0	38.0	39.0	40.0
Sin-CPnd_075-Ex1-11G-lcwgs-1-2.clmp.fp2_repr.R2	4.0	13.0	20.0	46.0	83.0	158.0	340.0	524.0	670.0	954.0	1496.0	2510.0	4603.0	8888.0	15624.0	26774.0	75850.0	76795.0
	25.0	26.0	27.0	28.0	29.0	30.0	31.0	32.0	33.0	34.0	35.0	36.0	37.0	38.0	39.0	40.0
Sin-CPnd_076-Ex1-10E-lcwgs-1-2.clmp.fp2_repr.R1	1.0	1.0	11.0	59.0	126.0	252.0	480.0	833.0	1315.0	2311.0	3901.0	7374.0	13912.0	31228.0	102244.0	79591.0
	23.0	24.0	25.0	26.0	27.0	28.0	29.0	30.0	31.0	32.0	33.0	34.0	35.0	36.0	37.0	38.0	39.0	40.0
Sin-CPnd_076-Ex1-10E-lcwgs-1-2.clmp.fp2_repr.R2	4.0	12.0	30.0	54.0	119.0	247.0	440.0	692.0	946.0	1367.0	2019.0	3394.0	5945.0	12142.0	21098.0	36425.0	85651.0	73054.0
	26.0	27.0	28.0	29.0	30.0	31.0	32.0	33.0	34.0	35.0	36.0	37.0	38.0	39.0	40.0
Sin-CPnd_079-Ex1-9H-lcwgs-1-2.clmp.fp2_repr.R1	1.0	15.0	47.0	81.0	176.0	291.0	540.0	864.0	1391.0	2425.0	4445.0	7821.0	17424.0	65107.0	59282.0
	24.0	25.0	26.0	27.0	28.0	29.0	30.0	31.0	32.0	33.0	34.0	35.0	36.0	37.0	38.0	39.0	40.0
Sin-CPnd_079-Ex1-9H-lcwgs-1-2.clmp.fp2_repr.R2	7.0	14.0	34.0	80.0	139.0	252.0	371.0	497.0	724.0	1037.0	1679.0	2945.0	5561.0	9817.0	18141.0	56683.0	61929.0
	28.0	29.0	30.0	31.0	32.0	33.0	34.0	35.0	36.0	37.0	38.0	39.0	40.0
Sin-CPnd_080-Ex1-2E-lcwgs-1-2.clmp.fp2_repr.R1	3.0	4.0	9.0	23.0	30.0	53.0	91.0	172.0	329.0	726.0	1698.0	3858.0	1699.0
	25.0	26.0	27.0	28.0	29.0	30.0	31.0	32.0	33.0	34.0	35.0	36.0	37.0	38.0	39.0	40.0
Sin-CPnd_080-Ex1-2E-lcwgs-1-2.clmp.fp2_repr.R2	1.0	1.0	2.0	12.0	19.0	20.0	44.0	52.0	89.0	171.0	348.0	709.0	1175.0	1686.0	2533.0	1833.0
	25.0	26.0	27.0	28.0	29.0	30.0	31.0	32.0	33.0	34.0	35.0	36.0	37.0	38.0	39.0	40.0
Sin-CPnd_081-Ex1-10G-lcwgs-1-2.clmp.fp2_repr.R1	1.0	3.0	9.0	45.0	117.0	274.0	436.0	742.0	1265.0	2157.0	3902.0	7803.0	14589.0	31695.0	95618.0	71198.0
	23.0	24.0	25.0	26.0	27.0	28.0	29.0	30.0	31.0	32.0	33.0	34.0	35.0	36.0	37.0	38.0	39.0	40.0
Sin-CPnd_081-Ex1-10G-lcwgs-1-2.clmp.fp2_repr.R2	2.0	9.0	32.0	49.0	109.0	218.0	406.0	619.0	875.0	1254.0	1859.0	3336.0	5932.0	12328.0	21180.0	34432.0	77864.0	69350.0
	26.0	27.0	28.0	29.0	30.0	31.0	32.0	33.0	34.0	35.0	36.0	37.0	38.0	39.0	40.0
Sin-CPnd_085-Ex1-4H-lcwgs-1-2.clmp.fp2_repr.R1	1.0	10.0	38.0	79.0	169.0	308.0	634.0	1075.0	2091.0	4177.0	8855.0	17839.0	36697.0	67783.0	25496.0
	23.0	24.0	25.0	26.0	27.0	28.0	29.0	30.0	31.0	32.0	33.0	34.0	35.0	36.0	37.0	38.0	39.0	40.0
Sin-CPnd_085-Ex1-4H-lcwgs-1-2.clmp.fp2_repr.R2	2.0	7.0	38.0	51.0	98.0	233.0	421.0	588.0	876.0	1323.0	2110.0	4108.0	8191.0	17735.0	29505.0	38665.0	41365.0	19936.0
	29.0	30.0	31.0	32.0	33.0	34.0	35.0	36.0	37.0	38.0	39.0	40.0
Sin-CPnd_088-Ex1-2D-lcwgs-1-2.clmp.fp2_repr.R1	4.0	9.0	14.0	27.0	31.0	59.0	77.0	180.0	318.0	728.0	2755.0	2177.0
	25.0	26.0	27.0	28.0	29.0	30.0	31.0	32.0	33.0	34.0	35.0	36.0	37.0	38.0	39.0	40.0
Sin-CPnd_088-Ex1-2D-lcwgs-1-2.clmp.fp2_repr.R2	1.0	6.0	5.0	6.0	11.0	16.0	23.0	33.0	46.0	55.0	125.0	205.0	354.0	637.0	2094.0	2762.0
	25.0	26.0	27.0	28.0	29.0	30.0	31.0	32.0	33.0	34.0	35.0	36.0	37.0	38.0	39.0	40.0
Sin-CPnd_089-Ex1-9E-lcwgs-1-2.clmp.fp2_repr.R1	2.0	3.0	15.0	51.0	125.0	260.0	400.0	727.0	1155.0	1919.0	3238.0	6197.0	11653.0	26227.0	83281.0	66246.0
	23.0	24.0	25.0	26.0	27.0	28.0	29.0	30.0	31.0	32.0	33.0	34.0	35.0	36.0	37.0	38.0	39.0	40.0
Sin-CPnd_089-Ex1-9E-lcwgs-1-2.clmp.fp2_repr.R2	2.0	10.0	22.0	39.0	104.0	210.0	331.0	554.0	755.0	1079.0	1551.0	2640.0	4793.0	9656.0	16860.0	28771.0	68500.0	65622.0
	25.0	26.0	27.0	28.0	29.0	30.0	31.0	32.0	33.0	34.0	35.0	36.0	37.0	38.0	39.0	40.0
Sin-CPnd_090-Ex1-12F-lcwgs-1-2.clmp.fp2_repr.R1	2.0	9.0	43.0	169.0	440.0	1111.0	2081.0	3961.0	6905.0	13139.0	24414.0	52368.0	103726.0	226793.0	426652.0	151009.0
	22.0	23.0	24.0	25.0	26.0	27.0	28.0	29.0	30.0	31.0	32.0	33.0	34.0	35.0	36.0	37.0	38.0	39.0	40.0
Sin-CPnd_090-Ex1-12F-lcwgs-1-2.clmp.fp2_repr.R2	1.0	18.0	79.0	157.0	332.0	722.0	1384.0	2413.0	3629.0	5053.0	7878.0	13355.0	25797.0	51379.0	110767.0	185813.0	248420.0	234402.0	121223.0
	26.0	27.0	28.0	29.0	30.0	31.0	32.0	33.0	34.0	35.0	36.0	37.0	38.0	39.0	40.0
Sin-CPnd_092-Ex1-11F-lcwgs-1-2.clmp.fp2_repr.R1	5.0	12.0	31.0	96.0	180.0	288.0	467.0	773.0	1360.0	2382.0	4700.0	8712.0	18643.0	63696.0	58427.0
	23.0	24.0	25.0	26.0	27.0	28.0	29.0	30.0	31.0	32.0	33.0	34.0	35.0	36.0	37.0	38.0	39.0	40.0
Sin-CPnd_092-Ex1-11F-lcwgs-1-2.clmp.fp2_repr.R2	1.0	7.0	16.0	26.0	58.0	131.0	262.0	366.0	490.0	734.0	1083.0	1898.0	3161.0	6528.0	11245.0	19717.0	55469.0	58580.0
	25.0	26.0	27.0	28.0	29.0	30.0	31.0	32.0	33.0	34.0	35.0	36.0	37.0	38.0	39.0	40.0
Sin-CPnd_093-Ex1-10C-lcwgs-1-2.clmp.fp2_repr.R1	2.0	2.0	7.0	36.0	80.0	175.0	335.0	566.0	993.0	1695.0	3060.0	6124.0	11809.0	25897.0	72603.0	53865.0
	23.0	24.0	25.0	26.0	27.0	28.0	29.0	30.0	31.0	32.0	33.0	34.0	35.0	36.0	37.0	38.0	39.0	40.0
Sin-CPnd_093-Ex1-10C-lcwgs-1-2.clmp.fp2_repr.R2	2.0	8.0	27.0	38.0	71.0	192.0	335.0	540.0	701.0	970.0	1638.0	2855.0	5347.0	10768.0	18424.0	28403.0	56714.0	50216.0
	25.0	26.0	27.0	28.0	29.0	30.0	31.0	32.0	33.0	34.0	35.0	36.0	37.0	38.0	39.0	40.0
Sin-CPnd_094-Ex1-3H-lcwgs-1-2.clmp.fp2_repr.R1	2.0	6.0	27.0	97.0	227.0	536.0	1082.0	1990.0	3529.0	6875.0	13353.0	29145.0	56931.0	120473.0	219925.0	70394.0
	22.0	23.0	24.0	25.0	26.0	27.0	28.0	29.0	30.0	31.0	32.0	33.0	34.0	35.0	36.0	37.0	38.0	39.0	40.0
Sin-CPnd_094-Ex1-3H-lcwgs-1-2.clmp.fp2_repr.R2	1.0	14.0	31.0	78.0	157.0	357.0	734.0	1238.0	1970.0	2693.0	3998.0	6585.0	13284.0	26432.0	57218.0	97710.0	129705.0	130912.0	51475.0
	27.0	28.0	29.0	30.0	31.0	32.0	33.0	34.0	35.0	36.0	37.0	38.0	39.0	40.0
Sin-CPnd_095-Ex1-2B-lcwgs-1-2.clmp.fp2_repr.R1	5.0	25.0	62.0	103.0	194.0	362.0	604.0	908.0	1678.0	3222.0	6211.0	13750.0	44924.0	26790.0
	24.0	25.0	26.0	27.0	28.0	29.0	30.0	31.0	32.0	33.0	34.0	35.0	36.0	37.0	38.0	39.0	40.0
Sin-CPnd_095-Ex1-2B-lcwgs-1-2.clmp.fp2_repr.R2	2.0	13.0	20.0	56.0	121.0	183.0	267.0	379.0	617.0	837.0	1463.0	2590.0	5048.0	9019.0	15175.0	31857.0	31191.0
	22.0	23.0	24.0	25.0	26.0	27.0	28.0	29.0	30.0	31.0	32.0	33.0	34.0	35.0	36.0	37.0	38.0	39.0	40.0
Undetermined.clmp.fp2_repr.R1	2.0	104.0	1622.0	8689.0	29772.0	72223.0	173655.0	339068.0	621816.0	965018.0	1503863.0	2100441.0	3071145.0	4384914.0	6761074.0	9753782.0	16773075.0	44907267.0	36869236.0
	21.0	22.0	23.0	24.0	25.0	26.0	27.0	28.0	29.0	30.0	31.0	32.0	33.0	34.0	35.0	36.0	37.0	38.0	39.0	40.0
Undetermined.clmp.fp2_repr.R2	14.0	520.0	5472.0	27842.0	77240.0	166808.0	283231.0	494058.0	721405.0	1006943.0	1217858.0	1536851.0	1843294.0	2459509.0	3393220.0	5301060.0	7950349.0	14116199.0	41849469.0	45885424.0

