	16.0	17.0	18.0	19.0	20.0	21.0	22.0	23.0	24.0	25.0	26.0	27.0	28.0	29.0	30.0	31.0	32.0	33.0	34.0	35.0	36.0	37.0	38.0	39.0	40.0
Sin-APnd_001-Ex1-6G-lcwgs-1-2.1	3.0	297.0	7866.0	55479.0	146929.0	195966.0	251089.0	303878.0	373797.0	432535.0	540909.0	655709.0	852052.0	1078453.0	1486801.0	2032465.0	3251568.0	5231521.0	8132807.0	13313730.0	25930877.0	27369640.0	22564003.0	14530512.0	462397.0
	12.0	13.0	14.0	15.0	16.0	17.0	18.0	19.0	20.0	21.0	22.0	23.0	24.0	25.0	26.0	27.0	28.0	29.0	30.0	31.0	32.0	33.0	34.0	35.0	36.0	37.0	38.0	39.0	40.0
Sin-APnd_001-Ex1-6G-lcwgs-1-2.2	1.0	8.0	83.0	2033.0	30960.0	164844.0	401685.0	527813.0	541136.0	489384.0	518918.0	588040.0	749763.0	955076.0	1366139.0	1965248.0	3070115.0	4392211.0	6038231.0	7008319.0	7974752.0	8485584.0	9199644.0	10105936.0	13300331.0	18616206.0	23868211.0	8781721.0	58891.0
	16.0	17.0	18.0	19.0	20.0	21.0	22.0	23.0	24.0	25.0	26.0	27.0	28.0	29.0	30.0	31.0	32.0	33.0	34.0	35.0	36.0	37.0	38.0	39.0	40.0
Sin-APnd_002-Ex1-3G-lcwgs-1-2.1	1.0	47.0	1467.0	10664.0	30698.0	50611.0	74053.0	93782.0	117175.0	138354.0	173928.0	212501.0	278863.0	353871.0	489728.0	676521.0	1137565.0	1842576.0	2619582.0	3804440.0	7787589.0	10691115.0	8906847.0	5471358.0	171235.0
	12.0	13.0	14.0	15.0	16.0	17.0	18.0	19.0	20.0	21.0	22.0	23.0	24.0	25.0	26.0	27.0	28.0	29.0	30.0	31.0	32.0	33.0	34.0	35.0	36.0	37.0	38.0	39.0	40.0
Sin-APnd_002-Ex1-3G-lcwgs-1-2.2	1.0	2.0	22.0	500.0	7083.0	36621.0	90395.0	125607.0	142799.0	144540.0	163981.0	192097.0	253249.0	332952.0	494067.0	731129.0	1146265.0	1608814.0	2168268.0	2489169.0	2791246.0	2948536.0	3199639.0	3469398.0	4505863.0	6356152.0	8417995.0	3297479.0	20702.0
	16.0	17.0	18.0	19.0	20.0	21.0	22.0	23.0	24.0	25.0	26.0	27.0	28.0	29.0	30.0	31.0	32.0	33.0	34.0	35.0	36.0	37.0	38.0	39.0	40.0
Sin-APnd_003-Ex1-3H-lcwgs-1-2.1	4.0	135.0	3809.0	26906.0	77223.0	124338.0	181655.0	230751.0	286002.0	330868.0	412592.0	497656.0	639985.0	801422.0	1082576.0	1456575.0	2303829.0	3595548.0	5316752.0	8093453.0	16996116.0	24468772.0	23464405.0	16284790.0	535819.0
	13.0	14.0	15.0	16.0	17.0	18.0	19.0	20.0	21.0	22.0	23.0	24.0	25.0	26.0	27.0	28.0	29.0	30.0	31.0	32.0	33.0	34.0	35.0	36.0	37.0	38.0	39.0	40.0
Sin-APnd_003-Ex1-3H-lcwgs-1-2.2	8.0	64.0	1094.0	14158.0	73346.0	187573.0	277549.0	329681.0	339180.0	376605.0	431427.0	547701.0	685913.0	950786.0	1314590.0	1976247.0	2801984.0	3960326.0	4753587.0	5687809.0	6415790.0	7089163.0	7730597.0	10532863.0	15949351.0	23684765.0	11039100.0	60724.0
	16.0	17.0	18.0	19.0	20.0	21.0	22.0	23.0	24.0	25.0	26.0	27.0	28.0	29.0	30.0	31.0	32.0	33.0	34.0	35.0	36.0	37.0	38.0	39.0	40.0
Sin-APnd_004-Ex1-4A-lcwgs-1-2.1	4.0	141.0	3364.0	22833.0	64360.0	103584.0	151356.0	192604.0	241342.0	282531.0	357886.0	436267.0	572063.0	727859.0	1014207.0	1451948.0	2618945.0	4323152.0	6332298.0	10035354.0	16386888.0	13861490.0	11317687.0	6806654.0	227790.0
	12.0	13.0	14.0	15.0	16.0	17.0	18.0	19.0	20.0	21.0	22.0	23.0	24.0	25.0	26.0	27.0	28.0	29.0	30.0	31.0	32.0	33.0	34.0	35.0	36.0	37.0	38.0	39.0	40.0
Sin-APnd_004-Ex1-4A-lcwgs-1-2.2	1.0	3.0	61.0	1171.0	15502.0	78160.0	188753.0	253286.0	273710.0	267921.0	301092.0	357757.0	478307.0	644539.0	985264.0	1525110.0	2493745.0	3549986.0	4628606.0	5167281.0	5903188.0	6113694.0	6242322.0	6415316.0	7648837.0	9224710.0	10678425.0	4058922.0	36938.0
	16.0	17.0	18.0	19.0	20.0	21.0	22.0	23.0	24.0	25.0	26.0	27.0	28.0	29.0	30.0	31.0	32.0	33.0	34.0	35.0	36.0	37.0	38.0	39.0	40.0
Sin-APnd_005-Ex1-4B-lcwgs-1-2.1	2.0	407.0	7521.0	45519.0	119505.0	187052.0	274983.0	353781.0	440312.0	506496.0	632010.0	756789.0	965369.0	1187323.0	1582467.0	2182822.0	3849277.0	6228919.0	8935521.0	14031920.0	23963397.0	26918361.0	22715600.0	9037562.0	281564.0
	13.0	14.0	15.0	16.0	17.0	18.0	19.0	20.0	21.0	22.0	23.0	24.0	25.0	26.0	27.0	28.0	29.0	30.0	31.0	32.0	33.0	34.0	35.0	36.0	37.0	38.0	39.0	40.0
Sin-APnd_005-Ex1-4B-lcwgs-1-2.2	2.0	51.0	1327.0	21263.0	112725.0	264701.0	343634.0	355154.0	330988.0	364436.0	429349.0	570240.0	754209.0	1103808.0	1589942.0	2439388.0	3481930.0	4884792.0	6391902.0	10046296.0	12118939.0	10886211.0	9755604.0	11750633.0	15325131.0	19832292.0	11811231.0	238301.0
	16.0	17.0	18.0	19.0	20.0	21.0	22.0	23.0	24.0	25.0	26.0	27.0	28.0	29.0	30.0	31.0	32.0	33.0	34.0	35.0	36.0	37.0	38.0	39.0	40.0
Sin-APnd_006-Ex1-4C-lcwgs-1-2.1	6.0	168.0	3750.0	25782.0	68325.0	99313.0	135460.0	167088.0	204505.0	237145.0	295791.0	358823.0	463337.0	582784.0	804072.0	1109919.0	1841999.0	3007992.0	4837481.0	8591486.0	15141041.0	13842553.0	13246596.0	10110967.0	373189.0
	12.0	13.0	14.0	15.0	16.0	17.0	18.0	19.0	20.0	21.0	22.0	23.0	24.0	25.0	26.0	27.0	28.0	29.0	30.0	31.0	32.0	33.0	34.0	35.0	36.0	37.0	38.0	39.0	40.0
Sin-APnd_006-Ex1-4C-lcwgs-1-2.2	1.0	2.0	38.0	746.0	10927.0	60196.0	157189.0	225669.0	253913.0	247282.0	268073.0	307063.0	389131.0	486622.0	671441.0	922537.0	1410585.0	2094890.0	3121484.0	3954001.0	4881566.0	5336215.0	5725203.0	6220362.0	8075709.0	10810853.0	14375525.0	5519322.0	23027.0
	16.0	17.0	18.0	19.0	20.0	21.0	22.0	23.0	24.0	25.0	26.0	27.0	28.0	29.0	30.0	31.0	32.0	33.0	34.0	35.0	36.0	37.0	38.0	39.0	40.0
Sin-APnd_007-Ex1-4D-lcwgs-1-2.1	3.0	125.0	3365.0	22924.0	63058.0	101013.0	147769.0	188958.0	236014.0	277052.0	348692.0	424830.0	558717.0	715944.0	996634.0	1421892.0	2523009.0	4205460.0	6291949.0	10093885.0	16414919.0	14147536.0	12196376.0	8204948.0	291877.0
	12.0	13.0	14.0	15.0	16.0	17.0	18.0	19.0	20.0	21.0	22.0	23.0	24.0	25.0	26.0	27.0	28.0	29.0	30.0	31.0	32.0	33.0	34.0	35.0	36.0	37.0	38.0	39.0	40.0
Sin-APnd_007-Ex1-4D-lcwgs-1-2.2	1.0	1.0	61.0	1115.0	14412.0	73930.0	177710.0	235282.0	258503.0	253938.0	284120.0	332872.0	434728.0	569050.0	833464.0	1234646.0	1962501.0	2792983.0	3724128.0	4195185.0	4904227.0	5373192.0	5713069.0	6125336.0	7982360.0	11241691.0	14819649.0	6281017.0	57778.0
	16.0	17.0	18.0	19.0	20.0	21.0	22.0	23.0	24.0	25.0	26.0	27.0	28.0	29.0	30.0	31.0	32.0	33.0	34.0	35.0	36.0	37.0	38.0	39.0	40.0
Sin-APnd_008-Ex1-4E-lcwgs-1-2.1	4.0	197.0	5112.0	33300.0	90374.0	137840.0	196047.0	245817.0	305133.0	354790.0	443761.0	535403.0	693663.0	872453.0	1203187.0	1685468.0	2899304.0	4767550.0	7341858.0	12157441.0	19997442.0	17301960.0	15064185.0	10293235.0	348342.0
	12.0	13.0	14.0	15.0	16.0	17.0	18.0	19.0	20.0	21.0	22.0	23.0	24.0	25.0	26.0	27.0	28.0	29.0	30.0	31.0	32.0	33.0	34.0	35.0	36.0	37.0	38.0	39.0	40.0
Sin-APnd_008-Ex1-4E-lcwgs-1-2.2	1.0	4.0	81.0	1397.0	20514.0	106525.0	249015.0	326206.0	351786.0	334850.0	368285.0	422744.0	537095.0	677964.0	945933.0	1303560.0	1961663.0	2792729.0	3969049.0	4753990.0	5568038.0	6022939.0	6509187.0	7270109.0	9945570.0	14569694.0	19504648.0	8417005.0	43285.0
	16.0	17.0	18.0	19.0	20.0	21.0	22.0	23.0	24.0	25.0	26.0	27.0	28.0	29.0	30.0	31.0	32.0	33.0	34.0	35.0	36.0	37.0	38.0	39.0	40.0
Sin-APnd_009-Ex1-4F-lcwgs-1-2.1	4.0	136.0	3355.0	21808.0	58574.0	90278.0	127793.0	159913.0	198186.0	232108.0	290961.0	357047.0	469324.0	601884.0	839115.0	1200363.0	2144303.0	3560168.0	5422899.0	9015591.0	14793526.0	12242911.0	10478917.0	7199006.0	245131.0
	13.0	14.0	15.0	16.0	17.0	18.0	19.0	20.0	21.0	22.0	23.0	24.0	25.0	26.0	27.0	28.0	29.0	30.0	31.0	32.0	33.0	34.0	35.0	36.0	37.0	38.0	39.0	40.0
Sin-APnd_009-Ex1-4F-lcwgs-1-2.2	1.0	52.0	797.0	11695.0	62733.0	154034.0	211083.0	232455.0	226648.0	250280.0	289310.0	372102.0	472626.0	666231.0	925704.0	1397676.0	1990253.0	2816693.0	3358880.0	3871575.0	4152768.0	4572602.0	5180096.0	7163882.0	10740634.0	14581102.0	6018867.0	32522.0
	16.0	17.0	18.0	19.0	20.0	21.0	22.0	23.0	24.0	25.0	26.0	27.0	28.0	29.0	30.0	31.0	32.0	33.0	34.0	35.0	36.0	37.0	38.0	39.0	40.0
Sin-APnd_010-Ex1-4G-lcwgs-1-2.1	4.0	203.0	4774.0	31694.0	85367.0	129080.0	180325.0	225591.0	281177.0	326208.0	411586.0	499878.0	651067.0	828740.0	1147924.0	1627906.0	2864038.0	4704181.0	7062608.0	11508673.0	19124812.0	17209210.0	15236721.0	10357172.0	331489.0
	12.0	13.0	14.0	15.0	16.0	17.0	18.0	19.0	20.0	21.0	22.0	23.0	24.0	25.0	26.0	27.0	28.0	29.0	30.0	31.0	32.0	33.0	34.0	35.0	36.0	37.0	38.0	39.0	40.0
Sin-APnd_010-Ex1-4G-lcwgs-1-2.2	2.0	4.0	63.0	1367.0	20051.0	104218.0	244947.0	315444.0	329678.0	311039.0	341125.0	391380.0	506792.0	658285.0	963138.0	1410274.0	2207748.0	3132368.0	4265632.0	4996619.0	5921560.0	6457404.0	6827152.0	7270440.0	9468251.0	13333870.0	17855922.0	7427114.0	68541.0
	16.0	17.0	18.0	19.0	20.0	21.0	22.0	23.0	24.0	25.0	26.0	27.0	28.0	29.0	30.0	31.0	32.0	33.0	34.0	35.0	36.0	37.0	38.0	39.0	40.0
Sin-APnd_011-Ex1-4H-lcwgs-1-2.1	3.0	228.0	5487.0	36584.0	96968.0	147553.0	206651.0	258493.0	324243.0	379051.0	477736.0	582821.0	767653.0	984122.0	1382027.0	1996302.0	3650795.0	6053090.0	8861489.0	14042638.0	22238585.0	18011471.0	15006701.0	10132764.0	326287.0
	12.0	13.0	14.0	15.0	16.0	17.0	18.0	19.0	20.0	21.0	22.0	23.0	24.0	25.0	26.0	27.0	28.0	29.0	30.0	31.0	32.0	33.0	34.0	35.0	36.0	37.0	38.0	39.0	40.0
Sin-APnd_011-Ex1-4H-lcwgs-1-2.2	1.0	2.0	70.0	1760.0	25710.0	133795.0	306760.0	386648.0	402108.0	379100.0	414550.0	480030.0	620202.0	798851.0	1153144.0	1656557.0	2551167.0	3606761.0	4900738.0	5527704.0	6139659.0	6497401.0	7107250.0	7957211.0	10708447.0	15294066.0	20036393.0	8831034.0	52623.0
	17.0	18.0	19.0	20.0	21.0	22.0	23.0	24.0	25.0	26.0	27.0	28.0	29.0	30.0	31.0	32.0	33.0	34.0	35.0	36.0	37.0	38.0	39.0	40.0
Sin-APnd_012-Ex1-5A-lcwgs-1-2.1	224.0	5404.0	38048.0	100670.0	148702.0	205874.0	255178.0	315407.0	366752.0	460675.0	559288.0	731294.0	932588.0	1308878.0	1874679.0	3351105.0	5912649.0	9349412.0	15628118.0	20445772.0	14496640.0	14577972.0	13518193.0	575834.0
	13.0	14.0	15.0	16.0	17.0	18.0	19.0	20.0	21.0	22.0	23.0	24.0	25.0	26.0	27.0	28.0	29.0	30.0	31.0	32.0	33.0	34.0	35.0	36.0	37.0	38.0	39.0	40.0
Sin-APnd_012-Ex1-5A-lcwgs-1-2.2	9.0	76.0	1363.0	19110.0	99784.0	253237.0	359671.0	395276.0	381941.0	422091.0	490996.0	638817.0	829875.0	1212943.0	1799398.0	2899719.0	4199459.0	5640292.0	6436841.0	7325075.0	7664455.0	8309075.0	8931650.0	10948615.0	13678823.0	16681813.0	5516781.0	22171.0
	16.0	17.0	18.0	19.0	20.0	21.0	22.0	23.0	24.0	25.0	26.0	27.0	28.0	29.0	30.0	31.0	32.0	33.0	34.0	35.0	36.0	37.0	38.0	39.0	40.0
Sin-APnd_013-Ex1-5B-lcwgs-1-2.1	5.0	327.0	7436.0	47652.0	115768.0	145120.0	182255.0	217442.0	266458.0	308102.0	387117.0	472134.0	623559.0	806567.0	1148796.0	1691016.0	3198283.0	5847685.0	8898380.0	14028733.0	17349553.0	10802795.0	8647731.0	6801050.0	264509.0
	13.0	14.0	15.0	16.0	17.0	18.0	19.0	20.0	21.0	22.0	23.0	24.0	25.0	26.0	27.0	28.0	29.0	30.0	31.0	32.0	33.0	34.0	35.0	36.0	37.0	38.0	39.0	40.0
Sin-APnd_013-Ex1-5B-lcwgs-1-2.2	2.0	61.0	1145.0	16224.0	87422.0	229597.0	323189.0	332842.0	302092.0	327243.0	380363.0	493042.0	640283.0	923623.0	1335760.0	2083428.0	3018861.0	4196926.0	4741754.0	5252755.0	5505457.0	5964968.0	6614868.0	8664474.0	11597842.0	13858711.0	5330359.0	35182.0
	16.0	17.0	18.0	19.0	20.0	21.0	22.0	23.0	24.0	25.0	26.0	27.0	28.0	29.0	30.0	31.0	32.0	33.0	34.0	35.0	36.0	37.0	38.0	39.0	40.0
Sin-APnd_014-Ex1-5C-lcwgs-1-2.1	6.0	206.0	5111.0	34584.0	86795.0	115929.0	151823.0	186338.0	230081.0	268888.0	338903.0	418045.0	553063.0	716889.0	1023573.0	1514196.0	2918440.0	5408354.0	8148392.0	12767939.0	15761802.0	9721868.0	7443275.0	5517498.0	213757.0
	12.0	13.0	14.0	15.0	16.0	17.0	18.0	19.0	20.0	21.0	22.0	23.0	24.0	25.0	26.0	27.0	28.0	29.0	30.0	31.0	32.0	33.0	34.0	35.0	36.0	37.0	38.0	39.0	40.0
Sin-APnd_014-Ex1-5C-lcwgs-1-2.2	2.0	5.0	47.0	936.0	14530.0	81823.0	209788.0	285855.0	291508.0	266284.0	292272.0	346055.0	457309.0	599752.0	872008.0	1273352.0	2046206.0	3061211.0	4329558.0	5083656.0	5870292.0	5990044.0	6000537.0	6260528.0	7574951.0	8953026.0	9881187.0	3472527.0	30506.0
	16.0	17.0	18.0	19.0	20.0	21.0	22.0	23.0	24.0	25.0	26.0	27.0	28.0	29.0	30.0	31.0	32.0	33.0	34.0	35.0	36.0	37.0	38.0	39.0	40.0
Sin-APnd_015-Ex1-5D-lcwgs-1-2.1	3.0	146.0	4324.0	28622.0	72486.0	103489.0	141143.0	173934.0	214659.0	249969.0	316116.0	387345.0	511022.0	656314.0	929973.0	1346780.0	2452773.0	4440705.0	7042826.0	11716209.0	15011253.0	9794680.0	8605471.0	6985359.0	286671.0
	12.0	13.0	14.0	15.0	16.0	17.0	18.0	19.0	20.0	21.0	22.0	23.0	24.0	25.0	26.0	27.0	28.0	29.0	30.0	31.0	32.0	33.0	34.0	35.0	36.0	37.0	38.0	39.0	40.0
Sin-APnd_015-Ex1-5D-lcwgs-1-2.2	1.0	4.0	38.0	892.0	12684.0	70076.0	178206.0	245496.0	262374.0	246809.0	270837.0	315259.0	409488.0	529820.0	768768.0	1124819.0	1788439.0	2572231.0	3470819.0	3888014.0	4313109.0	4537349.0	5022634.0	5623533.0	7442902.0	10446355.0	13147644.0	4758116.0	25556.0
	16.0	17.0	18.0	19.0	20.0	21.0	22.0	23.0	24.0	25.0	26.0	27.0	28.0	29.0	30.0	31.0	32.0	33.0	34.0	35.0	36.0	37.0	38.0	39.0	40.0
Sin-APnd_016-Ex1-5E-lcwgs-1-2.1	3.0	266.0	5958.0	37623.0	93133.0	127976.0	173859.0	213813.0	264490.0	308927.0	391734.0	480192.0	642870.0	836861.0	1201381.0	1801374.0	3553553.0	6549924.0	9523067.0	14299800.0	17292907.0	10228129.0	7554926.0	5483453.0	213879.0
	13.0	14.0	15.0	16.0	17.0	18.0	19.0	20.0	21.0	22.0	23.0	24.0	25.0	26.0	27.0	28.0	29.0	30.0	31.0	32.0	33.0	34.0	35.0	36.0	37.0	38.0	39.0	40.0
Sin-APnd_016-Ex1-5E-lcwgs-1-2.2	1.0	50.0	984.0	14236.0	78466.0	205024.0	288708.0	307849.0	289413.0	321367.0	382253.0	501960.0	660822.0	962390.0	1384652.0	2140389.0	3044258.0	4161034.0	4684450.0	5155300.0	5356089.0	5809542.0	6597515.0	8761571.0	11775402.0	13352492.0	5016170.0	27711.0
	16.0	17.0	18.0	19.0	20.0	21.0	22.0	23.0	24.0	25.0	26.0	27.0	28.0	29.0	30.0	31.0	32.0	33.0	34.0	35.0	36.0	37.0	38.0	39.0	40.0
Sin-APnd_017-Ex1-5F-lcwgs-1-2.1	3.0	172.0	4427.0	29371.0	74462.0	99748.0	131541.0	161212.0	199696.0	232577.0	294336.0	362682.0	483025.0	628535.0	903959.0	1339787.0	2572052.0	4788873.0	7286376.0	11455957.0	13914139.0	8396340.0	6902330.0	5427525.0	208883.0
	13.0	14.0	15.0	16.0	17.0	18.0	19.0	20.0	21.0	22.0	23.0	24.0	25.0	26.0	27.0	28.0	29.0	30.0	31.0	32.0	33.0	34.0	35.0	36.0	37.0	38.0	39.0	40.0
Sin-APnd_017-Ex1-5F-lcwgs-1-2.2	1.0	26.0	788.0	11397.0	62870.0	163108.0	229048.0	243414.0	227669.0	251942.0	294255.0	382829.0	496522.0	710330.0	1006571.0	1547280.0	2215242.0	3077444.0	3522639.0	3906004.0	4083427.0	4521031.0	5210508.0	7120324.0	10078170.0	12155479.0	4356585.0	23105.0
	16.0	17.0	18.0	19.0	20.0	21.0	22.0	23.0	24.0	25.0	26.0	27.0	28.0	29.0	30.0	31.0	32.0	33.0	34.0	35.0	36.0	37.0	38.0	39.0	40.0
Sin-APnd_018-Ex1-5G-lcwgs-1-2.1	1.0	157.0	4056.0	26840.0	66621.0	89109.0	117418.0	143280.0	176720.0	206491.0	259780.0	318108.0	421327.0	547927.0	782724.0	1159301.0	2170101.0	3982575.0	6179775.0	9942149.0	12489544.0	7886883.0	6489577.0	5128973.0	195807.0
	13.0	14.0	15.0	16.0	17.0	18.0	19.0	20.0	21.0	22.0	23.0	24.0	25.0	26.0	27.0	28.0	29.0	30.0	31.0	32.0	33.0	34.0	35.0	36.0	37.0	38.0	39.0	40.0
Sin-APnd_018-Ex1-5G-lcwgs-1-2.2	5.0	32.0	739.0	9892.0	54210.0	142869.0	201094.0	211610.0	197808.0	218184.0	256537.0	336866.0	446670.0	663439.0	988088.0	1577779.0	2261592.0	3072416.0	3483830.0	3849271.0	3991430.0	4283395.0	4699795.0	6084655.0	8229543.0	9939301.0	3557582.0	26612.0
	16.0	17.0	18.0	19.0	20.0	21.0	22.0	23.0	24.0	25.0	26.0	27.0	28.0	29.0	30.0	31.0	32.0	33.0	34.0	35.0	36.0	37.0	38.0	39.0	40.0
Sin-APnd_019-Ex1-5H-lcwgs-1-2.1	1.0	224.0	5361.0	35979.0	90490.0	127879.0	173671.0	212140.0	261155.0	303300.0	381371.0	464069.0	611394.0	786427.0	1112673.0	1618400.0	2961454.0	5368140.0	8445440.0	13803818.0	17269587.0	11176935.0	10001363.0	8126124.0	319549.0
	12.0	13.0	14.0	15.0	16.0	17.0	18.0	19.0	20.0	21.0	22.0	23.0	24.0	25.0	26.0	27.0	28.0	29.0	30.0	31.0	32.0	33.0	34.0	35.0	36.0	37.0	38.0	39.0	40.0
Sin-APnd_019-Ex1-5H-lcwgs-1-2.2	2.0	2.0	57.0	1046.0	14646.0	77961.0	203182.0	288434.0	314630.0	298629.0	329720.0	382314.0	491872.0	627859.0	891176.0	1265966.0	1950289.0	2791284.0	3873968.0	4368682.0	4736437.0	4950711.0	5568924.0	6403382.0	8756255.0	12555449.0	16162104.0	6327967.0	23996.0
	16.0	17.0	18.0	19.0	20.0	21.0	22.0	23.0	24.0	25.0	26.0	27.0	28.0	29.0	30.0	31.0	32.0	33.0	34.0	35.0	36.0	37.0	38.0	39.0	40.0
Sin-APnd_020-Ex1-6A-lcwgs-1-2.1	2.0	239.0	6212.0	43336.0	119693.0	177730.0	248360.0	309281.0	384252.0	448116.0	560483.0	682717.0	888387.0	1118600.0	1528804.0	2078916.0	3350804.0	5399627.0	8415823.0	13819524.0	26497340.0	26494666.0	19522100.0	9914550.0	306145.0
	11.0	12.0	13.0	14.0	15.0	16.0	17.0	18.0	19.0	20.0	21.0	22.0	23.0	24.0	25.0	26.0	27.0	28.0	29.0	30.0	31.0	32.0	33.0	34.0	35.0	36.0	37.0	38.0	39.0	40.0
Sin-APnd_020-Ex1-6A-lcwgs-1-2.2	1.0	1.0	6.0	79.0	1684.0	24463.0	129579.0	328389.0	453753.0	481767.0	456226.0	507352.0	598273.0	788938.0	1040614.0	1555469.0	2357296.0	3872533.0	5619859.0	7451397.0	8371860.0	9658189.0	10083912.0	10222299.0	10408316.0	12219739.0	14238457.0	15547390.0	5829648.0	68218.0
	16.0	17.0	18.0	19.0	20.0	21.0	22.0	23.0	24.0	25.0	26.0	27.0	28.0	29.0	30.0	31.0	32.0	33.0	34.0	35.0	36.0	37.0	38.0	39.0	40.0
Sin-APnd_021-Ex1-6B-lcwgs-1-2.1	4.0	224.0	5753.0	38465.0	101857.0	137213.0	171048.0	205273.0	248704.0	287454.0	356267.0	428368.0	552124.0	689877.0	937761.0	1267140.0	2038053.0	3262156.0	4933900.0	7864502.0	14963274.0	15926819.0	13735681.0	8682610.0	275232.0
	13.0	14.0	15.0	16.0	17.0	18.0	19.0	20.0	21.0	22.0	23.0	24.0	25.0	26.0	27.0	28.0	29.0	30.0	31.0	32.0	33.0	34.0	35.0	36.0	37.0	38.0	39.0	40.0
Sin-APnd_021-Ex1-6B-lcwgs-1-2.2	3.0	45.0	1154.0	15096.0	80100.0	212923.0	302994.0	321865.0	296754.0	313039.0	354445.0	450508.0	568569.0	794459.0	1106968.0	1671873.0	2378574.0	3327525.0	3925751.0	4664815.0	5104818.0	5458639.0	5940379.0	7916089.0	11142047.0	14695984.0	6021744.0	42599.0
	16.0	17.0	18.0	19.0	20.0	21.0	22.0	23.0	24.0	25.0	26.0	27.0	28.0	29.0	30.0	31.0	32.0	33.0	34.0	35.0	36.0	37.0	38.0	39.0	40.0
Sin-APnd_022-Ex1-6C-lcwgs-1-2.1	1.0	89.0	2181.0	15604.0	40732.0	52770.0	66163.0	79876.0	98217.0	114119.0	142543.0	171483.0	221048.0	276525.0	375371.0	511872.0	826336.0	1329337.0	2032011.0	3266080.0	6172473.0	6426768.0	5315345.0	3127871.0	98531.0
	12.0	13.0	14.0	15.0	16.0	17.0	18.0	19.0	20.0	21.0	22.0	23.0	24.0	25.0	26.0	27.0	28.0	29.0	30.0	31.0	32.0	33.0	34.0	35.0	36.0	37.0	38.0	39.0	40.0
Sin-APnd_022-Ex1-6C-lcwgs-1-2.2	1.0	0.0	22.0	465.0	6147.0	34389.0	90281.0	125874.0	130168.0	117467.0	125782.0	142974.0	184067.0	234127.0	329091.0	460347.0	715607.0	1051688.0	1506358.0	1844474.0	2276861.0	2444409.0	2478247.0	2595841.0	3242303.0	4052460.0	4788922.0	1768500.0	16474.0
	16.0	17.0	18.0	19.0	20.0	21.0	22.0	23.0	24.0	25.0	26.0	27.0	28.0	29.0	30.0	31.0	32.0	33.0	34.0	35.0	36.0	37.0	38.0	39.0	40.0
Sin-APnd_023-Ex1-6D-lcwgs-1-2.1	2.0	180.0	4856.0	33297.0	89265.0	127848.0	173536.0	212543.0	261968.0	303726.0	376027.0	453670.0	580748.0	721346.0	973977.0	1303151.0	1998867.0	3087342.0	4854451.0	8186097.0	16254255.0	18140129.0	16353449.0	10994543.0	386427.0
	12.0	13.0	14.0	15.0	16.0	17.0	18.0	19.0	20.0	21.0	22.0	23.0	24.0	25.0	26.0	27.0	28.0	29.0	30.0	31.0	32.0	33.0	34.0	35.0	36.0	37.0	38.0	39.0	40.0
Sin-APnd_023-Ex1-6D-lcwgs-1-2.2	1.0	5.0	82.0	1516.0	20369.0	107956.0	258325.0	333080.0	344236.0	321378.0	340416.0	379877.0	475718.0	592942.0	818658.0	1138185.0	1741514.0	2497485.0	3465572.0	4077217.0	4959758.0	5581501.0	6056550.0	6569373.0	8806356.0	12831326.0	17346147.0	6754114.0	52043.0
	16.0	17.0	18.0	19.0	20.0	21.0	22.0	23.0	24.0	25.0	26.0	27.0	28.0	29.0	30.0	31.0	32.0	33.0	34.0	35.0	36.0	37.0	38.0	39.0	40.0
Sin-APnd_024-Ex1-6E-lcwgs-1-2.1	1.0	61.0	1898.0	12815.0	32444.0	44083.0	57808.0	70687.0	86722.0	101516.0	126053.0	151842.0	197672.0	248605.0	340856.0	466858.0	748136.0	1197485.0	1856504.0	3047803.0	5856811.0	5978346.0	4798788.0	2977775.0	96999.0
	14.0	15.0	16.0	17.0	18.0	19.0	20.0	21.0	22.0	23.0	24.0	25.0	26.0	27.0	28.0	29.0	30.0	31.0	32.0	33.0	34.0	35.0	36.0	37.0	38.0	39.0	40.0
Sin-APnd_024-Ex1-6E-lcwgs-1-2.2	16.0	429.0	6463.0	35102.0	86114.0	115031.0	117338.0	105977.0	113472.0	128856.0	162379.0	203003.0	281515.0	385965.0	578487.0	823880.0	1176378.0	1409858.0	1632181.0	1756260.0	1918695.0	2180742.0	3015193.0	4394250.0	5648455.0	2212599.0	9930.0
	16.0	17.0	18.0	19.0	20.0	21.0	22.0	23.0	24.0	25.0	26.0	27.0	28.0	29.0	30.0	31.0	32.0	33.0	34.0	35.0	36.0	37.0	38.0	39.0	40.0
Sin-APnd_025-Ex1-6F-lcwgs-1-2.1	1.0	124.0	2972.0	20623.0	53734.0	73603.0	95713.0	117013.0	145557.0	169056.0	210806.0	257088.0	335295.0	422521.0	583557.0	801715.0	1303511.0	2118838.0	3285095.0	5409501.0	10545848.0	10843194.0	8686607.0	5325071.0	171754.0
	13.0	14.0	15.0	16.0	17.0	18.0	19.0	20.0	21.0	22.0	23.0	24.0	25.0	26.0	27.0	28.0	29.0	30.0	31.0	32.0	33.0	34.0	35.0	36.0	37.0	38.0	39.0	40.0
Sin-APnd_025-Ex1-6F-lcwgs-1-2.2	3.0	30.0	694.0	10315.0	56407.0	141518.0	188946.0	197740.0	181692.0	195019.0	222098.0	281574.0	353633.0	490346.0	674607.0	1008832.0	1432028.0	2039021.0	2448415.0	2886633.0	3128659.0	3414267.0	3836989.0	5324996.0	7915222.0	10444049.0	4079083.0	25981.0
	19.0	20.0	21.0	22.0	23.0	24.0	25.0	26.0	27.0	28.0	29.0	30.0	31.0	32.0	33.0	34.0	35.0	36.0	37.0	38.0	39.0	40.0
Sin-CPnd_013-Ex1-4E-lcwgs-1-2.1	3.0	5.0	5.0	10.0	13.0	11.0	21.0	15.0	24.0	21.0	39.0	56.0	67.0	103.0	186.0	252.0	382.0	673.0	927.0	1052.0	1068.0	27.0
	16.0	17.0	18.0	19.0	20.0	21.0	22.0	23.0	24.0	25.0	26.0	27.0	28.0	29.0	30.0	31.0	32.0	33.0	34.0	35.0	36.0	37.0	38.0	39.0	40.0
Sin-CPnd_013-Ex1-4E-lcwgs-1-2.2	1.0	6.0	13.0	16.0	22.0	25.0	23.0	20.0	28.0	30.0	42.0	88.0	134.0	166.0	225.0	265.0	342.0	382.0	445.0	475.0	562.0	642.0	761.0	243.0	4.0
	19.0	20.0	21.0	22.0	23.0	24.0	25.0	26.0	27.0	28.0	29.0	30.0	31.0	32.0	33.0	34.0	35.0	36.0	37.0	38.0	39.0	40.0
Sin-CPnd_015-Ex1-4A-lcwgs-1-2.1	1.0	9.0	10.0	12.0	19.0	23.0	33.0	34.0	45.0	53.0	70.0	86.0	149.0	265.0	378.0	667.0	1094.0	1782.0	1930.0	2293.0	2150.0	46.0
	16.0	17.0	18.0	19.0	20.0	21.0	22.0	23.0	24.0	25.0	26.0	27.0	28.0	29.0	30.0	31.0	32.0	33.0	34.0	35.0	36.0	37.0	38.0	39.0	40.0
Sin-CPnd_015-Ex1-4A-lcwgs-1-2.2	3.0	4.0	20.0	27.0	46.0	44.0	24.0	48.0	51.0	57.0	79.0	115.0	194.0	261.0	346.0	424.0	550.0	647.0	763.0	923.0	1242.0	1897.0	2558.0	822.0	4.0
	17.0	18.0	19.0	20.0	21.0	22.0	23.0	24.0	25.0	26.0	27.0	28.0	29.0	30.0	31.0	32.0	33.0	34.0	35.0	36.0	37.0	38.0	39.0	40.0
Sin-CPnd_018-Ex1-11A-lcwgs-1-2.1	2.0	13.0	77.0	177.0	264.0	328.0	382.0	515.0	611.0	735.0	938.0	1241.0	1548.0	2058.0	2739.0	4329.0	6765.0	11327.0	17848.0	36939.0	54886.0	51051.0	36681.0	894.0
	15.0	16.0	17.0	18.0	19.0	20.0	21.0	22.0	23.0	24.0	25.0	26.0	27.0	28.0	29.0	30.0	31.0	32.0	33.0	34.0	35.0	36.0	37.0	38.0	39.0	40.0
Sin-CPnd_018-Ex1-11A-lcwgs-1-2.2	2.0	48.0	240.0	524.0	730.0	773.0	672.0	744.0	912.0	1089.0	1511.0	2149.0	3321.0	5495.0	7965.0	10675.0	12253.0	14794.0	16424.0	18358.0	20329.0	26226.0	34011.0	39812.0	13201.0	90.0
	18.0	19.0	20.0	21.0	22.0	23.0	24.0	25.0	26.0	27.0	28.0	29.0	30.0	31.0	32.0	33.0	34.0	35.0	36.0	37.0	38.0	39.0	40.0
Sin-CPnd_019-Ex1-1H-lcwgs-1-2.1	4.0	7.0	31.0	47.0	69.0	106.0	130.0	135.0	198.0	229.0	283.0	339.0	490.0	595.0	929.0	1405.0	2167.0	3289.0	6931.0	12257.0	14915.0	12372.0	241.0
	16.0	17.0	18.0	19.0	20.0	21.0	22.0	23.0	24.0	25.0	26.0	27.0	28.0	29.0	30.0	31.0	32.0	33.0	34.0	35.0	36.0	37.0	38.0	39.0	40.0
Sin-CPnd_019-Ex1-1H-lcwgs-1-2.2	7.0	25.0	78.0	150.0	150.0	144.0	171.0	205.0	247.0	321.0	432.0	590.0	876.0	1180.0	1726.0	2203.0	2909.0	3667.0	3989.0	4223.0	5897.0	8791.0	13568.0	5571.0	49.0
	17.0	18.0	19.0	20.0	21.0	22.0	23.0	24.0	25.0	26.0	27.0	28.0	29.0	30.0	31.0	32.0	33.0	34.0	35.0	36.0	37.0	38.0	39.0	40.0
Sin-CPnd_020-Ex1-12E-lcwgs-1-2.1	3.0	24.0	157.0	340.0	384.0	479.0	577.0	684.0	790.0	947.0	1162.0	1597.0	2031.0	2759.0	4245.0	7552.0	12445.0	17912.0	27616.0	43852.0	41231.0	45485.0	47571.0	1753.0
	15.0	16.0	17.0	18.0	19.0	20.0	21.0	22.0	23.0	24.0	25.0	26.0	27.0	28.0	29.0	30.0	31.0	32.0	33.0	34.0	35.0	36.0	37.0	38.0	39.0	40.0
Sin-CPnd_020-Ex1-12E-lcwgs-1-2.2	2.0	43.0	244.0	650.0	900.0	1018.0	849.0	904.0	1002.0	1256.0	1579.0	2186.0	2818.0	4310.0	6132.0	8587.0	10675.0	13310.0	15742.0	17683.0	20050.0	27782.0	41613.0	58645.0	23498.0	118.0
	19.0	20.0	21.0	22.0	23.0	24.0	25.0	26.0	27.0	28.0	29.0	30.0	31.0	32.0	33.0	34.0	35.0	36.0	37.0	38.0	39.0	40.0
Sin-CPnd_021-Ex1-3D-lcwgs-1-2.1	2.0	5.0	10.0	19.0	15.0	21.0	22.0	29.0	33.0	48.0	55.0	114.0	185.0	312.0	537.0	817.0	1274.0	2253.0	2741.0	1891.0	1174.0	17.0
	15.0	16.0	17.0	18.0	19.0	20.0	21.0	22.0	23.0	24.0	25.0	26.0	27.0	28.0	29.0	30.0	31.0	32.0	33.0	34.0	35.0	36.0	37.0	38.0	39.0	40.0
Sin-CPnd_021-Ex1-3D-lcwgs-1-2.2	1.0	1.0	5.0	17.0	20.0	30.0	18.0	25.0	30.0	46.0	65.0	115.0	172.0	294.0	428.0	626.0	731.0	829.0	815.0	883.0	995.0	1280.0	1655.0	1869.0	621.0	3.0
	18.0	19.0	20.0	21.0	22.0	23.0	24.0	25.0	26.0	27.0	28.0	29.0	30.0	31.0	32.0	33.0	34.0	35.0	36.0	37.0	38.0	39.0	40.0
Sin-CPnd_022-Ex1-1D-lcwgs-1-2.1	1.0	6.0	20.0	31.0	65.0	78.0	83.0	80.0	115.0	137.0	190.0	219.0	311.0	437.0	633.0	958.0	1533.0	2437.0	4561.0	7795.0	11294.0	10976.0	254.0
	15.0	16.0	17.0	18.0	19.0	20.0	21.0	22.0	23.0	24.0	25.0	26.0	27.0	28.0	29.0	30.0	31.0	32.0	33.0	34.0	35.0	36.0	37.0	38.0	39.0	40.0
Sin-CPnd_022-Ex1-1D-lcwgs-1-2.2	1.0	2.0	25.0	71.0	131.0	156.0	158.0	135.0	166.0	179.0	216.0	308.0	398.0	576.0	719.0	1023.0	1358.0	2151.0	2774.0	3267.0	3649.0	5349.0	7319.0	9083.0	2975.0	25.0
	17.0	18.0	19.0	20.0	21.0	22.0	23.0	24.0	25.0	26.0	27.0	28.0	29.0	30.0	31.0	32.0	33.0	34.0	35.0	36.0	37.0	38.0	39.0	40.0
Sin-CPnd_023-Ex1-12B-lcwgs-1-2.1	1.0	28.0	180.0	431.0	404.0	537.0	659.0	718.0	813.0	1027.0	1172.0	1544.0	1961.0	2708.0	4058.0	7623.0	12567.0	17644.0	27122.0	42929.0	39601.0	36689.0	31078.0	952.0
	15.0	16.0	17.0	18.0	19.0	20.0	21.0	22.0	23.0	24.0	25.0	26.0	27.0	28.0	29.0	30.0	31.0	32.0	33.0	34.0	35.0	36.0	37.0	38.0	39.0	40.0
Sin-CPnd_023-Ex1-12B-lcwgs-1-2.2	2.0	48.0	226.0	703.0	880.0	908.0	773.0	750.0	887.0	1113.0	1362.0	1988.0	2831.0	4351.0	6096.0	8485.0	10447.0	14157.0	16822.0	17600.0	18164.0	24352.0	34097.0	45663.0	19507.0	234.0
	17.0	18.0	19.0	20.0	21.0	22.0	23.0	24.0	25.0	26.0	27.0	28.0	29.0	30.0	31.0	32.0	33.0	34.0	35.0	36.0	37.0	38.0	39.0	40.0
Sin-CPnd_024-Ex1-12C-lcwgs-1-2.1	1.0	28.0	143.0	284.0	294.0	346.0	383.0	462.0	551.0	703.0	830.0	1172.0	1423.0	2125.0	3064.0	6099.0	9912.0	14063.0	21211.0	32789.0	27989.0	25788.0	21340.0	685.0
	15.0	16.0	17.0	18.0	19.0	20.0	21.0	22.0	23.0	24.0	25.0	26.0	27.0	28.0	29.0	30.0	31.0	32.0	33.0	34.0	35.0	36.0	37.0	38.0	39.0	40.0
Sin-CPnd_024-Ex1-12C-lcwgs-1-2.2	3.0	32.0	209.0	489.0	707.0	656.0	556.0	603.0	678.0	860.0	1075.0	1569.0	2332.0	3806.0	5501.0	7772.0	9417.0	11980.0	13357.0	13639.0	14335.0	18533.0	23790.0	29243.0	10458.0	85.0
	19.0	20.0	21.0	22.0	23.0	24.0	25.0	26.0	27.0	28.0	29.0	30.0	31.0	32.0	33.0	34.0	35.0	36.0	37.0	38.0	39.0	40.0
Sin-CPnd_025-Ex1-3B-lcwgs-1-2.1	3.0	21.0	11.0	25.0	18.0	33.0	41.0	54.0	77.0	95.0	119.0	152.0	211.0	362.0	574.0	915.0	1378.0	2631.0	3774.0	4067.0	3550.0	66.0
	16.0	17.0	18.0	19.0	20.0	21.0	22.0	23.0	24.0	25.0	26.0	27.0	28.0	29.0	30.0	31.0	32.0	33.0	34.0	35.0	36.0	37.0	38.0	39.0	40.0
Sin-CPnd_025-Ex1-3B-lcwgs-1-2.2	2.0	9.0	22.0	45.0	55.0	57.0	42.0	55.0	83.0	121.0	143.0	170.0	287.0	384.0	534.0	718.0	992.0	1069.0	1281.0	1445.0	2137.0	3168.0	3986.0	1370.0	2.0
	17.0	18.0	19.0	20.0	21.0	22.0	23.0	24.0	25.0	26.0	27.0	28.0	29.0	30.0	31.0	32.0	33.0	34.0	35.0	36.0	37.0	38.0	39.0	40.0
Sin-CPnd_028-Ex1-12H-lcwgs-1-2.1	1.0	34.0	200.0	406.0	532.0	574.0	617.0	763.0	924.0	1166.0	1380.0	1966.0	2369.0	3255.0	4695.0	9037.0	14103.0	20092.0	30411.0	47597.0	46551.0	55793.0	59841.0	1885.0
	15.0	16.0	17.0	18.0	19.0	20.0	21.0	22.0	23.0	24.0	25.0	26.0	27.0	28.0	29.0	30.0	31.0	32.0	33.0	34.0	35.0	36.0	37.0	38.0	39.0	40.0
Sin-CPnd_028-Ex1-12H-lcwgs-1-2.2	6.0	60.0	298.0	745.0	1124.0	1202.0	1048.0	1110.0	1213.0	1499.0	1803.0	2483.0	3455.0	5305.0	7348.0	9748.0	11614.0	15229.0	18518.0	21054.0	23694.0	33413.0	48997.0	67008.0	26090.0	128.0
	19.0	20.0	21.0	22.0	23.0	24.0	25.0	26.0	27.0	28.0	29.0	30.0	31.0	32.0	33.0	34.0	35.0	36.0	37.0	38.0	39.0	40.0
Sin-CPnd_029-Ex1-4D-lcwgs-1-2.1	4.0	10.0	13.0	16.0	24.0	30.0	32.0	44.0	56.0	70.0	105.0	166.0	245.0	438.0	819.0	1251.0	1914.0	2914.0	2518.0	1923.0	1445.0	29.0
	17.0	18.0	19.0	20.0	21.0	22.0	23.0	24.0	25.0	26.0	27.0	28.0	29.0	30.0	31.0	32.0	33.0	34.0	35.0	36.0	37.0	38.0	39.0	40.0
Sin-CPnd_029-Ex1-4D-lcwgs-1-2.2	9.0	33.0	32.0	47.0	42.0	43.0	62.0	57.0	93.0	144.0	236.0	420.0	593.0	761.0	859.0	997.0	1009.0	1088.0	1215.0	1550.0	1871.0	2138.0	761.0	6.0
	19.0	20.0	21.0	22.0	23.0	24.0	25.0	26.0	27.0	28.0	29.0	30.0	31.0	32.0	33.0	34.0	35.0	36.0	37.0	38.0	39.0	40.0
Sin-CPnd_031-Ex1-3G-lcwgs-1-2.1	2.0	3.0	8.0	14.0	14.0	29.0	20.0	33.0	41.0	51.0	83.0	101.0	143.0	206.0	381.0	597.0	861.0	1597.0	2461.0	2890.0	2669.0	49.0
	16.0	17.0	18.0	19.0	20.0	21.0	22.0	23.0	24.0	25.0	26.0	27.0	28.0	29.0	30.0	31.0	32.0	33.0	34.0	35.0	36.0	37.0	38.0	39.0	40.0
Sin-CPnd_031-Ex1-3G-lcwgs-1-2.2	1.0	3.0	17.0	28.0	39.0	31.0	35.0	35.0	57.0	84.0	102.0	144.0	260.0	350.0	515.0	545.0	694.0	879.0	924.0	1025.0	1434.0	1952.0	2393.0	697.0	9.0
	18.0	19.0	20.0	21.0	22.0	23.0	24.0	25.0	26.0	27.0	28.0	29.0	30.0	31.0	32.0	33.0	34.0	35.0	36.0	37.0	38.0	39.0	40.0
Sin-CPnd_032-Ex1-3E-lcwgs-1-2.1	1.0	5.0	12.0	14.0	35.0	30.0	61.0	56.0	79.0	88.0	113.0	136.0	180.0	252.0	367.0	560.0	916.0	1298.0	2636.0	4122.0	5612.0	5569.0	118.0
	16.0	17.0	18.0	19.0	20.0	21.0	22.0	23.0	24.0	25.0	26.0	27.0	28.0	29.0	30.0	31.0	32.0	33.0	34.0	35.0	36.0	37.0	38.0	39.0	40.0
Sin-CPnd_032-Ex1-3E-lcwgs-1-2.2	2.0	19.0	34.0	62.0	66.0	70.0	79.0	80.0	130.0	138.0	210.0	303.0	477.0	544.0	790.0	976.0	1347.0	1659.0	1841.0	2063.0	2617.0	3384.0	4021.0	1338.0	10.0
	19.0	20.0	21.0	22.0	23.0	24.0	25.0	26.0	27.0	28.0	29.0	30.0	31.0	32.0	33.0	34.0	35.0	36.0	37.0	38.0	39.0	40.0
Sin-CPnd_033-Ex1-1B-lcwgs-1-2.1	2.0	4.0	7.0	14.0	10.0	23.0	23.0	18.0	30.0	30.0	47.0	56.0	56.0	113.0	218.0	286.0	430.0	801.0	1374.0	1328.0	666.0	6.0
	16.0	17.0	18.0	19.0	20.0	21.0	22.0	23.0	24.0	25.0	26.0	27.0	28.0	29.0	30.0	31.0	32.0	33.0	34.0	35.0	36.0	37.0	38.0	39.0	40.0
Sin-CPnd_033-Ex1-1B-lcwgs-1-2.2	2.0	5.0	4.0	16.0	13.0	14.0	15.0	15.0	22.0	28.0	35.0	57.0	97.0	139.0	182.0	242.0	407.0	489.0	471.0	423.0	555.0	762.0	1004.0	533.0	12.0
	17.0	18.0	19.0	20.0	21.0	22.0	23.0	24.0	25.0	26.0	27.0	28.0	29.0	30.0	31.0	32.0	33.0	34.0	35.0	36.0	37.0	38.0	39.0	40.0
Sin-CPnd_034-Ex1-3C-lcwgs-1-2.1	1.0	0.0	2.0	13.0	14.0	30.0	27.0	37.0	52.0	53.0	73.0	94.0	138.0	160.0	237.0	350.0	568.0	914.0	1307.0	2651.0	3940.0	4847.0	4874.0	100.0
	15.0	16.0	17.0	18.0	19.0	20.0	21.0	22.0	23.0	24.0	25.0	26.0	27.0	28.0	29.0	30.0	31.0	32.0	33.0	34.0	35.0	36.0	37.0	38.0	39.0	40.0
Sin-CPnd_034-Ex1-3C-lcwgs-1-2.2	1.0	4.0	16.0	24.0	56.0	58.0	66.0	74.0	65.0	92.0	122.0	158.0	181.0	306.0	399.0	564.0	655.0	880.0	1145.0	1394.0	1551.0	2282.0	3485.0	5130.0	1764.0	10.0
	18.0	19.0	20.0	21.0	22.0	23.0	24.0	25.0	26.0	27.0	28.0	29.0	30.0	31.0	32.0	33.0	34.0	35.0	36.0	37.0	38.0	39.0	40.0
Sin-CPnd_035-Ex1-12D-lcwgs-1-2.1	21.0	140.0	278.0	354.0	474.0	535.0	779.0	787.0	971.0	1131.0	1551.0	1927.0	2713.0	3889.0	6798.0	11060.0	16211.0	26036.0	42779.0	42397.0	49888.0	53583.0	1859.0
	15.0	16.0	17.0	18.0	19.0	20.0	21.0	22.0	23.0	24.0	25.0	26.0	27.0	28.0	29.0	30.0	31.0	32.0	33.0	34.0	35.0	36.0	37.0	38.0	39.0	40.0
Sin-CPnd_035-Ex1-12D-lcwgs-1-2.2	4.0	46.0	255.0	668.0	876.0	901.0	892.0	922.0	969.0	1269.0	1602.0	2116.0	2927.0	4409.0	6129.0	8441.0	10410.0	13620.0	16526.0	18662.0	20799.0	28972.0	42687.0	59633.0	22253.0	173.0
	17.0	18.0	19.0	20.0	21.0	22.0	23.0	24.0	25.0	26.0	27.0	28.0	29.0	30.0	31.0	32.0	33.0	34.0	35.0	36.0	37.0	38.0	39.0	40.0
Sin-CPnd_038-Ex1-11C-lcwgs-1-2.1	1.0	12.0	68.0	165.0	246.0	301.0	416.0	499.0	547.0	724.0	900.0	1204.0	1494.0	1984.0	2754.0	4204.0	6620.0	11172.0	17821.0	35721.0	54171.0	53308.0	41757.0	1059.0
	15.0	16.0	17.0	18.0	19.0	20.0	21.0	22.0	23.0	24.0	25.0	26.0	27.0	28.0	29.0	30.0	31.0	32.0	33.0	34.0	35.0	36.0	37.0	38.0	39.0	40.0
Sin-CPnd_038-Ex1-11C-lcwgs-1-2.2	4.0	29.0	191.0	516.0	679.0	790.0	774.0	770.0	856.0	1093.0	1439.0	1946.0	2780.0	4405.0	6379.0	9297.0	11326.0	14380.0	16671.0	18217.0	20401.0	27061.0	36688.0	44918.0	15443.0	95.0
	17.0	18.0	19.0	20.0	21.0	22.0	23.0	24.0	25.0	26.0	27.0	28.0	29.0	30.0	31.0	32.0	33.0	34.0	35.0	36.0	37.0	38.0	39.0	40.0
Sin-CPnd_039-Ex1-10F-lcwgs-1-2.1	2.0	17.0	52.0	145.0	283.0	382.0	497.0	639.0	753.0	979.0	1175.0	1531.0	1878.0	2820.0	4032.0	7728.0	12702.0	18718.0	30203.0	46394.0	46563.0	54806.0	52469.0	1196.0
	16.0	17.0	18.0	19.0	20.0	21.0	22.0	23.0	24.0	25.0	26.0	27.0	28.0	29.0	30.0	31.0	32.0	33.0	34.0	35.0	36.0	37.0	38.0	39.0	40.0
Sin-CPnd_039-Ex1-10F-lcwgs-1-2.2	38.0	174.0	495.0	751.0	799.0	827.0	937.0	1003.0	1270.0	1534.0	2179.0	2988.0	4232.0	5917.0	8250.0	10309.0	14055.0	17512.0	20092.0	22478.0	32183.0	48285.0	65369.0	24114.0	173.0
	17.0	18.0	19.0	20.0	21.0	22.0	23.0	24.0	25.0	26.0	27.0	28.0	29.0	30.0	31.0	32.0	33.0	34.0	35.0	36.0	37.0	38.0	39.0	40.0
Sin-CPnd_040-Ex1-11E-lcwgs-1-2.1	2.0	14.0	68.0	162.0	208.0	291.0	386.0	460.0	548.0	664.0	859.0	1037.0	1374.0	1878.0	2526.0	3860.0	6361.0	10766.0	16594.0	33711.0	48972.0	47599.0	37556.0	931.0
	15.0	16.0	17.0	18.0	19.0	20.0	21.0	22.0	23.0	24.0	25.0	26.0	27.0	28.0	29.0	30.0	31.0	32.0	33.0	34.0	35.0	36.0	37.0	38.0	39.0	40.0
Sin-CPnd_040-Ex1-11E-lcwgs-1-2.2	8.0	31.0	200.0	456.0	628.0	677.0	628.0	655.0	792.0	965.0	1189.0	1758.0	2292.0	3381.0	5149.0	7355.0	8916.0	10761.0	12760.0	14607.0	17306.0	24666.0	36436.0	47285.0	17852.0	74.0
	17.0	18.0	19.0	20.0	21.0	22.0	23.0	24.0	25.0	26.0	27.0	28.0	29.0	30.0	31.0	32.0	33.0	34.0	35.0	36.0	37.0	38.0	39.0	40.0
Sin-CPnd_042-Ex1-10D-lcwgs-1-2.1	1.0	2.0	45.0	105.0	155.0	253.0	311.0	394.0	507.0	562.0	744.0	991.0	1240.0	1787.0	2622.0	4972.0	8057.0	12779.0	20338.0	30932.0	27428.0	25503.0	18424.0	370.0
	15.0	16.0	17.0	18.0	19.0	20.0	21.0	22.0	23.0	24.0	25.0	26.0	27.0	28.0	29.0	30.0	31.0	32.0	33.0	34.0	35.0	36.0	37.0	38.0	39.0	40.0
Sin-CPnd_042-Ex1-10D-lcwgs-1-2.2	2.0	30.0	144.0	301.0	391.0	475.0	428.0	478.0	558.0	719.0	967.0	1387.0	1959.0	3021.0	4279.0	5752.0	7088.0	8886.0	10593.0	11714.0	12930.0	17389.0	25187.0	31898.0	11830.0	116.0
	18.0	19.0	20.0	21.0	22.0	23.0	24.0	25.0	26.0	27.0	28.0	29.0	30.0	31.0	32.0	33.0	34.0	35.0	36.0	37.0	38.0	39.0	40.0
Sin-CPnd_043-Ex1-1C-lcwgs-1-2.1	1.0	12.0	42.0	69.0	93.0	113.0	147.0	155.0	196.0	255.0	341.0	369.0	506.0	673.0	1055.0	1450.0	2438.0	3656.0	7101.0	12318.0	17713.0	18056.0	393.0
	16.0	17.0	18.0	19.0	20.0	21.0	22.0	23.0	24.0	25.0	26.0	27.0	28.0	29.0	30.0	31.0	32.0	33.0	34.0	35.0	36.0	37.0	38.0	39.0	40.0
Sin-CPnd_043-Ex1-1C-lcwgs-1-2.2	2.0	33.0	112.0	190.0	223.0	246.0	246.0	269.0	331.0	412.0	523.0	641.0	937.0	1197.0	1677.0	2020.0	2932.0	4065.0	4784.0	5608.0	8197.0	11791.0	15469.0	5219.0	28.0
	18.0	19.0	20.0	21.0	22.0	23.0	24.0	25.0	26.0	27.0	28.0	29.0	30.0	31.0	32.0	33.0	34.0	35.0	36.0	37.0	38.0	39.0	40.0
Sin-CPnd_044-Ex1-2C-lcwgs-1-2.1	1.0	9.0	14.0	15.0	14.0	18.0	20.0	21.0	32.0	34.0	48.0	78.0	97.0	154.0	204.0	330.0	423.0	525.0	825.0	1074.0	752.0	513.0	11.0
	16.0	17.0	18.0	19.0	20.0	21.0	22.0	23.0	24.0	25.0	26.0	27.0	28.0	29.0	30.0	31.0	32.0	33.0	34.0	35.0	36.0	37.0	38.0	39.0	40.0
Sin-CPnd_044-Ex1-2C-lcwgs-1-2.2	2.0	16.0	37.0	67.0	61.0	37.0	39.0	33.0	46.0	54.0	77.0	96.0	131.0	192.0	238.0	253.0	311.0	352.0	331.0	381.0	508.0	782.0	873.0	292.0	3.0
	17.0	18.0	19.0	20.0	21.0	22.0	23.0	24.0	25.0	26.0	27.0	28.0	29.0	30.0	31.0	32.0	33.0	34.0	35.0	36.0	37.0	38.0	39.0	40.0
Sin-CPnd_045-Ex1-11H-lcwgs-1-2.1	12.0	135.0	971.0	2609.0	3853.0	5485.0	6655.0	8245.0	9327.0	11652.0	13870.0	17597.0	21659.0	28682.0	37537.0	54143.0	80529.0	131148.0	207896.0	412997.0	683527.0	1008440.0	1116484.0	33247.0
	15.0	16.0	17.0	18.0	19.0	20.0	21.0	22.0	23.0	24.0	25.0	26.0	27.0	28.0	29.0	30.0	31.0	32.0	33.0	34.0	35.0	36.0	37.0	38.0	39.0	40.0
Sin-CPnd_045-Ex1-11H-lcwgs-1-2.2	40.0	545.0	2792.0	7349.0	11251.0	13989.0	14125.0	14374.0	15331.0	18015.0	21340.0	27361.0	35174.0	48057.0	64501.0	89725.0	114229.0	156797.0	212028.0	258914.0	298069.0	435339.0	663626.0	984928.0	387596.0	1205.0
	18.0	19.0	20.0	21.0	22.0	23.0	24.0	25.0	26.0	27.0	28.0	29.0	30.0	31.0	32.0	33.0	34.0	35.0	36.0	37.0	38.0	39.0	40.0
Sin-CPnd_049-Ex1-4C-lcwgs-1-2.1	1.0	4.0	5.0	6.0	11.0	12.0	17.0	33.0	29.0	37.0	49.0	55.0	89.0	134.0	240.0	411.0	562.0	893.0	1521.0	1488.0	1268.0	1047.0	28.0
	17.0	18.0	19.0	20.0	21.0	22.0	23.0	24.0	25.0	26.0	27.0	28.0	29.0	30.0	31.0	32.0	33.0	34.0	35.0	36.0	37.0	38.0	39.0	40.0
Sin-CPnd_049-Ex1-4C-lcwgs-1-2.2	9.0	14.0	10.0	21.0	36.0	23.0	32.0	34.0	63.0	87.0	122.0	188.0	250.0	369.0	359.0	395.0	531.0	572.0	617.0	899.0	1250.0	1494.0	563.0	2.0
	16.0	17.0	18.0	19.0	20.0	21.0	22.0	23.0	24.0	25.0	26.0	27.0	28.0	29.0	30.0	31.0	32.0	33.0	34.0	35.0	36.0	37.0	38.0	39.0	40.0
Sin-CPnd_050-Ex1-9B-lcwgs-1-2.1	1.0	0.0	20.0	76.0	240.0	297.0	408.0	461.0	573.0	716.0	885.0	1102.0	1372.0	1741.0	2360.0	3340.0	5781.0	9415.0	13710.0	20262.0	38246.0	53150.0	48853.0	26710.0	575.0
	15.0	16.0	17.0	18.0	19.0	20.0	21.0	22.0	23.0	24.0	25.0	26.0	27.0	28.0	29.0	30.0	31.0	32.0	33.0	34.0	35.0	36.0	37.0	38.0	39.0	40.0
Sin-CPnd_050-Ex1-9B-lcwgs-1-2.2	1.0	42.0	178.0	488.0	664.0	658.0	641.0	707.0	743.0	1051.0	1335.0	1971.0	2938.0	4719.0	6623.0	9243.0	11238.0	14418.0	16853.0	17286.0	18287.0	24192.0	33572.0	43112.0	19066.0	268.0
	17.0	18.0	19.0	20.0	21.0	22.0	23.0	24.0	25.0	26.0	27.0	28.0	29.0	30.0	31.0	32.0	33.0	34.0	35.0	36.0	37.0	38.0	39.0	40.0
Sin-CPnd_051-Ex1-12G-lcwgs-1-2.1	2.0	26.0	141.0	305.0	381.0	460.0	621.0	714.0	812.0	939.0	1152.0	1588.0	2097.0	2986.0	4438.0	8124.0	13307.0	19424.0	30594.0	48439.0	44406.0	41086.0	34551.0	948.0
	15.0	16.0	17.0	18.0	19.0	20.0	21.0	22.0	23.0	24.0	25.0	26.0	27.0	28.0	29.0	30.0	31.0	32.0	33.0	34.0	35.0	36.0	37.0	38.0	39.0	40.0
Sin-CPnd_051-Ex1-12G-lcwgs-1-2.2	7.0	54.0	270.0	675.0	862.0	836.0	793.0	808.0	920.0	1175.0	1527.0	2324.0	3412.0	5108.0	7178.0	9959.0	12193.0	15562.0	18748.0	19668.0	20437.0	27189.0	38359.0	49675.0	19532.0	270.0
	18.0	19.0	20.0	21.0	22.0	23.0	24.0	25.0	26.0	27.0	28.0	29.0	30.0	31.0	32.0	33.0	34.0	35.0	36.0	37.0	38.0	39.0	40.0
Sin-CPnd_053-Ex1-9G-lcwgs-1-2.1	20.0	80.0	245.0	327.0	469.0	504.0	659.0	797.0	1049.0	1167.0	1566.0	2001.0	2778.0	3818.0	6666.0	10945.0	16186.0	23416.0	46282.0	65677.0	59088.0	32869.0	651.0
	15.0	16.0	17.0	18.0	19.0	20.0	21.0	22.0	23.0	24.0	25.0	26.0	27.0	28.0	29.0	30.0	31.0	32.0	33.0	34.0	35.0	36.0	37.0	38.0	39.0	40.0
Sin-CPnd_053-Ex1-9G-lcwgs-1-2.2	2.0	52.0	251.0	583.0	763.0	827.0	696.0	774.0	912.0	1193.0	1672.0	2444.0	3721.0	5962.0	8350.0	11556.0	14012.0	17454.0	20050.0	20885.0	22131.0	29139.0	40655.0	51410.0	21466.0	300.0
	17.0	18.0	19.0	20.0	21.0	22.0	23.0	24.0	25.0	26.0	27.0	28.0	29.0	30.0	31.0	32.0	33.0	34.0	35.0	36.0	37.0	38.0	39.0	40.0
Sin-CPnd_058-Ex1-9D-lcwgs-1-2.1	1.0	10.0	89.0	172.0	200.0	290.0	382.0	471.0	575.0	718.0	884.0	1096.0	1499.0	1989.0	2782.0	4710.0	7672.0	11414.0	17076.0	33219.0	46735.0	41813.0	24889.0	533.0
	15.0	16.0	17.0	18.0	19.0	20.0	21.0	22.0	23.0	24.0	25.0	26.0	27.0	28.0	29.0	30.0	31.0	32.0	33.0	34.0	35.0	36.0	37.0	38.0	39.0	40.0
Sin-CPnd_058-Ex1-9D-lcwgs-1-2.2	4.0	56.0	190.0	432.0	598.0	610.0	552.0	598.0	698.0	922.0	1248.0	1756.0	2544.0	4016.0	5821.0	7919.0	9314.0	11594.0	13519.0	14303.0	15635.0	21260.0	30613.0	39086.0	15752.0	179.0
	18.0	19.0	20.0	21.0	22.0	23.0	24.0	25.0	26.0	27.0	28.0	29.0	30.0	31.0	32.0	33.0	34.0	35.0	36.0	37.0	38.0	39.0	40.0
Sin-CPnd_061-Ex1-9A-lcwgs-1-2.1	14.0	59.0	150.0	235.0	346.0	437.0	519.0	675.0	807.0	959.0	1226.0	1533.0	2160.0	2993.0	5171.0	8505.0	12482.0	18430.0	35336.0	49278.0	46250.0	32182.0	699.0
	15.0	16.0	17.0	18.0	19.0	20.0	21.0	22.0	23.0	24.0	25.0	26.0	27.0	28.0	29.0	30.0	31.0	32.0	33.0	34.0	35.0	36.0	37.0	38.0	39.0	40.0
Sin-CPnd_061-Ex1-9A-lcwgs-1-2.2	3.0	40.0	175.0	451.0	599.0	683.0	701.0	670.0	834.0	1133.0	1500.0	2219.0	3395.0	5395.0	8031.0	10644.0	12227.0	14820.0	16463.0	17818.0	18894.0	24101.0	30661.0	36021.0	12843.0	125.0
	17.0	18.0	19.0	20.0	21.0	22.0	23.0	24.0	25.0	26.0	27.0	28.0	29.0	30.0	31.0	32.0	33.0	34.0	35.0	36.0	37.0	38.0	39.0	40.0
Sin-CPnd_062-Ex1-11D-lcwgs-1-2.1	1.0	16.0	88.0	158.0	265.0	332.0	395.0	512.0	582.0	730.0	964.0	1177.0	1518.0	2068.0	2667.0	4102.0	6390.0	10607.0	17235.0	35505.0	54302.0	53635.0	40113.0	946.0
	13.0	14.0	15.0	16.0	17.0	18.0	19.0	20.0	21.0	22.0	23.0	24.0	25.0	26.0	27.0	28.0	29.0	30.0	31.0	32.0	33.0	34.0	35.0	36.0	37.0	38.0	39.0	40.0
Sin-CPnd_062-Ex1-11D-lcwgs-1-2.2	1.0	0.0	0.0	53.0	208.0	530.0	657.0	735.0	688.0	689.0	826.0	1074.0	1309.0	1895.0	2621.0	4068.0	5827.0	8327.0	9746.0	12033.0	14511.0	16235.0	18435.0	25921.0	38280.0	50593.0	18912.0	134.0
	17.0	18.0	19.0	20.0	21.0	22.0	23.0	24.0	25.0	26.0	27.0	28.0	29.0	30.0	31.0	32.0	33.0	34.0	35.0	36.0	37.0	38.0	39.0	40.0
Sin-CPnd_063-Ex1-9F-lcwgs-1-2.1	1.0	9.0	65.0	177.0	233.0	308.0	416.0	506.0	573.0	784.0	867.0	1153.0	1495.0	2214.0	2999.0	5322.0	8881.0	13105.0	18153.0	36039.0	49630.0	43462.0	26263.0	565.0
	15.0	16.0	17.0	18.0	19.0	20.0	21.0	22.0	23.0	24.0	25.0	26.0	27.0	28.0	29.0	30.0	31.0	32.0	33.0	34.0	35.0	36.0	37.0	38.0	39.0	40.0
Sin-CPnd_063-Ex1-9F-lcwgs-1-2.2	1.0	33.0	172.0	421.0	595.0	605.0	561.0	670.0	725.0	907.0	1215.0	1768.0	2466.0	3875.0	5531.0	7845.0	9481.0	12215.0	13814.0	15226.0	16746.0	22813.0	33845.0	43987.0	17502.0	201.0
	16.0	17.0	18.0	19.0	20.0	21.0	22.0	23.0	24.0	25.0	26.0	27.0	28.0	29.0	30.0	31.0	32.0	33.0	34.0	35.0	36.0	37.0	38.0	39.0	40.0
Sin-CPnd_065-Ex1-11B-lcwgs-1-2.1	1.0	1.0	16.0	105.0	205.0	315.0	380.0	441.0	644.0	731.0	866.0	1028.0	1311.0	1769.0	2247.0	3029.0	4756.0	7515.0	12560.0	19835.0	40466.0	61559.0	58575.0	40999.0	982.0
	15.0	16.0	17.0	18.0	19.0	20.0	21.0	22.0	23.0	24.0	25.0	26.0	27.0	28.0	29.0	30.0	31.0	32.0	33.0	34.0	35.0	36.0	37.0	38.0	39.0	40.0
Sin-CPnd_065-Ex1-11B-lcwgs-1-2.2	6.0	43.0	203.0	555.0	696.0	783.0	755.0	805.0	870.0	1146.0	1430.0	1992.0	2893.0	4434.0	6519.0	9278.0	11392.0	14623.0	17754.0	18742.0	20485.0	27830.0	40317.0	53161.0	23401.0	223.0
	18.0	19.0	20.0	21.0	22.0	23.0	24.0	25.0	26.0	27.0	28.0	29.0	30.0	31.0	32.0	33.0	34.0	35.0	36.0	37.0	38.0	39.0	40.0
Sin-CPnd_067-Ex1-9C-lcwgs-1-2.1	9.0	66.0	163.0	242.0	299.0	389.0	494.0	541.0	724.0	845.0	1114.0	1379.0	1919.0	2687.0	4865.0	8195.0	12088.0	17366.0	32993.0	45821.0	41091.0	25609.0	605.0
	15.0	16.0	17.0	18.0	19.0	20.0	21.0	22.0	23.0	24.0	25.0	26.0	27.0	28.0	29.0	30.0	31.0	32.0	33.0	34.0	35.0	36.0	37.0	38.0	39.0	40.0
Sin-CPnd_067-Ex1-9C-lcwgs-1-2.2	1.0	34.0	172.0	394.0	555.0	603.0	564.0	656.0	739.0	948.0	1217.0	1784.0	2610.0	4259.0	6497.0	9104.0	10994.0	13962.0	15302.0	15699.0	16674.0	21681.0	28133.0	33980.0	12822.0	120.0
	17.0	18.0	19.0	20.0	21.0	22.0	23.0	24.0	25.0	26.0	27.0	28.0	29.0	30.0	31.0	32.0	33.0	34.0	35.0	36.0	37.0	38.0	39.0	40.0
Sin-CPnd_074-Ex1-12A-lcwgs-1-2.1	1.0	35.0	106.0	232.0	261.0	376.0	440.0	538.0	655.0	766.0	953.0	1238.0	1670.0	2277.0	3443.0	6398.0	10285.0	14822.0	23550.0	35732.0	31672.0	30817.0	27885.0	884.0
	15.0	16.0	17.0	18.0	19.0	20.0	21.0	22.0	23.0	24.0	25.0	26.0	27.0	28.0	29.0	30.0	31.0	32.0	33.0	34.0	35.0	36.0	37.0	38.0	39.0	40.0
Sin-CPnd_074-Ex1-12A-lcwgs-1-2.2	3.0	50.0	224.0	554.0	697.0	727.0	622.0	700.0	787.0	994.0	1329.0	2033.0	2951.0	4897.0	6801.0	9368.0	10629.0	13276.0	14773.0	15847.0	16668.0	21098.0	26949.0	32027.0	10935.0	97.0
	17.0	18.0	19.0	20.0	21.0	22.0	23.0	24.0	25.0	26.0	27.0	28.0	29.0	30.0	31.0	32.0	33.0	34.0	35.0	36.0	37.0	38.0	39.0	40.0
Sin-CPnd_075-Ex1-11G-lcwgs-1-2.1	3.0	12.0	92.0	239.0	315.0	453.0	552.0	622.0	757.0	939.0	1139.0	1537.0	1966.0	2578.0	3475.0	5427.0	8415.0	14160.0	22679.0	47577.0	71994.0	68554.0	44670.0	958.0
	15.0	16.0	17.0	18.0	19.0	20.0	21.0	22.0	23.0	24.0	25.0	26.0	27.0	28.0	29.0	30.0	31.0	32.0	33.0	34.0	35.0	36.0	37.0	38.0	39.0	40.0
Sin-CPnd_075-Ex1-11G-lcwgs-1-2.2	2.0	52.0	286.0	622.0	808.0	865.0	861.0	916.0	960.0	1304.0	1642.0	2477.0	3466.0	5841.0	8064.0	11397.0	13759.0	17226.0	20360.0	21907.0	23898.0	32322.0	46202.0	59868.0	23749.0	259.0
	17.0	18.0	19.0	20.0	21.0	22.0	23.0	24.0	25.0	26.0	27.0	28.0	29.0	30.0	31.0	32.0	33.0	34.0	35.0	36.0	37.0	38.0	39.0	40.0
Sin-CPnd_076-Ex1-10E-lcwgs-1-2.1	1.0	8.0	72.0	176.0	287.0	458.0	602.0	709.0	846.0	963.0	1189.0	1685.0	2032.0	2864.0	4347.0	8006.0	12892.0	19736.0	31164.0	49696.0	49015.0	55369.0	54784.0	1315.0
	15.0	16.0	17.0	18.0	19.0	20.0	21.0	22.0	23.0	24.0	25.0	26.0	27.0	28.0	29.0	30.0	31.0	32.0	33.0	34.0	35.0	36.0	37.0	38.0	39.0	40.0
Sin-CPnd_076-Ex1-10E-lcwgs-1-2.2	3.0	40.0	195.0	487.0	720.0	912.0	871.0	902.0	1049.0	1374.0	1615.0	2286.0	3174.0	4608.0	6438.0	9197.0	11194.0	14397.0	17538.0	19896.0	22689.0	32759.0	49418.0	69411.0	26928.0	115.0
	18.0	19.0	20.0	21.0	22.0	23.0	24.0	25.0	26.0	27.0	28.0	29.0	30.0	31.0	32.0	33.0	34.0	35.0	36.0	37.0	38.0	39.0	40.0
Sin-CPnd_079-Ex1-9H-lcwgs-1-2.1	14.0	104.0	221.0	291.0	320.0	395.0	515.0	642.0	851.0	911.0	1286.0	1598.0	2242.0	3186.0	5503.0	9101.0	13110.0	18800.0	36240.0	49269.0	42593.0	26056.0	587.0
	14.0	15.0	16.0	17.0	18.0	19.0	20.0	21.0	22.0	23.0	24.0	25.0	26.0	27.0	28.0	29.0	30.0	31.0	32.0	33.0	34.0	35.0	36.0	37.0	38.0	39.0	40.0
Sin-CPnd_079-Ex1-9H-lcwgs-1-2.2	1.0	3.0	37.0	209.0	461.0	661.0	706.0	590.0	664.0	799.0	970.0	1304.0	1959.0	2664.0	4198.0	6012.0	8293.0	9970.0	11802.0	13520.0	15075.0	16542.0	23089.0	33132.0	42994.0	18051.0	129.0
	17.0	18.0	19.0	20.0	21.0	22.0	23.0	24.0	25.0	26.0	27.0	28.0	29.0	30.0	31.0	32.0	33.0	34.0	35.0	36.0	37.0	38.0	39.0	40.0
Sin-CPnd_080-Ex1-2E-lcwgs-1-2.1	1.0	0.0	0.0	7.0	18.0	29.0	30.0	33.0	35.0	39.0	49.0	54.0	81.0	92.0	106.0	171.0	311.0	442.0	623.0	1267.0	2037.0	2687.0	2643.0	56.0
	16.0	17.0	18.0	19.0	20.0	21.0	22.0	23.0	24.0	25.0	26.0	27.0	28.0	29.0	30.0	31.0	32.0	33.0	34.0	35.0	36.0	37.0	38.0	39.0	40.0
Sin-CPnd_080-Ex1-2E-lcwgs-1-2.2	2.0	9.0	18.0	22.0	30.0	35.0	39.0	33.0	45.0	66.0	105.0	164.0	263.0	312.0	416.0	498.0	629.0	773.0	978.0	983.0	1168.0	1543.0	2021.0	652.0	7.0
	17.0	18.0	19.0	20.0	21.0	22.0	23.0	24.0	25.0	26.0	27.0	28.0	29.0	30.0	31.0	32.0	33.0	34.0	35.0	36.0	37.0	38.0	39.0	40.0
Sin-CPnd_081-Ex1-10G-lcwgs-1-2.1	1.0	11.0	70.0	189.0	310.0	448.0	517.0	702.0	810.0	1035.0	1273.0	1756.0	2191.0	3059.0	4692.0	8644.0	14202.0	21100.0	34141.0	52914.0	52284.0	56398.0	47664.0	991.0
	15.0	16.0	17.0	18.0	19.0	20.0	21.0	22.0	23.0	24.0	25.0	26.0	27.0	28.0	29.0	30.0	31.0	32.0	33.0	34.0	35.0	36.0	37.0	38.0	39.0	40.0
Sin-CPnd_081-Ex1-10G-lcwgs-1-2.2	2.0	51.0	222.0	541.0	775.0	902.0	863.0	896.0	1033.0	1304.0	1732.0	2430.0	3507.0	5545.0	7485.0	10381.0	12806.0	17134.0	20975.0	22471.0	24626.0	33914.0	48211.0	63029.0	24283.0	284.0
	17.0	18.0	19.0	20.0	21.0	22.0	23.0	24.0	25.0	26.0	27.0	28.0	29.0	30.0	31.0	32.0	33.0	34.0	35.0	36.0	37.0	38.0	39.0	40.0
Sin-CPnd_085-Ex1-4H-lcwgs-1-2.1	2.0	3.0	46.0	106.0	176.0	269.0	311.0	401.0	451.0	574.0	676.0	848.0	1057.0	1419.0	1954.0	2873.0	4575.0	6941.0	11206.0	20216.0	29592.0	48564.0	56307.0	1207.0
	15.0	16.0	17.0	18.0	19.0	20.0	21.0	22.0	23.0	24.0	25.0	26.0	27.0	28.0	29.0	30.0	31.0	32.0	33.0	34.0	35.0	36.0	37.0	38.0	39.0	40.0
Sin-CPnd_085-Ex1-4H-lcwgs-1-2.2	2.0	20.0	133.0	403.0	568.0	696.0	709.0	747.0	739.0	880.0	1049.0	1334.0	1589.0	2253.0	2876.0	3918.0	5055.0	8084.0	11279.0	13767.0	16135.0	23388.0	34061.0	44968.0	15055.0	66.0
	18.0	19.0	20.0	21.0	22.0	23.0	24.0	25.0	26.0	27.0	28.0	29.0	30.0	31.0	32.0	33.0	34.0	35.0	36.0	37.0	38.0	39.0	40.0
Sin-CPnd_088-Ex1-2D-lcwgs-1-2.1	1.0	12.0	17.0	26.0	27.0	23.0	31.0	28.0	42.0	48.0	71.0	75.0	119.0	175.0	296.0	462.0	688.0	917.0	1428.0	1883.0	1201.0	706.0	12.0
	16.0	17.0	18.0	19.0	20.0	21.0	22.0	23.0	24.0	25.0	26.0	27.0	28.0	29.0	30.0	31.0	32.0	33.0	34.0	35.0	36.0	37.0	38.0	39.0	40.0
Sin-CPnd_088-Ex1-2D-lcwgs-1-2.2	5.0	11.0	62.0	78.0	71.0	55.0	41.0	53.0	47.0	68.0	99.0	156.0	257.0	371.0	476.0	580.0	612.0	610.0	612.0	647.0	826.0	958.0	1162.0	427.0	4.0
	18.0	19.0	20.0	21.0	22.0	23.0	24.0	25.0	26.0	27.0	28.0	29.0	30.0	31.0	32.0	33.0	34.0	35.0	36.0	37.0	38.0	39.0	40.0
Sin-CPnd_089-Ex1-9E-lcwgs-1-2.1	16.0	79.0	203.0	290.0	442.0	517.0	594.0	686.0	932.0	989.0	1417.0	1777.0	2365.0	3504.0	5745.0	9609.0	14234.0	20075.0	38578.0	54914.0	56593.0	45875.0	1259.0
	16.0	17.0	18.0	19.0	20.0	21.0	22.0	23.0	24.0	25.0	26.0	27.0	28.0	29.0	30.0	31.0	32.0	33.0	34.0	35.0	36.0	37.0	38.0	39.0	40.0
Sin-CPnd_089-Ex1-9E-lcwgs-1-2.2	44.0	207.0	491.0	744.0	782.0	715.0	845.0	930.0	1232.0	1455.0	2158.0	2916.0	4507.0	6183.0	8919.0	10922.0	13501.0	16067.0	17800.0	20354.0	28460.0	41954.0	56680.0	22696.0	131.0
	17.0	18.0	19.0	20.0	21.0	22.0	23.0	24.0	25.0	26.0	27.0	28.0	29.0	30.0	31.0	32.0	33.0	34.0	35.0	36.0	37.0	38.0	39.0	40.0
Sin-CPnd_090-Ex1-12F-lcwgs-1-2.1	1.0	59.0	445.0	1179.0	1563.0	2034.0	2483.0	2818.0	3207.0	3976.0	4657.0	5704.0	7153.0	9302.0	12855.0	20444.0	31410.0	46994.0	75633.0	128601.0	168427.0	288463.0	380545.0	12143.0
	15.0	16.0	17.0	18.0	19.0	20.0	21.0	22.0	23.0	24.0	25.0	26.0	27.0	28.0	29.0	30.0	31.0	32.0	33.0	34.0	35.0	36.0	37.0	38.0	39.0	40.0
Sin-CPnd_090-Ex1-12F-lcwgs-1-2.2	8.0	190.0	882.0	2652.0	4149.0	5052.0	4714.0	4884.0	5067.0	5755.0	6552.0	8317.0	10127.0	13411.0	17222.0	23873.0	32119.0	49322.0	69735.0	85643.0	100503.0	147588.0	215980.0	295579.0	100370.0	402.0
	18.0	19.0	20.0	21.0	22.0	23.0	24.0	25.0	26.0	27.0	28.0	29.0	30.0	31.0	32.0	33.0	34.0	35.0	36.0	37.0	38.0	39.0	40.0
Sin-CPnd_092-Ex1-11F-lcwgs-1-2.1	6.0	63.0	165.0	198.0	297.0	354.0	443.0	539.0	653.0	804.0	1091.0	1339.0	1898.0	2561.0	3889.0	6375.0	10743.0	17122.0	35568.0	51569.0	45948.0	30510.0	722.0
	15.0	16.0	17.0	18.0	19.0	20.0	21.0	22.0	23.0	24.0	25.0	26.0	27.0	28.0	29.0	30.0	31.0	32.0	33.0	34.0	35.0	36.0	37.0	38.0	39.0	40.0
Sin-CPnd_092-Ex1-11F-lcwgs-1-2.2	3.0	28.0	187.0	421.0	577.0	600.0	583.0	605.0	745.0	929.0	1178.0	1687.0	2308.0	3562.0	5084.0	7325.0	9020.0	11042.0	12890.0	14436.0	16691.0	23671.0	35337.0	46244.0	17585.0	119.0
	17.0	18.0	19.0	20.0	21.0	22.0	23.0	24.0	25.0	26.0	27.0	28.0	29.0	30.0	31.0	32.0	33.0	34.0	35.0	36.0	37.0	38.0	39.0	40.0
Sin-CPnd_093-Ex1-10C-lcwgs-1-2.1	2.0	9.0	65.0	144.0	210.0	343.0	385.0	521.0	560.0	722.0	919.0	1240.0	1556.0	2219.0	3359.0	6404.0	10849.0	15792.0	24683.0	38409.0	37095.0	42324.0	39788.0	907.0
	14.0	15.0	16.0	17.0	18.0	19.0	20.0	21.0	22.0	23.0	24.0	25.0	26.0	27.0	28.0	29.0	30.0	31.0	32.0	33.0	34.0	35.0	36.0	37.0	38.0	39.0	40.0
Sin-CPnd_093-Ex1-10C-lcwgs-1-2.2	1.0	3.0	27.0	159.0	408.0	587.0	683.0	715.0	715.0	832.0	1062.0	1333.0	1827.0	2646.0	4059.0	5862.0	8475.0	10493.0	13640.0	16132.0	17702.0	19512.0	26326.0	35946.0	44149.0	15115.0	96.0
	17.0	18.0	19.0	20.0	21.0	22.0	23.0	24.0	25.0	26.0	27.0	28.0	29.0	30.0	31.0	32.0	33.0	34.0	35.0	36.0	37.0	38.0	39.0	40.0
Sin-CPnd_094-Ex1-3H-lcwgs-1-2.1	1.0	9.0	91.0	282.0	517.0	831.0	941.0	1179.0	1329.0	1613.0	1979.0	2420.0	2931.0	4022.0	5326.0	7746.0	11476.0	18200.0	29567.0	54930.0	92768.0	161935.0	187109.0	3638.0
	15.0	16.0	17.0	18.0	19.0	20.0	21.0	22.0	23.0	24.0	25.0	26.0	27.0	28.0	29.0	30.0	31.0	32.0	33.0	34.0	35.0	36.0	37.0	38.0	39.0	40.0
Sin-CPnd_094-Ex1-3H-lcwgs-1-2.2	4.0	62.0	348.0	974.0	1602.0	2169.0	2125.0	2130.0	2136.0	2641.0	3024.0	3670.0	4573.0	5883.0	7402.0	10279.0	14100.0	22300.0	33614.0	41980.0	49733.0	73994.0	108576.0	148362.0	49012.0	147.0
	18.0	19.0	20.0	21.0	22.0	23.0	24.0	25.0	26.0	27.0	28.0	29.0	30.0	31.0	32.0	33.0	34.0	35.0	36.0	37.0	38.0	39.0	40.0
Sin-CPnd_095-Ex1-2B-lcwgs-1-2.1	6.0	31.0	107.0	136.0	162.0	227.0	269.0	356.0	418.0	535.0	681.0	874.0	1195.0	1590.0	2571.0	4123.0	5915.0	8607.0	15977.0	23950.0	23190.0	21986.0	527.0
	13.0	14.0	15.0	16.0	17.0	18.0	19.0	20.0	21.0	22.0	23.0	24.0	25.0	26.0	27.0	28.0	29.0	30.0	31.0	32.0	33.0	34.0	35.0	36.0	37.0	38.0	39.0	40.0
Sin-CPnd_095-Ex1-2B-lcwgs-1-2.2	1.0	0.0	1.0	12.0	70.0	191.0	342.0	357.0	382.0	412.0	466.0	631.0	759.0	1074.0	1505.0	2261.0	3156.0	4176.0	4979.0	5736.0	6659.0	7687.0	8577.0	12014.0	17786.0	25385.0	8783.0	31.0
	12.0	13.0	14.0	15.0	16.0	17.0	18.0	19.0	20.0	21.0	22.0	23.0	24.0	25.0	26.0	27.0	28.0	29.0	30.0	31.0	32.0	33.0	34.0	35.0	36.0	37.0	38.0	39.0	40.0
Undetermined.1	6.0	24.0	60.0	158.0	750.0	22158.0	479528.0	3067304.0	6414380.0	4920365.0	3066908.0	2309632.0	2203242.0	2261422.0	2643858.0	3091859.0	3965503.0	5016146.0	7020750.0	9972936.0	15530327.0	21110287.0	27052438.0	34355048.0	44346040.0	39054389.0	30058773.0	18594162.0	451720.0
	4.0	5.0	6.0	7.0	8.0	9.0	10.0	11.0	12.0	13.0	14.0	15.0	16.0	17.0	18.0	19.0	20.0	21.0	22.0	23.0	24.0	25.0	26.0	27.0	28.0	29.0	30.0	31.0	32.0	33.0	34.0	35.0	36.0	37.0	38.0	39.0	40.0
Undetermined.2	18.0	78.0	235.0	516.0	915.0	1555.0	2284.0	2908.0	3686.0	4758.0	6318.0	42081.0	432801.0	1950444.0	5447678.0	7943838.0	6331470.0	3497045.0	2595968.0	2447967.0	2784481.0	3243093.0	4315585.0	5950981.0	8976602.0	12210521.0	15990462.0	18541199.0	22234577.0	23084270.0	21505308.0	19720121.0	22682882.0	27759391.0	32446529.0	14525644.0	325964.0

