Sample	1	2	3	4	5	6	7	8	9	10	11	12	13	14	15	16	17	18	19	20	21	22	23	24	25	26	27	28	29	30	31	32	33	34	35	36	37	38	39	40	41	42	43	44	45	46	47	48	49	50	51	52	53	54	55	56	57	58	59	60	61	62	63	64	65	66	67	68	69	70	71	72	73	74	75	76	77	78	79	80	81	82	83	84	85	86	87	88	89	90	91	92	93	94	95	96	97	98	99	100	101	102	103	104	105	106	107	108	109	110	111	112	113	114	115	116	117	118	119	120	121	122	123	124	125	126	127	128	129	130	131	132	133	134	135	136	137	138	139	140	141	142	143	144	145	146	147	148	149	150
Sin-APnd_001-Ex1-6G-lcwgs-1-2	39.0617	39.2201	39.2825	39.3026	39.359	39.3821	39.352	39.3649	39.3948	39.3561	39.3511	39.3342	39.3502	39.3447	39.2937	39.3866	39.374	39.387	39.3814	39.3645	39.3745	39.35	39.374	39.3599	39.3567	39.2186	39.2192	39.1793	39.1985	39.1875	39.2023	39.185	39.1455	39.192	39.1655	39.167	39.1606	39.1622	39.1707	39.1602	39.1664	39.1565	39.1635	39.1474	39.1075	39.1428	39.1349	39.1197	39.1073	39.0938	39.0767	39.083	39.0901	39.0476	39.0854	39.0885	39.0691	39.0164	39.0517	39.0494	38.9931	39.038	39.0135	39.0067	38.9873	38.9769	38.8881	38.9563	38.8883	38.9139	38.8872	38.8549	38.84	38.8179	38.7614	38.699	38.7209	38.6952	38.6523	38.5803	38.5625	38.5178	38.4629	38.3979	38.3363	38.2454	38.1997	38.1247	38.0465	37.9482	37.8388	37.7252	37.6193	37.4811	37.3104	37.1666	37.0072	36.7874	36.5839	36.3771	36.1595	35.8578	35.6635	35.3885	35.1495	34.9482	34.7261	34.5629	34.3538	34.12	33.9715	33.783	33.6199	33.3803	33.1185	32.8276	32.6406	32.4233	32.1926	31.8796	31.6578	31.4512	31.2363	31.0135	30.788	30.5218	30.3681	30.2229	30.0639	30.0712	29.8913	29.5509	29.3467	29.4087	29.0364	28.9768	28.86	28.8375	28.7697	28.6405	28.4997	28.2938	28.3326	28.1069	28.0462	28.0308	28.1582	28.4257	29.2647	32.5487
Sin-APnd_002-Ex1-3G-lcwgs-1-2	39.0467	39.1949	39.2649	39.2908	39.3521	39.3722	39.3555	39.3683	39.4027	39.3813	39.3823	39.3689	39.3873	39.3777	39.3259	39.4093	39.3987	39.4135	39.4124	39.401	39.4074	39.3848	39.409	39.4022	39.3991	39.2681	39.2664	39.2273	39.2448	39.2358	39.2504	39.2368	39.1988	39.2429	39.2182	39.2186	39.217	39.2166	39.2224	39.2145	39.2162	39.2108	39.2179	39.2026	39.1631	39.2003	39.1944	39.1789	39.1701	39.1584	39.1435	39.1475	39.1546	39.1138	39.1498	39.1522	39.1396	39.0928	39.1258	39.1244	39.0706	39.1158	39.0987	39.0917	39.0746	39.0642	38.9795	39.0504	38.987	39.0125	38.9891	38.9596	38.9465	38.9309	38.8752	38.818	38.8481	38.8234	38.7855	38.7187	38.7093	38.6725	38.6239	38.5642	38.5085	38.4249	38.3805	38.3129	38.2405	38.1494	38.0449	37.9362	37.8266	37.6927	37.5253	37.374	37.2128	36.9846	36.7766	36.5609	36.3325	36.0291	35.8258	35.5437	35.298	35.1022	34.8674	34.6998	34.49	34.2591	34.0964	33.9111	33.7463	33.5112	33.2557	32.9878	32.794	32.5862	32.3562	32.0483	31.8154	31.6167	31.4266	31.2093	30.976	30.7307	30.5748	30.4272	30.2973	30.3068	30.1167	29.8009	29.5782	29.6544	29.2816	29.2405	29.117	29.0886	29.0106	28.8995	28.7461	28.5436	28.5909	28.3518	28.2753	28.2338	28.3567	28.6173	29.4039	32.6208
Sin-APnd_003-Ex1-3H-lcwgs-1-2	39.0079	39.1751	39.2501	39.2778	39.3416	39.3616	39.3434	39.3581	39.3933	39.3723	39.3712	39.3594	39.3778	39.3688	39.3155	39.3992	39.3877	39.4031	39.4045	39.3907	39.3976	39.3752	39.4008	39.3938	39.3889	39.2531	39.2493	39.2086	39.2278	39.2177	39.232	39.22	39.1819	39.2259	39.2014	39.2033	39.2001	39.1991	39.2053	39.199	39.201	39.1955	39.2019	39.1872	39.1469	39.181	39.177	39.1625	39.1533	39.1425	39.1287	39.1327	39.1382	39.0967	39.1336	39.1361	39.1217	39.0741	39.11	39.1076	39.0527	39.0986	39.0793	39.0738	39.0566	39.0444	38.9596	39.0295	38.9651	38.9914	38.9675	38.9378	38.9257	38.9078	38.8521	38.7937	38.8233	38.7988	38.7604	38.6926	38.6821	38.6453	38.5977	38.5393	38.4821	38.3965	38.3544	38.2867	38.2126	38.1231	38.0166	37.9092	37.7991	37.6621	37.4971	37.3506	37.1853	36.9595	36.7571	36.5412	36.3179	36.0147	35.8129	35.5376	35.2979	35.1044	34.8788	34.7151	34.512	34.2823	34.132	33.9445	33.7933	33.5626	33.3	33.0443	32.8521	32.6512	32.4321	32.118	31.9002	31.6947	31.5054	31.2912	31.0679	30.8308	30.6821	30.5406	30.4206	30.4392	30.2586	29.9255	29.7291	29.8071	29.4346	29.3978	29.2961	29.2755	29.2014	29.0814	28.9445	28.7368	28.791	28.5778	28.4955	28.4548	28.5864	28.8138	29.5821	32.7297
Sin-APnd_004-Ex1-4A-lcwgs-1-2	39.0503	39.2326	39.3087	39.3278	39.3838	39.3966	39.3627	39.3764	39.4122	39.3832	39.3716	39.3632	39.3756	39.3731	39.3244	39.4074	39.3882	39.4022	39.4	39.3791	39.3881	39.367	39.3929	39.3789	39.3771	39.2417	39.2411	39.1982	39.2191	39.2097	39.2236	39.2034	39.1652	39.2122	39.1869	39.1916	39.1763	39.1822	39.189	39.1774	39.1837	39.1765	39.1805	39.1665	39.124	39.1549	39.1469	39.13	39.121	39.1053	39.0865	39.0901	39.0988	39.0575	39.0917	39.0961	39.0741	39.0203	39.0502	39.0505	38.9964	39.0377	39.0106	39.0024	38.9788	38.9757	38.8813	38.9467	38.8775	38.9026	38.8764	38.8479	38.8288	38.8005	38.7456	38.6796	38.6978	38.6783	38.6353	38.5611	38.5383	38.4928	38.4373	38.3716	38.3181	38.2271	38.184	38.1108	38.032	37.9329	37.8245	37.7145	37.6076	37.4772	37.3038	37.1664	37.0122	36.8026	36.6069	36.409	36.2005	35.9027	35.7218	35.4521	35.2178	35.0197	34.7935	34.6293	34.4073	34.16	34.0317	33.8451	33.6785	33.4416	33.1733	32.8414	32.6687	32.467	32.2599	31.953	31.7353	31.5366	31.3405	31.0971	30.8866	30.5817	30.4215	30.2812	30.144	30.1432	29.9692	29.6404	29.4356	29.482	29.1009	29.0399	28.9203	28.887	28.8171	28.7009	28.5496	28.3298	28.3677	28.1687	28.1138	28.0674	28.182	28.4519	29.2841	32.5757
Sin-APnd_005-Ex1-4B-lcwgs-1-2	39.0746	39.2359	39.3133	39.3278	39.3875	39.403	39.3802	39.3914	39.4235	39.3933	39.3906	39.3742	39.3919	39.381	39.3271	39.4109	39.3957	39.4105	39.4093	39.3946	39.4029	39.3791	39.4023	39.3907	39.3883	39.2562	39.2561	39.2157	39.2353	39.2224	39.2379	39.2196	39.183	39.226	39.201	39.2038	39.1944	39.196	39.2005	39.1921	39.1967	39.1896	39.1946	39.1783	39.1382	39.1748	39.1671	39.1515	39.1408	39.1263	39.1103	39.1148	39.1202	39.0778	39.114	39.116	39.0989	39.0478	39.0815	39.0774	39.0208	39.0651	39.0447	39.0365	39.017	39.0054	38.9163	38.9847	38.9179	38.9438	38.9171	38.8854	38.8711	38.8516	38.7955	38.7344	38.7607	38.7347	38.6937	38.627	38.6086	38.568	38.5183	38.4537	38.4005	38.3148	38.2708	38.203	38.1245	38.0306	37.9285	37.8206	37.7121	37.584	37.418	37.2778	37.124	36.906	36.7075	36.4986	36.2784	35.9817	35.7873	35.5113	35.2741	35.0709	34.8447	34.6796	34.4703	34.232	34.0712	33.8842	33.7168	33.4779	33.21	32.9282	32.7265	32.5214	32.2846	31.9767	31.7535	31.5423	31.3324	31.1024	30.8793	30.6248	30.4639	30.3316	30.1799	30.1878	30.0212	29.6728	29.4718	29.531	29.1682	29.1074	29.0202	28.9841	28.9058	28.7909	28.663	28.4516	28.5074	28.2653	28.1849	28.1391	28.2754	28.5246	29.3449	32.5913
Sin-APnd_006-Ex1-4C-lcwgs-1-2	39.0356	39.2141	39.2927	39.31	39.3729	39.3894	39.3659	39.3762	39.4099	39.3817	39.3796	39.3653	39.3848	39.3723	39.317	39.4005	39.3876	39.4039	39.4033	39.389	39.3962	39.3717	39.3969	39.3879	39.3846	39.2488	39.2464	39.2084	39.2269	39.2165	39.2293	39.2159	39.1764	39.2179	39.1929	39.1943	39.1909	39.1922	39.1966	39.1909	39.1924	39.1859	39.1931	39.1779	39.1387	39.1757	39.1692	39.1551	39.145	39.1327	39.1168	39.1218	39.1289	39.0863	39.124	39.1255	39.1107	39.0631	39.0974	39.0947	39.0388	39.0846	39.066	39.0591	39.0412	39.03	38.9452	39.0138	38.9486	38.9751	38.95	38.9198	38.9065	38.8882	38.8323	38.7751	38.8016	38.7755	38.7368	38.6683	38.654	38.6141	38.5652	38.5028	38.4454	38.3593	38.3185	38.2461	38.1748	38.0835	37.978	37.8735	37.7698	37.6385	37.4775	37.3407	37.1818	36.9658	36.7687	36.561	36.3468	36.0495	35.8567	35.5857	35.3459	35.1533	34.9328	34.7631	34.5672	34.3389	34.1774	33.9883	33.8271	33.597	33.3362	33.0705	32.8785	32.6715	32.4541	32.1304	31.9155	31.7083	31.5062	31.2891	31.0694	30.8273	30.6857	30.5407	30.3904	30.3956	30.217	29.8965	29.6946	29.7616	29.3884	29.3491	29.2343	29.2073	29.1354	28.9942	28.8718	28.6682	28.6977	28.4815	28.4068	28.3707	28.4926	28.7146	29.5028	32.6952
Sin-APnd_007-Ex1-4D-lcwgs-1-2	39.0672	39.243	39.3198	39.3374	39.3943	39.4128	39.3876	39.395	39.4269	39.4007	39.3945	39.3798	39.395	39.387	39.334	39.4162	39.4043	39.4183	39.417	39.4027	39.4099	39.3858	39.4091	39.3988	39.3957	39.2666	39.2647	39.2259	39.2448	39.2346	39.2469	39.2324	39.1934	39.2382	39.2106	39.2129	39.2075	39.2075	39.2127	39.204	39.2081	39.2013	39.2064	39.191	39.1509	39.1845	39.1773	39.1625	39.1511	39.1388	39.1229	39.125	39.1306	39.0889	39.1246	39.126	39.1097	39.0598	39.0931	39.0906	39.0349	39.077	39.0568	39.0477	39.0285	39.0164	38.9299	38.9971	38.9289	38.9544	38.9261	38.8953	38.8788	38.8582	38.8012	38.7382	38.7607	38.7327	38.6904	38.615	38.5962	38.5515	38.4964	38.4285	38.3653	38.2716	38.2226	38.1447	38.0638	37.9638	37.8528	37.7423	37.6303	37.4958	37.3268	37.1824	37.0247	36.8074	36.6099	36.4054	36.1919	35.8936	35.7049	35.4361	35.2039	35.0147	34.7903	34.6421	34.4505	34.2238	34.0778	33.8976	33.743	33.5202	33.2731	32.9994	32.8213	32.6186	32.4047	32.1043	31.8968	31.7037	31.5076	31.2898	31.0778	30.8406	30.6926	30.5582	30.4317	30.4409	30.2803	29.9575	29.7681	29.8404	29.4744	29.4306	29.3285	29.3164	29.246	29.1317	28.9991	28.7973	28.8341	28.6313	28.5558	28.5337	28.6665	28.9147	29.704	32.8482
Sin-APnd_008-Ex1-4E-lcwgs-1-2	39.0356	39.2155	39.2911	39.3136	39.3718	39.3891	39.3647	39.3731	39.4068	39.3781	39.3725	39.3586	39.3726	39.3645	39.3141	39.397	39.3832	39.3967	39.3952	39.3771	39.3863	39.3634	39.3889	39.3754	39.3717	39.2348	39.2352	39.1927	39.2134	39.2038	39.217	39.1981	39.1597	39.2041	39.1825	39.1838	39.1731	39.1745	39.1812	39.1705	39.1761	39.1671	39.1714	39.1559	39.1131	39.1477	39.1396	39.1233	39.1126	39.0975	39.0809	39.084	39.0906	39.0465	39.0821	39.0843	39.0663	39.0139	39.045	39.0417	38.9867	39.0289	39.0031	38.9965	38.9751	38.9669	38.8738	38.9427	38.8749	38.8992	38.8716	38.8389	38.8198	38.7967	38.7395	38.6764	38.6984	38.6717	38.6289	38.5559	38.5351	38.4897	38.435	38.3695	38.3066	38.2157	38.1683	38.0945	38.0131	37.9133	37.8037	37.6918	37.5848	37.4502	37.2796	37.1404	36.982	36.7615	36.5659	36.3645	36.1509	35.8538	35.6603	35.397	35.1587	34.9622	34.7409	34.5831	34.3716	34.1429	33.9912	33.8064	33.6465	33.4174	33.1625	32.8756	32.6941	32.4869	32.2704	31.9692	31.7436	31.5469	31.3563	31.1276	30.913	30.6601	30.5075	30.379	30.2359	30.2479	30.0741	29.7452	29.5551	29.6208	29.2651	29.2073	29.1025	29.0897	29.0167	28.8942	28.7578	28.5577	28.6006	28.3959	28.3218	28.2975	28.4377	28.6613	29.4764	32.7064
Sin-APnd_009-Ex1-4F-lcwgs-1-2	39.0772	39.2457	39.3191	39.3385	39.3952	39.4113	39.3882	39.3972	39.4289	39.4008	39.3971	39.3836	39.3984	39.3888	39.3363	39.419	39.4065	39.4189	39.4172	39.4026	39.4105	39.387	39.4097	39.3983	39.3955	39.2667	39.2662	39.2277	39.2455	39.2353	39.2476	39.2326	39.1927	39.2365	39.2101	39.2126	39.2048	39.2067	39.2132	39.205	39.2074	39.201	39.205	39.191	39.1494	39.184	39.1786	39.164	39.1529	39.1392	39.1234	39.1266	39.1323	39.0904	39.1277	39.128	39.1114	39.0617	39.0955	39.0938	39.04	39.0827	39.0618	39.0558	39.0345	39.0252	38.9376	39.0053	38.9381	38.9645	38.9403	38.9094	38.8952	38.8745	38.817	38.7554	38.7813	38.7565	38.7167	38.6458	38.6292	38.5886	38.5379	38.4732	38.4177	38.3303	38.2846	38.2136	38.1383	38.0429	37.9383	37.8294	37.7221	37.5909	37.4263	37.2834	37.1291	36.9123	36.7137	36.5119	36.2947	35.9971	35.8038	35.5312	35.2974	35.0998	34.875	34.7107	34.4992	34.2666	34.1055	33.9194	33.7548	33.5309	33.2664	32.9875	32.797	32.592	32.3678	32.0661	31.8374	31.6397	31.4357	31.2211	31.0049	30.749	30.6066	30.4627	30.3177	30.3342	30.1434	29.8173	29.6238	29.6748	29.311	29.2592	29.1477	29.1298	29.053	28.9302	28.7909	28.577	28.6268	28.403	28.3246	28.304	28.4179	28.6745	29.4921	32.7159
Sin-APnd_010-Ex1-4G-lcwgs-1-2	39.05	39.2328	39.3069	39.3247	39.3829	39.4009	39.3745	39.3859	39.4191	39.391	39.3827	39.3711	39.3876	39.3811	39.3297	39.4115	39.3966	39.4128	39.4114	39.3951	39.403	39.3795	39.4047	39.3931	39.3909	39.2592	39.258	39.2183	39.2378	39.2281	39.2422	39.2245	39.1868	39.2342	39.2073	39.2083	39.2019	39.2033	39.212	39.2027	39.2056	39.1989	39.2022	39.1883	39.147	39.1807	39.1736	39.1581	39.1486	39.1357	39.1194	39.1227	39.1307	39.0884	39.125	39.1275	39.1082	39.0578	39.0918	39.0898	39.0351	39.0775	39.0546	39.0475	39.0285	39.0204	38.9291	38.9981	38.9303	38.9557	38.9301	38.8999	38.8842	38.8612	38.8046	38.7441	38.7661	38.7424	38.7004	38.63	38.6111	38.5694	38.5164	38.4524	38.3968	38.3104	38.2633	38.1911	38.1138	38.0172	37.9099	37.8014	37.6919	37.5583	37.3909	37.2497	37.0896	36.8752	36.6763	36.473	36.2568	35.9588	35.7648	35.4965	35.2578	35.0617	34.8387	34.6749	34.4642	34.2294	34.0821	33.8982	33.7391	33.5072	33.2473	32.9378	32.7623	32.561	32.3463	32.0448	31.8315	31.6289	31.431	31.2036	30.9866	30.72	30.5684	30.433	30.2987	30.318	30.1385	29.8089	29.6109	29.6735	29.3003	29.2527	29.1381	29.1244	29.0462	28.9275	28.791	28.5817	28.633	28.4078	28.3387	28.305	28.4362	28.6851	29.4832	32.7005
Sin-APnd_011-Ex1-4H-lcwgs-1-2	39.0546	39.2203	39.294	39.3134	39.3714	39.3888	39.3676	39.3771	39.4069	39.3775	39.3696	39.3551	39.3689	39.3616	39.3117	39.3937	39.38	39.3941	39.3925	39.376	39.386	39.362	39.3854	39.3736	39.3702	39.2355	39.2346	39.1942	39.2136	39.2035	39.217	39.1984	39.1604	39.205	39.1813	39.1821	39.1733	39.1758	39.1817	39.1727	39.1769	39.1678	39.1723	39.1567	39.1153	39.1486	39.1418	39.1266	39.1161	39.1009	39.0844	39.0869	39.0931	39.0509	39.0861	39.0885	39.0702	39.0172	39.0489	39.0464	38.9919	39.0332	39.0105	39.0038	38.9825	38.9715	38.8811	38.9479	38.8809	38.9051	38.8786	38.8453	38.8282	38.8044	38.7462	38.6819	38.7052	38.6796	38.6349	38.5634	38.5425	38.5013	38.4438	38.3778	38.3176	38.2278	38.1813	38.1071	38.0283	37.9294	37.8201	37.7076	37.6	37.4633	37.2949	37.1513	36.9909	36.7739	36.5721	36.3675	36.1507	35.8483	35.6537	35.3791	35.1429	34.9431	34.7155	34.5499	34.3372	34.1	33.9473	33.7558	33.5874	33.3553	33.0901	32.8089	32.6157	32.4055	32.1756	31.8695	31.6438	31.4402	31.2331	31.0018	30.7825	30.5276	30.3717	30.2355	30.0858	30.0939	29.9103	29.5794	29.3805	29.4403	29.0823	29.0343	28.9264	28.9095	28.8274	28.7025	28.5799	28.3654	28.4176	28.2004	28.1208	28.0891	28.2337	28.4817	29.2946	32.5726
Sin-APnd_012-Ex1-5A-lcwgs-1-2	39.0557	39.2157	39.2809	39.3025	39.3552	39.3742	39.3412	39.3579	39.3895	39.3539	39.3459	39.3332	39.3461	39.3421	39.292	39.3811	39.3677	39.3806	39.3758	39.3582	39.3657	39.3416	39.3665	39.3539	39.3523	39.2135	39.2146	39.1741	39.1929	39.1827	39.1955	39.1783	39.1405	39.1841	39.1591	39.1629	39.1515	39.1554	39.1626	39.1527	39.1564	39.1499	39.1549	39.1407	39.1006	39.1338	39.1274	39.1108	39.1006	39.0859	39.0676	39.0717	39.0789	39.0391	39.0753	39.0791	39.0603	39.009	39.0421	39.0402	38.9841	39.0253	39.0024	38.994	38.974	38.9678	38.8783	38.9437	38.8772	38.9024	38.8769	38.8471	38.8301	38.8075	38.752	38.6888	38.712	38.6885	38.6459	38.5765	38.5578	38.5144	38.4605	38.3988	38.341	38.2515	38.2082	38.1386	38.0632	37.967	37.8619	37.7544	37.6529	37.5238	37.3584	37.2176	37.067	36.8593	36.6644	36.4652	36.2588	35.9649	35.7746	35.5152	35.2831	35.0914	34.869	34.7117	34.5022	34.262	34.1213	33.9471	33.7836	33.5591	33.299	32.9946	32.8218	32.611	32.3965	32.0868	31.8696	31.6681	31.477	31.2466	31.0443	30.7731	30.6191	30.4767	30.3377	30.3411	30.1759	29.832	29.6411	29.716	29.3533	29.2899	29.183	29.1459	29.0809	28.9678	28.836	28.6123	28.6739	28.4663	28.3905	28.377	28.506	28.74	29.5541	32.7674
Sin-APnd_013-Ex1-5B-lcwgs-1-2	39.0623	39.2172	39.285	39.3088	39.3629	39.3834	39.3535	39.3641	39.395	39.3588	39.3549	39.3356	39.35	39.3435	39.2912	39.3842	39.3703	39.3823	39.3765	39.3586	39.3691	39.3441	39.3672	39.3513	39.3478	39.208	39.2087	39.1666	39.1884	39.1779	39.1919	39.1713	39.1328	39.1763	39.1508	39.1571	39.1436	39.1469	39.1527	39.1439	39.1506	39.1435	39.15	39.1323	39.0911	39.1246	39.1171	39.1011	39.0916	39.0766	39.0605	39.0636	39.0717	39.0284	39.064	39.0662	39.0459	38.9921	39.0273	39.0226	38.9676	39.01	38.9853	38.9768	38.9549	38.9439	38.8526	38.9179	38.8484	38.8734	38.8452	38.8102	38.7924	38.7685	38.7083	38.6431	38.6623	38.6356	38.5896	38.5134	38.4907	38.442	38.3826	38.3126	38.249	38.1554	38.1044	38.0288	37.9454	37.8424	37.7305	37.6152	37.5063	37.3687	37.2001	37.0574	36.9006	36.6864	36.49	36.287	36.0742	35.7763	35.5799	35.3236	35.0866	34.8932	34.6721	34.5238	34.3223	34.0824	33.931	33.7547	33.5867	33.3656	33.0993	32.8055	32.6223	32.4019	32.1902	31.8815	31.6712	31.459	31.2659	31.0307	30.8148	30.5431	30.4023	30.2622	30.1138	30.1233	29.9517	29.6272	29.4271	29.4987	29.1356	29.0619	28.9626	28.9423	28.873	28.7678	28.6241	28.4309	28.4468	28.2417	28.1623	28.1304	28.2622	28.5263	29.3723	32.6392
Sin-APnd_014-Ex1-5C-lcwgs-1-2	39.0829	39.2296	39.296	39.3163	39.3671	39.3868	39.3562	39.3707	39.3989	39.3594	39.3539	39.3372	39.3519	39.3474	39.2955	39.3883	39.3735	39.3846	39.3786	39.3602	39.3698	39.3452	39.3687	39.3543	39.3511	39.2164	39.2171	39.175	39.1957	39.1827	39.1975	39.1773	39.1381	39.1838	39.1572	39.1602	39.1502	39.1554	39.1615	39.1535	39.1585	39.1501	39.155	39.1408	39.0993	39.134	39.1275	39.1117	39.1015	39.0853	39.0675	39.0716	39.0788	39.0372	39.0735	39.0768	39.0555	39.0017	39.0357	39.0342	38.9791	39.0199	38.9977	38.9889	38.9672	38.9585	38.8663	38.9322	38.8649	38.889	38.8611	38.829	38.8107	38.7864	38.7272	38.6647	38.6839	38.6563	38.6143	38.5414	38.5203	38.4755	38.4213	38.3511	38.2895	38.2027	38.1569	38.0838	38.0027	37.9037	37.7971	37.6831	37.5796	37.4457	37.2765	37.1338	36.9817	36.7706	36.5768	36.3737	36.1626	35.8636	35.6725	35.4068	35.1646	34.9741	34.7561	34.5914	34.3734	34.1299	33.9803	33.7963	33.6241	33.394	33.1166	32.8092	32.6228	32.4111	32.1799	31.8634	31.6383	31.4284	31.2126	30.9773	30.7489	30.4565	30.3065	30.1632	30.0101	29.9819	29.8069	29.4651	29.2528	29.3035	28.922	28.8467	28.7214	28.6943	28.6131	28.4863	28.3395	28.115	28.1466	27.9157	27.8462	27.8023	27.9438	28.2453	29.1202	32.4875
Sin-APnd_015-Ex1-5D-lcwgs-1-2	39.101	39.2449	39.311	39.3322	39.3835	39.4026	39.371	39.3867	39.4138	39.3791	39.3745	39.3595	39.3716	39.3656	39.3155	39.4067	39.3956	39.406	39.4003	39.3846	39.3918	39.3686	39.391	39.3789	39.3753	39.2451	39.2439	39.207	39.2257	39.215	39.2279	39.2101	39.1727	39.217	39.1894	39.1922	39.185	39.1865	39.191	39.1838	39.1886	39.1797	39.1863	39.1705	39.1317	39.1654	39.1571	39.1424	39.1321	39.1185	39.1013	39.1048	39.1129	39.0703	39.1063	39.1098	39.0919	39.0418	39.0735	39.0717	39.0172	39.0601	39.0368	39.0297	39.01	39.0008	38.914	38.9791	38.9137	38.9398	38.9138	38.8842	38.8693	38.8474	38.7915	38.731	38.7554	38.7296	38.6891	38.619	38.6042	38.5636	38.5121	38.4497	38.3905	38.3075	38.2672	38.196	38.1213	38.0254	37.9249	37.8156	37.7159	37.5899	37.4288	37.2926	37.1409	36.9339	36.7389	36.5392	36.3333	36.0399	35.8474	35.5865	35.351	35.1531	34.9328	34.7693	34.5604	34.3217	34.1705	33.9836	33.8174	33.5861	33.3251	33.0292	32.8506	32.6325	32.4116	32.0976	31.8787	31.6734	31.4574	31.2305	31.0111	30.7421	30.5871	30.4432	30.2934	30.2849	30.1017	29.7854	29.5671	29.6235	29.2617	29.195	29.0696	29.0292	28.9472	28.8287	28.6791	28.4728	28.4918	28.2792	28.2143	28.1792	28.3115	28.5681	29.395	32.6786
Sin-APnd_016-Ex1-5E-lcwgs-1-2	39.1016	39.2454	39.3108	39.335	39.3873	39.4059	39.377	39.3883	39.4165	39.3799	39.3731	39.3564	39.3674	39.3617	39.3135	39.4046	39.3916	39.4008	39.395	39.3755	39.3876	39.3628	39.3839	39.3674	39.3624	39.229	39.2303	39.1892	39.2105	39.1998	39.2132	39.1932	39.1538	39.1993	39.1754	39.1768	39.1652	39.1688	39.1746	39.1646	39.1719	39.1631	39.1664	39.1497	39.1071	39.1425	39.1339	39.119	39.1076	39.0914	39.0744	39.0761	39.0837	39.0401	39.0753	39.0787	39.0592	39.0038	39.0367	39.0349	38.9798	39.021	38.9973	38.9867	38.9642	38.9556	38.8632	38.9286	38.8614	38.886	38.8592	38.825	38.8072	38.7806	38.7216	38.6583	38.6787	38.6517	38.6088	38.5343	38.5108	38.463	38.4078	38.3412	38.2786	38.186	38.1395	38.0665	37.981	37.8825	37.7715	37.656	37.5496	37.4171	37.2474	37.1022	36.9451	36.733	36.5349	36.3352	36.124	35.8272	35.6337	35.3755	35.1374	34.941	34.7212	34.5574	34.3443	34.1011	33.958	33.7754	33.6032	33.3731	33.1086	32.8021	32.6205	32.3986	32.1795	31.8706	31.652	31.4518	31.2418	31.0039	30.788	30.5121	30.3505	30.2062	30.0576	30.0625	29.8673	29.5358	29.3377	29.386	29.019	28.9603	28.843	28.7925	28.7345	28.6017	28.4523	28.2572	28.267	28.0678	27.992	27.96	28.1136	28.3859	29.2594	32.6041
Sin-APnd_017-Ex1-5F-lcwgs-1-2	39.1054	39.2564	39.3228	39.3457	39.3953	39.4138	39.3874	39.3996	39.4278	39.3909	39.3848	39.369	39.3813	39.3752	39.3238	39.4139	39.4026	39.4113	39.4056	39.3881	39.3981	39.3731	39.3939	39.3797	39.377	39.2478	39.2481	39.2091	39.2279	39.2166	39.2294	39.2118	39.1707	39.2161	39.1904	39.1931	39.1831	39.1872	39.1947	39.1858	39.1897	39.1819	39.1861	39.1721	39.1299	39.1639	39.1567	39.1419	39.1318	39.1172	39.0975	39.1023	39.1098	39.0666	39.1029	39.1063	39.0862	39.0339	39.0678	39.0657	39.0101	39.0518	39.0303	39.0214	39.0	38.9928	38.9027	38.9681	38.9027	38.9269	38.8999	38.8682	38.8534	38.8296	38.7734	38.7101	38.7346	38.708	38.6667	38.5971	38.5758	38.5325	38.4775	38.4161	38.3578	38.2698	38.2274	38.1555	38.0781	37.9812	37.8751	37.7677	37.6638	37.5341	37.3685	37.2273	37.071	36.8617	36.6668	36.4622	36.2533	35.9603	35.7629	35.5019	35.2665	35.0733	34.8463	34.6786	34.4693	34.2293	34.0684	33.8827	33.7171	33.484	33.2188	32.933	32.7405	32.5301	32.3019	31.9822	31.7669	31.552	31.3461	31.112	30.8934	30.6253	30.4755	30.3339	30.1832	30.175	29.9935	29.6516	29.4473	29.5103	29.1534	29.0875	28.9905	28.9415	28.8748	28.7278	28.5954	28.3827	28.4281	28.2167	28.1409	28.0943	28.2399	28.4985	29.3656	32.6405
Sin-APnd_018-Ex1-5G-lcwgs-1-2	39.0833	39.2466	39.3147	39.3364	39.3907	39.4127	39.3859	39.3967	39.4254	39.3909	39.3864	39.3706	39.3861	39.3778	39.3266	39.4159	39.405	39.4181	39.4122	39.3985	39.4055	39.381	39.4032	39.3909	39.3864	39.2587	39.258	39.2209	39.2398	39.2284	39.2414	39.225	39.1861	39.2306	39.2044	39.2054	39.2014	39.2017	39.2092	39.1988	39.2034	39.1951	39.2006	39.1853	39.1458	39.1811	39.1752	39.16	39.1496	39.1358	39.1193	39.124	39.1304	39.0872	39.1232	39.1255	39.1095	39.0596	39.0915	39.0887	39.0337	39.0774	39.0548	39.0463	39.0274	39.0161	38.9284	38.9959	38.9289	38.9534	38.9256	38.8948	38.8781	38.8574	38.7993	38.7367	38.76	38.7339	38.6894	38.6172	38.5975	38.5531	38.4967	38.4294	38.3684	38.2751	38.226	38.1491	38.0676	37.9679	37.8529	37.7425	37.6356	37.4946	37.3268	37.181	37.0165	36.7977	36.5943	36.3869	36.1679	35.8671	35.663	35.401	35.1575	34.9625	34.7328	34.5749	34.3733	34.1324	33.9838	33.7945	33.6307	33.4003	33.1381	32.8654	32.6639	32.4462	32.2252	31.9139	31.6931	31.4781	31.2701	31.0434	30.8209	30.5632	30.419	30.2742	30.1221	30.1322	29.9415	29.6127	29.4002	29.4783	29.1138	29.0546	28.9466	28.9232	28.85	28.7056	28.5792	28.36	28.398	28.1849	28.1298	28.1063	28.237	28.4955	29.3437	32.6196
Sin-APnd_019-Ex1-5H-lcwgs-1-2	39.0679	39.2262	39.294	39.3159	39.3703	39.3891	39.3625	39.3731	39.4024	39.3672	39.36	39.3441	39.358	39.352	39.3018	39.3928	39.3797	39.39	39.3841	39.3674	39.3774	39.3531	39.3765	39.3611	39.3576	39.2214	39.223	39.1816	39.2018	39.1906	39.2035	39.185	39.1459	39.1912	39.1667	39.1684	39.157	39.1603	39.1676	39.1583	39.1634	39.1549	39.1588	39.144	39.1013	39.1345	39.1274	39.1122	39.102	39.0862	39.0687	39.072	39.0793	39.0354	39.0719	39.0744	39.0544	39.0009	39.0341	39.0313	38.9754	39.0175	38.9938	38.9854	38.9618	38.9524	38.8615	38.9271	38.859	38.883	38.8555	38.8215	38.8038	38.7791	38.7191	38.6556	38.6742	38.647	38.6027	38.5275	38.5066	38.461	38.4003	38.3307	38.268	38.1758	38.1288	38.0509	37.9674	37.868	37.7548	37.6414	37.5348	37.3999	37.229	37.0837	36.9285	36.7166	36.5177	36.3174	36.1069	35.8081	35.6156	35.3531	35.1195	34.9277	34.7076	34.5508	34.3469	34.1099	33.9581	33.7829	33.6224	33.3892	33.1334	32.8348	32.656	32.4442	32.2262	31.92	31.7044	31.5011	31.294	31.067	30.8426	30.5785	30.4358	30.304	30.1378	30.1496	29.9859	29.6448	29.4401	29.4967	29.1301	29.0682	28.965	28.9308	28.8567	28.728	28.5936	28.3893	28.4165	28.2157	28.1479	28.1151	28.2612	28.5408	29.3736	32.6675
Sin-APnd_020-Ex1-6A-lcwgs-1-2	39.0848	39.2358	39.2963	39.318	39.3692	39.3851	39.3444	39.3609	39.3946	39.3564	39.3456	39.3313	39.3396	39.3415	39.2935	39.3842	39.3675	39.3797	39.3712	39.3501	39.3624	39.3373	39.3613	39.3452	39.3417	39.2031	39.2049	39.1619	39.1841	39.1718	39.1845	39.16	39.1231	39.1714	39.1466	39.1532	39.1349	39.1427	39.1488	39.1363	39.1454	39.1351	39.1421	39.1295	39.0861	39.1192	39.1111	39.0931	39.0823	39.0635	39.0452	39.0506	39.0601	39.019	39.0564	39.0642	39.0407	38.9823	39.0146	39.014	38.9585	39.0029	38.9747	38.9661	38.9457	38.9416	38.8467	38.9098	38.8439	38.8684	38.842	38.8112	38.795	38.7694	38.7115	38.6473	38.6698	38.647	38.6062	38.5352	38.5157	38.4722	38.4197	38.3568	38.3035	38.2179	38.1826	38.1164	38.0367	37.9366	37.8385	37.7318	37.6273	37.5046	37.3319	37.1966	37.0461	36.8415	36.6449	36.4507	36.2467	35.9511	35.7655	35.5043	35.2712	35.066	34.8381	34.665	34.4417	34.1878	34.051	33.8667	33.6864	33.4456	33.1737	32.8027	32.6506	32.4374	32.2201	31.8934	31.6844	31.4791	31.2531	31.0069	30.7969	30.4624	30.2938	30.1305	29.991	29.9767	29.7974	29.4407	29.2288	29.2677	28.8815	28.7917	28.6444	28.616	28.5398	28.4145	28.2602	28.037	28.0629	27.8549	27.7804	27.7511	27.888	28.1614	29.0472	32.4721
Sin-APnd_021-Ex1-6B-lcwgs-1-2	39.0258	39.207	39.2736	39.2945	39.353	39.3707	39.3332	39.3485	39.3852	39.3463	39.3404	39.3233	39.3395	39.3366	39.2854	39.3788	39.36	39.3723	39.3662	39.3449	39.3575	39.3341	39.3611	39.3439	39.3393	39.192	39.1933	39.1494	39.1725	39.1602	39.1757	39.1529	39.1163	39.162	39.135	39.1429	39.1249	39.1288	39.1358	39.1259	39.1361	39.1269	39.1321	39.1169	39.0745	39.1082	39.0976	39.0802	39.0711	39.0534	39.0334	39.0409	39.0498	39.0074	39.0461	39.0485	39.0235	38.9684	39.0022	39.0002	38.9429	38.9875	38.9604	38.9535	38.9307	38.9238	38.8279	38.8943	38.8234	38.848	38.8208	38.788	38.771	38.7437	38.688	38.6219	38.6441	38.6187	38.5761	38.5009	38.4792	38.4334	38.3792	38.3105	38.2534	38.1631	38.1198	38.0494	37.9712	37.8681	37.7626	37.6516	37.5464	37.4147	37.2412	37.107	36.9528	36.7468	36.552	36.3551	36.1463	35.8527	35.6696	35.4046	35.1689	34.9715	34.7542	34.5925	34.3769	34.135	33.9984	33.8197	33.6567	33.4234	33.1614	32.8262	32.6512	32.4459	32.2314	31.9252	31.7176	31.5242	31.3086	31.0699	30.8634	30.5676	30.4142	30.2704	30.1365	30.1367	29.9644	29.6293	29.4352	29.4776	29.107	29.0322	28.9299	28.9008	28.8339	28.7306	28.5931	28.3665	28.3937	28.1933	28.1295	28.0891	28.2052	28.4674	29.3054	32.592
Sin-APnd_022-Ex1-6C-lcwgs-1-2	38.9997	39.1994	39.2703	39.2938	39.3516	39.374	39.3355	39.3491	39.3874	39.3494	39.3439	39.3267	39.3454	39.3419	39.2869	39.3822	39.3644	39.3762	39.3701	39.3506	39.3598	39.3366	39.364	39.3458	39.3435	39.1984	39.1984	39.1571	39.1774	39.1649	39.1787	39.158	39.1177	39.1656	39.1374	39.1432	39.128	39.1343	39.1402	39.1329	39.139	39.1305	39.136	39.1212	39.0802	39.1164	39.1055	39.0849	39.0765	39.0605	39.0409	39.046	39.0571	39.0144	39.0518	39.0526	39.0303	38.9734	39.0067	39.0063	38.9502	38.991	38.9667	38.9579	38.935	38.9251	38.8323	38.8969	38.8248	38.8521	38.8211	38.7899	38.7709	38.7433	38.6849	38.6186	38.6365	38.6089	38.5657	38.4881	38.4648	38.4193	38.3622	38.2878	38.2307	38.134	38.0877	38.0141	37.9335	37.8252	37.7148	37.6051	37.4962	37.3644	37.1837	37.0481	36.8915	36.6797	36.4807	36.2723	36.0666	35.7688	35.5758	35.3061	35.0699	34.8736	34.6483	34.4906	34.2758	34.0323	33.8848	33.6999	33.5211	33.2863	33.0188	32.696	32.5286	32.3152	32.0972	31.7751	31.5587	31.3523	31.1414	30.8968	30.6612	30.3923	30.2372	30.0901	29.9326	29.9258	29.7623	29.433	29.2019	29.2634	28.8892	28.7976	28.7034	28.6659	28.5687	28.4708	28.3043	28.1164	28.1455	27.9287	27.8549	27.8261	27.9508	28.2155	29.0584	32.4237
Sin-APnd_023-Ex1-6D-lcwgs-1-2	39.0594	39.2038	39.2804	39.3075	39.3579	39.3821	39.3486	39.3567	39.3835	39.3486	39.3494	39.333	39.3487	39.3425	39.2936	39.3855	39.373	39.3834	39.3778	39.3581	39.368	39.3462	39.3719	39.3585	39.3534	39.2102	39.2087	39.1692	39.19	39.1805	39.1939	39.1751	39.1357	39.1849	39.1575	39.1603	39.1505	39.1523	39.1578	39.1473	39.153	39.1449	39.1544	39.1374	39.0981	39.1314	39.1226	39.1087	39.0956	39.0813	39.0643	39.0693	39.0768	39.0352	39.0736	39.0751	39.0559	39.0036	39.0377	39.0356	38.9795	39.0244	39.0017	38.9944	38.9754	38.9655	38.8788	38.9424	38.877	38.9014	38.8756	38.8444	38.8289	38.8083	38.7508	38.6914	38.7147	38.6903	38.6521	38.5808	38.5654	38.52	38.4671	38.4069	38.3503	38.2649	38.2212	38.154	38.0786	37.9831	37.8778	37.7702	37.6685	37.5389	37.3833	37.2437	37.0901	36.8784	36.6846	36.4818	36.2756	35.9856	35.793	35.5283	35.3006	35.1013	34.8739	34.7137	34.5069	34.2693	34.1161	33.9374	33.7729	33.5427	33.2756	32.9866	32.8051	32.5939	32.3716	32.067	31.8562	31.6526	31.4382	31.2133	30.9933	30.7431	30.5806	30.4384	30.2884	30.2859	30.1189	29.8007	29.5941	29.6543	29.2749	29.2083	29.1158	29.0869	29.0047	28.896	28.7455	28.5396	28.5712	28.3646	28.2964	28.2713	28.3928	28.6485	29.4393	32.707
Sin-APnd_024-Ex1-6E-lcwgs-1-2	39.0545	39.2121	39.2883	39.3186	39.371	39.3971	39.3681	39.3754	39.4012	39.3677	39.3672	39.3476	39.3627	39.3559	39.3049	39.399	39.384	39.3967	39.3907	39.3695	39.3822	39.3567	39.3833	39.3682	39.3638	39.2241	39.225	39.1831	39.2035	39.1938	39.2082	39.1882	39.1477	39.1955	39.1714	39.1764	39.163	39.1659	39.1706	39.1597	39.1655	39.1591	39.165	39.1477	39.1048	39.142	39.1344	39.1193	39.1064	39.091	39.0748	39.0813	39.0878	39.0435	39.0807	39.0838	39.0657	39.0132	39.0465	39.0427	38.9852	39.0311	39.0076	39.0002	38.9784	38.969	38.8813	38.9459	38.8799	38.9064	38.8771	38.8431	38.8304	38.8079	38.7512	38.6926	38.7139	38.688	38.6455	38.5752	38.5576	38.5137	38.4598	38.3971	38.3366	38.2489	38.2045	38.1337	38.0539	37.9577	37.8508	37.7393	37.6375	37.506	37.3403	37.1976	37.0375	36.8191	36.621	36.4203	36.2089	35.9119	35.7126	35.4431	35.2103	35.0079	34.7788	34.6203	34.4046	34.1599	34.0105	33.8246	33.6488	33.4189	33.1511	32.867	32.6788	32.4691	32.2331	31.9151	31.6983	31.4874	31.2736	31.0523	30.83	30.5583	30.3951	30.2651	30.109	30.0976	29.9173	29.5918	29.3754	29.416	29.0701	29.0088	28.8895	28.8645	28.7814	28.6692	28.5105	28.3287	28.3538	28.1359	28.0786	28.0362	28.1894	28.4251	29.2583	32.563
Sin-APnd_025-Ex1-6F-lcwgs-1-2	39.1009	39.2525	39.3156	39.3354	39.3912	39.4135	39.3845	39.394	39.4216	39.3855	39.3829	39.366	39.3804	39.373	39.3196	39.412	39.3996	39.4124	39.4073	39.3902	39.3987	39.3733	39.3965	39.3833	39.3801	39.2476	39.247	39.2075	39.2263	39.2149	39.2284	39.2119	39.1728	39.2155	39.1901	39.1928	39.1852	39.1881	39.194	39.1841	39.1875	39.1794	39.1861	39.1707	39.1306	39.1668	39.1589	39.144	39.1321	39.118	39.1022	39.1085	39.1148	39.0729	39.1103	39.1114	39.094	39.0436	39.0787	39.0744	39.0191	39.0639	39.0442	39.0382	39.0159	39.0063	38.9193	38.9879	38.9193	38.9455	38.9189	38.8883	38.8754	38.8552	38.7983	38.7372	38.7621	38.7368	38.6957	38.627	38.6108	38.5692	38.5191	38.4561	38.3999	38.3133	38.2715	38.2001	38.1252	38.0305	37.928	37.8195	37.7124	37.5827	37.4223	37.281	37.1245	36.9079	36.7139	36.5064	36.2931	35.993	35.801	35.5309	35.2994	35.101	34.8727	34.7179	34.5132	34.2749	34.1225	33.9298	33.7612	33.5249	33.2596	32.9755	32.7921	32.5757	32.3456	32.0218	31.7974	31.6026	31.3736	31.1474	30.924	30.6715	30.5122	30.3617	30.2149	30.1961	30.0171	29.6734	29.4788	29.5236	29.1404	29.0892	28.9681	28.9391	28.8595	28.7276	28.585	28.3789	28.3888	28.1691	28.0919	28.086	28.2105	28.4914	29.3318	32.5998
Sin-CPnd_013-Ex1-4E-lcwgs-1-2	38.1087	38.6982	38.9845	39.1153	39.1136	39.2567	39.2576	39.1816	39.3433	39.3999	39.2833	39.2108	39.3106	39.2859	39.1953	39.4379	39.3124	39.2647	39.2452	39.2859	39.3283	39.2417	39.3195	39.1966	39.3495	39.148	39.2258	39.0358	39.1949	39.1215	39.1613	39.1206	39.2037	39.1146	39.1139	39.1436	39.0317	39.1339	39.1683	39.0362	39.2461	39.0531	39.1346	39.1136	39.1294	39.1652	39.1176	39.1611	39.1083	39.0721	39.1237	39.0399	39.0539	39.0224	39.0319	39.1057	39.0695	39.0218	39.1085	39.0137	38.9867	39.0965	39.0066	39.0838	38.9693	39.0569	38.938	38.9167	38.898	38.8591	38.959	38.8196	38.7742	38.7435	38.7773	38.6801	38.7706	38.71	38.7636	38.4926	38.4068	38.6376	38.486	38.4284	38.5268	38.3526	38.1581	37.9863	38.0775	37.7541	37.9697	37.6197	37.3785	37.3921	37.0425	37.2382	36.9691	36.6822	36.5174	36.1663	36.0079	35.6826	35.6936	35.0743	34.7791	34.6239	34.2485	34.372	34.077	33.5119	33.2277	33.3493	32.6224	32.7353	32.3227	31.8197	32.0739	31.5357	31.6231	30.7125	30.8489	30.4839	29.8235	29.8882	29.2142	29.2911	29.0427	29.3244	28.8765	28.6963	28.5768	28.4496	28.0312	27.9878	28.0643	27.8158	27.7716	27.4142	27.5872	27.2058	27.0618	27.5741	26.7865	27.5742	27.1121	26.9536	26.1958	27.4474	28.0228	31.9258
Sin-CPnd_015-Ex1-4A-lcwgs-1-2	38.6455	39.0289	39.2351	39.2291	39.3338	39.4149	39.3767	39.351	39.3786	39.308	39.4261	39.3652	39.3984	39.3528	39.291	39.4246	39.3827	39.3992	39.4044	39.4119	39.4492	39.4042	39.3554	39.4025	39.3693	39.2217	39.2628	39.2803	39.2374	39.2078	39.265	39.2467	39.2288	39.205	39.1931	39.1778	39.1718	39.2243	39.264	39.1667	39.1507	39.2277	39.2543	39.2298	39.1726	39.1566	39.2333	39.1873	39.196	39.1412	39.0936	39.1905	39.1642	39.1603	39.1338	39.2242	39.176	39.0876	39.1261	39.0838	39.0389	39.0914	39.0482	39.0128	39.0856	39.0701	38.987	39.0774	39.0586	39.0408	39.0349	38.9491	39.0324	38.9955	38.9194	38.8021	38.8714	38.85	38.8403	38.7475	38.7224	38.577	38.6483	38.5742	38.5218	38.4715	38.3995	38.337	38.2288	38.1877	37.9539	37.8386	37.7432	37.6403	37.4186	37.3733	37.0091	36.8043	36.6384	36.4686	35.9638	35.6364	35.4797	35.2189	34.7894	34.6752	34.3169	34.029	33.8393	33.6154	33.5493	33.2288	33.1163	32.7323	32.6634	32.3507	32.1704	31.7238	31.4667	31.2264	30.6275	30.5067	30.6176	30.1417	29.5738	29.8947	29.3679	29.7612	29.4546	29.4645	29.1067	28.5949	28.7182	28.7155	28.2873	27.8467	28.2771	28.2128	28.0226	27.5721	27.6595	27.2754	27.5083	27.3388	27.1207	27.0906	27.4875	27.618	28.4532	31.7811
Sin-CPnd_018-Ex1-11A-lcwgs-1-2	38.7649	39.133	39.27	39.3175	39.3936	39.4028	39.3944	39.4043	39.4425	39.4134	39.4297	39.4096	39.4125	39.4174	39.3596	39.453	39.4427	39.4516	39.4497	39.4448	39.4548	39.4258	39.4625	39.4514	39.4371	39.3091	39.3165	39.2848	39.2899	39.2857	39.308	39.2862	39.2558	39.297	39.2732	39.2766	39.2742	39.2787	39.2726	39.2724	39.2733	39.2726	39.2862	39.2524	39.2249	39.2646	39.2558	39.2529	39.2284	39.2185	39.2057	39.22	39.2214	39.194	39.2199	39.2084	39.2059	39.1556	39.193	39.1697	39.1214	39.1842	39.1522	39.1454	39.1324	39.1149	39.0301	39.1112	39.0323	39.0623	39.0321	39.0079	38.9921	38.9887	38.933	38.8671	38.8781	38.8678	38.8545	38.7563	38.7569	38.7193	38.6583	38.591	38.5617	38.4675	38.3856	38.3484	38.2949	38.1509	38.0437	37.9355	37.8384	37.7064	37.5246	37.3403	37.1347	36.9114	36.6878	36.4739	36.1976	35.8557	35.6023	35.3928	35.0692	34.8136	34.5561	34.3721	34.1994	33.8522	33.657	33.4777	33.3264	33.0178	32.8088	32.4623	32.3144	32.1343	31.8123	31.396	31.1709	30.9894	30.7143	30.4927	30.3278	30.0614	29.8601	29.76	29.5367	29.5302	29.3063	29.0021	28.8011	28.9577	28.5574	28.4972	28.347	28.4755	28.3023	28.1025	28.0164	27.857	27.9216	27.8053	27.6201	27.5037	27.6254	27.8681	28.5923	31.9257
Sin-CPnd_019-Ex1-1H-lcwgs-1-2	38.9717	39.1248	39.244	39.2856	39.3329	39.3668	39.3413	39.3769	39.3853	39.3314	39.3738	39.3598	39.3815	39.3752	39.2711	39.4034	39.392	39.4039	39.4081	39.3954	39.3893	39.3632	39.4014	39.405	39.4306	39.2784	39.2659	39.2114	39.2442	39.2322	39.2665	39.2513	39.2216	39.2516	39.2481	39.2061	39.2182	39.2263	39.2093	39.2083	39.2151	39.2081	39.2303	39.2364	39.2054	39.2067	39.2107	39.1863	39.1726	39.1951	39.1627	39.1543	39.1896	39.1096	39.1609	39.1732	39.1537	39.1184	39.1521	39.144	39.0789	39.1621	39.1304	39.1374	39.1191	39.083	39.0188	39.0918	39.0257	39.0572	39.0509	38.9877	38.9799	39.027	38.9139	38.8542	38.9237	38.8611	38.8291	38.7774	38.7875	38.7442	38.7167	38.6305	38.5923	38.508	38.4747	38.3726	38.2948	38.2235	38.0765	38.0242	37.8853	37.7462	37.5556	37.487	37.2736	37.0049	36.8234	36.5502	36.3194	35.9466	35.7195	35.4481	35.1315	34.7665	34.6243	34.4605	34.1856	34.0421	33.8242	33.5698	33.4101	33.1501	32.8759	32.7914	32.3693	32.1	31.7678	31.7041	31.3791	31.1258	30.977	30.7348	30.4609	30.3404	30.1212	29.8343	29.9187	29.8534	29.6708	29.1555	29.185	29.1745	28.7153	28.5878	28.7675	28.8517	28.5963	28.4354	28.2596	28.1563	27.9051	27.7949	27.8908	27.681	27.8344	27.9539	28.776	32.2179
Sin-CPnd_020-Ex1-12E-lcwgs-1-2	38.9363	39.1598	39.2774	39.2994	39.3683	39.3943	39.3814	39.3812	39.4117	39.3971	39.3958	39.3839	39.3943	39.3871	39.3334	39.4218	39.4282	39.4196	39.4344	39.4119	39.4189	39.3908	39.421	39.4114	39.4009	39.288	39.2722	39.2361	39.2682	39.2449	39.267	39.2575	39.2093	39.2507	39.2213	39.2342	39.2176	39.231	39.2362	39.2282	39.2269	39.2362	39.2314	39.1979	39.1544	39.2163	39.2114	39.2046	39.1794	39.1795	39.1728	39.17	39.1623	39.1267	39.1683	39.1604	39.1534	39.1073	39.1394	39.1355	39.0842	39.1233	39.1065	39.0935	39.0906	39.072	38.9612	39.0656	38.9923	39.0222	38.9889	38.9663	38.9598	38.9219	38.8961	38.8473	38.857	38.8342	38.8185	38.7379	38.7203	38.6772	38.6462	38.5633	38.4952	38.4284	38.3751	38.3375	38.243	38.1405	38.074	37.941	37.8057	37.7121	37.5337	37.3728	37.2156	37.0115	36.7654	36.5162	36.2869	36.0015	35.7458	35.4353	35.2135	35.0044	34.7051	34.5338	34.3512	34.127	33.8855	33.7046	33.5307	33.3105	32.9934	32.7728	32.579	32.2954	32.079	31.7754	31.4853	31.2814	31.0922	30.9038	30.64	30.4107	30.2853	30.1882	30.0706	29.9627	29.7785	29.5204	29.2772	29.4765	29.0203	29.0504	28.933	28.9589	28.8139	28.6931	28.6456	28.3853	28.5425	28.2311	28.2212	28.2029	28.3171	28.4457	29.1979	32.5319
Sin-CPnd_021-Ex1-3D-lcwgs-1-2	38.8904	39.2582	39.3776	39.4326	39.4348	39.5455	39.4506	39.465	39.5437	39.4693	39.5117	39.4902	39.5044	39.4729	39.41	39.5103	39.5089	39.5329	39.5621	39.5337	39.5103	39.5274	39.4542	39.5308	39.5196	39.4003	39.3823	39.3654	39.3999	39.4218	39.4449	39.4164	39.3284	39.4094	39.4157	39.3983	39.3856	39.3596	39.4304	39.4016	39.322	39.357	39.3955	39.3727	39.2995	39.3365	39.3591	39.3812	39.3199	39.2931	39.33	39.3125	39.3783	39.3302	39.3512	39.3134	39.3397	39.2988	39.3016	39.3619	39.2104	39.2031	39.256	39.283	39.2323	39.3035	39.0941	39.2844	39.1369	39.2337	39.2333	39.2491	39.0995	39.2403	39.1668	39.1439	39.1024	39.0412	39.0675	38.9339	38.8656	38.9583	38.9375	38.7969	38.5969	38.5387	38.5935	38.5043	38.4491	38.4261	38.1948	38.272	37.9644	38.1212	37.5635	37.5456	37.4871	37.1203	36.9095	36.6242	36.4216	35.9126	35.5177	35.2308	35.1337	34.8014	34.7338	34.6679	34.059	33.9703	33.6412	33.5762	33.2513	32.9704	32.4438	32.1709	32.1665	31.5427	31.4949	31.1874	30.2881	30.4695	30.6823	30.1583	29.941	29.6656	29.902	29.7741	29.1639	29.2677	28.9963	28.565	28.4702	28.2434	28.1967	27.9355	27.7776	27.8421	27.9914	27.3514	27.7984	27.89	27.2812	27.2137	26.8304	27.1323	27.3918	27.533	28.5415	32.1577
Sin-CPnd_022-Ex1-1D-lcwgs-1-2	38.3769	38.8287	39.0197	39.1072	39.2284	39.2676	39.2318	39.2643	39.3094	39.2521	39.303	39.2414	39.2837	39.2526	39.2437	39.3067	39.3158	39.3505	39.3319	39.3308	39.3412	39.3201	39.318	39.3605	39.339	39.2051	39.1536	39.1247	39.1512	39.1455	39.1654	39.1524	39.1203	39.1914	39.1446	39.1324	39.1365	39.1572	39.1055	39.0938	39.137	39.1075	39.1655	39.1682	39.0612	39.1652	39.1069	39.1272	39.0939	39.0944	39.0989	39.089	39.1096	39.0411	39.0803	39.0888	39.0743	38.989	39.076	39.1007	39.0213	39.0457	39.0464	39.0207	39.0597	39.0259	38.9276	39.0117	38.9218	38.9482	38.9707	38.9375	38.9178	38.9097	38.8197	38.7624	38.8112	38.8	38.7349	38.6734	38.7013	38.6376	38.5595	38.4916	38.4769	38.3354	38.2827	38.254	38.1276	38.0545	37.9658	37.7945	37.6385	37.4928	37.3661	37.1521	36.9774	36.6613	36.4822	36.2182	35.9157	35.5727	35.2959	34.9874	34.6729	34.4546	34.2687	33.9666	33.8166	33.5187	33.3288	33.0556	32.9909	32.61	32.4067	32.0629	31.8777	31.635	31.2399	30.9772	30.7729	30.4343	30.2688	29.9378	29.7978	29.4992	29.373	29.2997	29.0358	29.0479	28.9891	28.6035	28.2816	28.435	28.107	27.9435	27.9936	27.9299	27.8828	27.7393	27.5607	27.4371	27.4024	27.2132	27.1759	27.2238	27.256	27.4472	28.304	31.8798
Sin-CPnd_023-Ex1-12B-lcwgs-1-2	38.8756	39.1678	39.2649	39.3145	39.3867	39.4123	39.382	39.3905	39.4406	39.393	39.4034	39.3932	39.4092	39.4018	39.3462	39.4253	39.4135	39.437	39.4308	39.4257	39.431	39.4026	39.4361	39.4328	39.4172	39.2715	39.2903	39.2462	39.2715	39.2536	39.2743	39.251	39.2153	39.2657	39.237	39.2462	39.2583	39.2408	39.2419	39.2348	39.2332	39.2349	39.247	39.2263	39.1909	39.2221	39.2174	39.1959	39.1946	39.1831	39.166	39.17	39.1721	39.1292	39.1582	39.1768	39.1541	39.1102	39.146	39.1303	39.0739	39.1251	39.1073	39.1067	39.0975	39.0838	38.9857	39.0498	38.9713	39.0154	38.9984	38.9673	38.9488	38.919	38.8792	38.8485	38.8483	38.8448	38.7636	38.7186	38.7169	38.6691	38.6351	38.5639	38.4924	38.408	38.3501	38.3059	38.2398	38.1068	38.0343	37.8996	37.8044	37.6808	37.4992	37.37	37.1832	36.9327	36.746	36.4943	36.2179	35.9587	35.7055	35.4554	35.148	34.973	34.708	34.5587	34.3409	34.0128	33.8501	33.6553	33.4741	33.2079	32.9453	32.6973	32.5324	32.213	31.9391	31.6383	31.3692	31.1742	30.8903	30.7262	30.4592	30.1774	30.0517	29.9322	29.8444	29.7951	29.5459	29.2965	28.9969	29.1224	28.7041	28.6657	28.5838	28.4769	28.6012	28.341	28.2541	28.1357	28.0541	27.8028	27.8817	27.849	27.8313	28.0602	28.9459	32.1778
Sin-CPnd_024-Ex1-12C-lcwgs-1-2	38.8954	39.1599	39.2754	39.3206	39.391	39.4221	39.4166	39.4061	39.4245	39.4065	39.4047	39.3933	39.4124	39.3937	39.3542	39.4377	39.4308	39.444	39.434	39.4248	39.4277	39.4005	39.4197	39.4222	39.4159	39.3018	39.2832	39.2635	39.2815	39.2687	39.2858	39.2588	39.2193	39.2667	39.2461	39.2395	39.2336	39.243	39.2569	39.2607	39.2441	39.2532	39.2447	39.2458	39.1986	39.2489	39.2298	39.1974	39.1939	39.1888	39.1764	39.1801	39.1934	39.1365	39.1836	39.1764	39.1545	39.1132	39.1466	39.1353	39.1163	39.1543	39.1153	39.1137	39.0918	39.0993	39.0156	39.0685	39.0089	39.0587	38.9917	38.9725	38.9754	38.9719	38.8739	38.8204	38.8748	38.831	38.7834	38.7288	38.6825	38.6745	38.6105	38.5445	38.4904	38.445	38.3316	38.3094	38.2474	38.1065	37.9755	37.9096	37.7977	37.6419	37.4787	37.3519	37.1796	36.9244	36.7297	36.5117	36.2051	35.9648	35.6882	35.4213	35.187	34.9315	34.7068	34.4702	34.2398	34.0862	33.9583	33.624	33.4892	33.3126	33.0118	32.7241	32.5695	32.2687	31.951	31.5777	31.3201	31.2252	30.9473	30.6492	30.4914	30.2475	30.0002	30.0172	29.8061	29.6711	29.6027	29.1917	29.2112	28.9885	28.7031	28.6768	28.598	28.5594	28.3852	28.3158	28.1592	28.074	28.0162	27.8625	27.7028	27.9058	27.9361	28.0279	28.7999	32.0344
Sin-CPnd_025-Ex1-3B-lcwgs-1-2	38.6004	39.0595	39.1952	39.2369	39.3227	39.3503	39.3636	39.4035	39.4347	39.3695	39.398	39.358	39.3885	39.3919	39.2923	39.4445	39.4011	39.4363	39.4386	39.3917	39.4492	39.394	39.3865	39.4048	39.4216	39.3023	39.2975	39.2928	39.2581	39.2088	39.2636	39.2697	39.2517	39.2802	39.2431	39.2596	39.279	39.2509	39.2096	39.2452	39.2824	39.2582	39.2501	39.2505	39.1959	39.2424	39.235	39.2559	39.2027	39.2239	39.2218	39.2008	39.2145	39.147	39.1769	39.187	39.1899	39.1328	39.1645	39.1898	39.1163	39.1238	39.1327	39.1004	39.0986	39.0606	38.9806	39.1279	39.0516	39.0711	39.0304	38.9824	38.988	38.9185	38.8932	38.8568	38.8377	38.857	38.8665	38.7371	38.6918	38.6857	38.5643	38.6121	38.4392	38.4306	38.323	38.277	38.1435	38.0744	37.9593	37.9021	37.8079	37.5203	37.505	37.2049	37.0566	36.7305	36.4766	36.2794	35.9705	35.5835	35.2904	35.098	34.7841	34.6343	34.2707	33.9921	34.0684	33.5901	33.4543	33.057	32.9938	32.8231	32.4062	32.2448	31.8586	32.0307	31.5516	30.9564	30.9622	30.754	30.2636	30.0911	29.8324	29.7897	29.624	29.5616	29.2487	29.2968	29.0977	28.4252	28.5907	28.603	28.3513	28.2844	28.0854	28.0062	28.0562	27.9484	28.2001	27.4553	27.646	27.4394	27.588	27.309	27.6765	27.7931	28.4096	32.01
Sin-CPnd_028-Ex1-12H-lcwgs-1-2	38.7641	39.0778	39.214	39.2668	39.3328	39.3688	39.3546	39.3551	39.4026	39.3736	39.3764	39.3467	39.3728	39.3729	39.3288	39.4112	39.3816	39.4112	39.4229	39.4062	39.4107	39.3819	39.4085	39.3949	39.3956	39.2692	39.2668	39.24	39.2591	39.2333	39.248	39.2334	39.2153	39.2387	39.206	39.2194	39.217	39.2097	39.2222	39.2155	39.2126	39.2158	39.2209	39.1881	39.1543	39.195	39.1975	39.1717	39.1728	39.1574	39.1389	39.1469	39.1627	39.1225	39.1564	39.1427	39.133	39.1032	39.121	39.1233	39.0648	39.1123	39.0959	39.0775	39.0634	39.0565	38.9739	39.0361	38.9834	38.9994	38.9814	38.9496	38.9264	38.9145	38.8562	38.7989	38.8398	38.8112	38.7769	38.6875	38.7006	38.6507	38.6062	38.532	38.4871	38.382	38.3341	38.2707	38.1845	38.0661	37.977	37.8513	37.7362	37.5841	37.4097	37.2283	37.0656	36.7925	36.6246	36.35	36.0857	35.7949	35.5065	35.2455	34.972	34.7762	34.541	34.2999	34.0796	33.8926	33.6612	33.4622	33.2858	32.9886	32.7599	32.5323	32.2909	32.026	31.7556	31.4376	31.2382	30.9331	30.7997	30.5742	30.2582	30.0855	29.9842	29.7879	29.6691	29.6737	29.4931	29.1541	28.9837	28.9976	28.703	28.6706	28.5946	28.621	28.5253	28.3749	28.2863	28.0459	28.1005	27.8985	27.8443	27.7764	27.894	28.1149	28.8872	32.2709
Sin-CPnd_029-Ex1-4D-lcwgs-1-2	39.0282	39.2726	39.3641	39.3468	39.494	39.4868	39.4278	39.4513	39.4841	39.4281	39.4796	39.4591	39.406	39.4407	39.3544	39.4913	39.4898	39.5395	39.4799	39.426	39.4663	39.4431	39.4751	39.3938	39.4191	39.3878	39.3592	39.3598	39.3128	39.3417	39.3474	39.3402	39.2666	39.3236	39.3158	39.3049	39.3306	39.3142	39.2538	39.3612	39.2987	39.2752	39.2904	39.2719	39.2809	39.2536	39.3338	39.336	39.3119	39.248	39.2396	39.1955	39.2955	39.192	39.2827	39.2605	39.2146	39.1091	39.2002	39.2149	39.1276	39.2176	39.179	39.164	39.1498	39.1285	39.0164	39.1171	39.0334	39.1265	39.0643	39.1356	39.1539	39.0378	39.0028	38.8772	39.0079	38.9001	38.8455	38.8829	38.91	38.7801	38.7431	38.7053	38.6711	38.5959	38.5232	38.3348	38.3096	38.3542	38.1727	37.8702	37.9453	37.6719	37.4648	37.368	37.3675	37.0808	36.8315	36.5986	36.3731	36.0104	35.6605	35.2168	35.1403	34.7597	34.5961	34.5377	34.0548	33.672	33.5785	33.1336	33.3645	33.1029	32.8762	32.5209	32.1497	31.9478	31.9321	31.485	30.9898	31.0159	30.7772	30.5251	29.7351	29.7917	29.786	29.5019	29.3622	29.2834	29.0745	28.363	28.3875	28.686	27.8006	27.6745	28.0344	28.4508	27.9756	27.19	27.1918	27.2968	27.6607	27.2986	26.8295	27.6832	27.2845	27.1894	28.3936	31.6587
Sin-CPnd_031-Ex1-3G-lcwgs-1-2	38.7141	39.0497	39.1436	39.2701	39.2928	39.3394	39.3618	39.3194	39.3638	39.3814	39.3469	39.3776	39.3828	39.3828	39.3321	39.4428	39.431	39.4379	39.4403	39.4424	39.4179	39.42	39.4858	39.4069	39.4565	39.3438	39.3425	39.2632	39.3025	39.2422	39.2715	39.2411	39.1783	39.2277	39.2848	39.2802	39.2377	39.3039	39.2803	39.2665	39.2253	39.1947	39.2855	39.2636	39.2035	39.2723	39.2889	39.2519	39.2033	39.173	39.1747	39.2153	39.2659	39.1489	39.2154	39.1855	39.192	39.1304	39.1473	39.1702	39.1428	39.1337	39.1555	39.1334	39.1493	39.095	38.9492	39.1297	39.0243	39.1382	39.1125	39.0285	39.0037	39.0035	38.9073	38.9082	38.8729	38.8352	38.7979	38.7039	38.7687	38.6497	38.5957	38.5981	38.5058	38.3321	38.4373	38.3009	38.0884	37.9826	37.9721	37.833	37.6747	37.5582	37.471	37.258	37.0768	36.7407	36.4344	36.2309	35.9115	35.6559	35.416	35.1194	34.9024	34.4638	34.3356	34.2126	33.9171	33.6366	33.2473	33.3196	32.9611	32.7854	32.5428	32.1754	32.0667	31.9554	31.6146	31.268	31.0357	30.7447	30.5022	30.4465	29.8673	29.9679	29.6852	29.8108	29.2413	29.361	29.1946	28.9484	28.6912	28.9461	28.4886	28.6137	28.4762	27.9979	28.4907	28.3618	28.1223	27.7871	28.2238	27.6753	27.9253	27.64	27.8324	28.1823	28.9053	32.023
Sin-CPnd_032-Ex1-3E-lcwgs-1-2	38.3931	38.8694	39.0388	39.1074	39.1634	39.2519	39.2444	39.2694	39.3329	39.3066	39.3081	39.2946	39.3124	39.3174	39.2218	39.2979	39.3255	39.3445	39.3318	39.3735	39.3437	39.4004	39.3641	39.3235	39.3333	39.1885	39.2067	39.1748	39.1598	39.1983	39.199	39.1756	39.1234	39.1893	39.1778	39.1876	39.1328	39.1465	39.1298	39.1839	39.1494	39.1603	39.1948	39.2031	39.0975	39.1171	39.1534	39.1468	39.1082	39.1016	39.1039	39.1296	39.1067	39.0744	39.1091	39.0905	39.0735	38.9853	39.097	39.0817	38.96	39.0997	39.0986	39.0193	39.0294	39.0248	38.9437	39.015	38.9446	38.9858	38.974	38.938	38.866	38.9235	38.8327	38.7501	38.8307	38.7783	38.7698	38.6515	38.68	38.6216	38.6066	38.4986	38.4836	38.3975	38.2619	38.2124	38.1355	38.0226	37.8877	37.7923	37.7073	37.4777	37.3668	37.0885	36.9717	36.671	36.5272	36.2237	35.9433	35.5873	35.4212	34.8976	34.6495	34.6256	34.1908	33.904	33.7954	33.5214	33.4866	33.156	33.0592	32.8398	32.5488	32.4378	32.0951	31.8145	31.5737	31.149	31.0269	30.5962	30.5323	30.2439	30.1035	29.7589	29.6635	29.4439	29.3169	29.1865	29.0213	28.704	28.4812	28.7631	28.3363	28.237	28.0366	28.179	28.1685	28.0218	27.735	27.5458	27.6532	27.3733	27.4628	27.3202	27.1932	27.7013	28.3496	31.8718
Sin-CPnd_033-Ex1-1B-lcwgs-1-2	38.7275	39.053	39.1467	39.2113	39.3687	39.2533	39.3223	39.3874	39.4367	39.3559	39.3835	39.343	39.347	39.4259	39.233	39.4298	39.3776	39.4515	39.4397	39.3598	39.4644	39.4121	39.3016	39.3845	39.4121	39.2444	39.2069	39.3085	39.2316	39.1487	39.2483	39.342	39.3248	39.1343	39.2234	39.3239	39.3837	39.3068	39.3151	39.3016	39.3289	39.2802	39.3325	39.3493	39.2776	39.3279	39.2562	39.3176	39.2327	39.1545	39.197	39.1586	39.1753	39.0784	39.1864	39.2473	39.0906	39.2544	39.0437	39.2254	39.1065	39.1922	39.2198	39.1686	39.2954	38.9581	39.1749	39.3435	39.1915	39.1866	39.0947	39.1753	39.0564	38.9745	38.8099	38.8819	38.8731	38.8333	38.9109	38.8493	38.6512	38.6904	38.6909	38.4711	38.4658	38.4544	38.2933	38.264	38.2759	38.1215	38.2297	37.9807	37.893	37.7188	37.4184	37.5718	37.1334	37.0442	36.6492	36.5338	35.7621	35.6687	35.4523	34.6555	34.6402	35.0285	34.3956	34.324	33.8316	34.1215	33.5741	33.5545	33.3302	32.8788	32.4602	32.4855	31.6109	31.8238	31.2251	30.8034	31.431	30.4036	30.0391	29.5655	30.2456	29.5621	29.9122	29.2276	28.8269	28.0146	28.0663	27.8282	28.7294	27.7419	27.3758	27.563	27.9568	27.8673	28.4636	27.0093	27.4381	27.1671	27.7143	27.8274	27.1731	27.5767	27.6957	27.838	27.8698	31.3846
Sin-CPnd_034-Ex1-3C-lcwgs-1-2	38.8342	39.1378	39.2356	39.2295	39.3401	39.3316	39.3623	39.3786	39.3992	39.3613	39.3511	39.3278	39.3633	39.3966	39.2804	39.4207	39.396	39.4131	39.4171	39.3497	39.4389	39.3892	39.4494	39.3423	39.3699	39.2638	39.2771	39.2213	39.3216	39.2357	39.3007	39.2229	39.1771	39.2549	39.2558	39.2204	39.2061	39.2101	39.2516	39.1704	39.2225	39.2197	39.2738	39.2187	39.1511	39.1659	39.226	39.2401	39.1742	39.1766	39.1745	39.196	39.1948	39.2281	39.1731	39.1638	39.1305	39.1518	39.2363	39.1313	39.1186	39.1448	39.1801	39.124	39.1004	39.0982	39.0581	39.0742	39.0456	39.0626	39.07	38.9666	38.9904	38.9685	38.9306	38.8358	38.9425	38.9162	38.8768	38.8045	38.7757	38.798	38.727	38.6668	38.5558	38.5124	38.4769	38.4176	38.3921	38.2081	38.1394	37.9748	37.9374	37.7714	37.6184	37.3873	37.3596	36.9773	36.6883	36.4671	36.2189	35.9069	35.5915	35.4015	34.981	34.8781	34.6872	34.3899	34.1502	33.9096	33.7977	33.5825	33.2853	33.1611	32.7934	32.5003	32.2349	32.1546	32.095	31.3715	31.281	31.3242	31.2434	30.6228	30.4015	30.32	30.2098	29.9328	29.5678	29.8551	29.7277	29.3946	29.1777	29.2273	28.7983	28.7367	28.4278	28.4829	28.6364	28.7902	28.2572	28.2797	28.3843	28.2432	28.1575	28.0531	28.1092	28.2821	28.9002	32.1656
Sin-CPnd_035-Ex1-12D-lcwgs-1-2	38.8579	39.1338	39.2518	39.2954	39.3716	39.3869	39.3849	39.3777	39.4119	39.3807	39.3922	39.3689	39.3845	39.3816	39.3337	39.4166	39.4155	39.4289	39.4259	39.4171	39.4192	39.3912	39.4112	39.4125	39.4176	39.2914	39.2928	39.2469	39.2657	39.2562	39.2728	39.2555	39.2384	39.2738	39.2361	39.2405	39.237	39.2388	39.2525	39.2376	39.2388	39.2403	39.2438	39.229	39.1787	39.2121	39.233	39.2066	39.1916	39.1931	39.165	39.1608	39.1811	39.1396	39.1914	39.1752	39.1531	39.1204	39.1455	39.1487	39.106	39.1363	39.1318	39.1023	39.0997	39.0915	39.0031	39.0717	39.0163	39.0386	39.0309	38.9869	38.9893	38.9593	38.9135	38.8425	38.8818	38.8583	38.802	38.7448	38.7367	38.6974	38.6608	38.6016	38.5356	38.4601	38.3735	38.3534	38.2492	38.1809	38.0575	37.9501	37.8092	37.7097	37.5256	37.3825	37.1851	36.9656	36.7546	36.5288	36.2496	35.9586	35.7346	35.4294	35.1694	34.9437	34.6701	34.5006	34.3174	34.1287	33.8808	33.6521	33.5067	33.2689	32.963	32.7181	32.5499	32.2791	32.0267	31.704	31.5316	31.2313	31.1013	30.791	30.6018	30.3803	30.2556	30.1026	29.955	29.9668	29.7692	29.5426	29.258	29.3645	29.0247	29.0141	28.9843	28.9401	28.8256	28.7649	28.5288	28.3648	28.4984	28.2813	28.184	28.3159	28.3315	28.5158	29.2285	32.5087
Sin-CPnd_038-Ex1-11C-lcwgs-1-2	38.6864	39.0961	39.2253	39.2751	39.3677	39.398	39.3692	39.3874	39.4193	39.3928	39.4065	39.3813	39.4124	39.4085	39.3402	39.4425	39.4281	39.4447	39.4562	39.4326	39.4302	39.4107	39.4424	39.4364	39.4358	39.3181	39.3114	39.2596	39.276	39.2806	39.2873	39.2828	39.2345	39.2765	39.2602	39.2538	39.2696	39.2518	39.2686	39.2538	39.2686	39.2572	39.2634	39.2515	39.2	39.25	39.2457	39.232	39.2282	39.2068	39.2013	39.2083	39.2143	39.1757	39.1995	39.1971	39.1776	39.153	39.1831	39.1739	39.1261	39.1696	39.1535	39.1459	39.1205	39.0938	39.0235	39.1112	39.0182	39.0571	39.0239	38.9963	38.9924	38.9673	38.9231	38.8647	38.8955	38.8612	38.8332	38.7519	38.7478	38.702	38.6344	38.5926	38.5192	38.4398	38.3975	38.326	38.2359	38.1278	38.0172	37.8937	37.7786	37.6237	37.4331	37.2769	37.1032	36.8536	36.6096	36.3754	36.1204	35.7763	35.5485	35.2032	34.9712	34.7319	34.4682	34.3018	34.0197	33.8232	33.6583	33.4095	33.2736	33.0199	32.7044	32.4517	32.2114	32.0392	31.6718	31.3694	31.1518	30.8948	30.7131	30.4182	30.1715	29.9512	29.8161	29.7136	29.4595	29.5568	29.3009	28.9853	28.7576	28.9384	28.5569	28.4225	28.4031	28.3072	28.2382	28.1196	28.028	27.7572	27.9113	27.6588	27.639	27.5921	27.6596	27.9041	28.7299	32.0582
Sin-CPnd_039-Ex1-10F-lcwgs-1-2	38.8335	39.1129	39.2313	39.2674	39.3556	39.3799	39.3623	39.3796	39.4078	39.3763	39.378	39.3699	39.3939	39.375	39.3285	39.3992	39.4091	39.4222	39.4215	39.4212	39.4198	39.3777	39.4076	39.4117	39.4115	39.2804	39.2736	39.2478	39.2589	39.2556	39.2773	39.2598	39.2246	39.2708	39.2275	39.2435	39.2339	39.2281	39.2409	39.2301	39.2295	39.2278	39.2265	39.2265	39.1811	39.23	39.2214	39.203	39.2018	39.1835	39.1678	39.1776	39.1795	39.1363	39.1606	39.1914	39.1537	39.1121	39.1506	39.15	39.0961	39.1479	39.1239	39.1264	39.0895	39.0737	39.003	39.0684	39.0068	39.0199	39.0155	38.9915	38.9645	38.9639	38.8851	38.8323	38.8655	38.8178	38.7948	38.7162	38.7079	38.6695	38.6117	38.5643	38.4971	38.4189	38.3796	38.277	38.2166	38.1342	38.0147	37.888	37.7858	37.6437	37.4582	37.2793	37.0754	36.8758	36.6614	36.4226	36.1725	35.7999	35.5671	35.2494	34.9958	34.7746	34.4941	34.3018	34.0619	33.8074	33.6214	33.4101	33.2202	32.9772	32.7166	32.4143	32.2764	31.956	31.7158	31.384	31.0944	30.9251	30.6644	30.3842	30.2225	29.9521	29.7383	29.678	29.4588	29.5214	29.2521	29.0082	28.7365	28.9275	28.4359	28.4033	28.3329	28.3265	28.2363	28.1009	27.892	27.7775	27.8522	27.5884	27.5945	27.4939	27.686	27.8388	28.6023	31.973
Sin-CPnd_040-Ex1-11E-lcwgs-1-2	38.7332	39.1202	39.2586	39.3031	39.3896	39.4242	39.416	39.4178	39.4404	39.4179	39.4139	39.4132	39.4371	39.4228	39.3736	39.4643	39.4525	39.4531	39.4687	39.4586	39.4585	39.4348	39.4637	39.4524	39.4478	39.3324	39.3331	39.3013	39.3212	39.2967	39.3175	39.2971	39.2679	39.3104	39.2837	39.3008	39.296	39.2761	39.2965	39.279	39.2963	39.2907	39.304	39.2903	39.2359	39.2784	39.2674	39.259	39.2406	39.2387	39.2239	39.2333	39.2356	39.207	39.2266	39.2335	39.2039	39.1716	39.2021	39.1993	39.1544	39.1945	39.165	39.1711	39.144	39.1461	39.0513	39.1204	39.0574	39.088	39.0483	39.0456	39.038	39.0096	38.9613	38.8877	38.9438	38.9071	38.8422	38.8207	38.7885	38.7471	38.6927	38.6371	38.5683	38.4756	38.4314	38.3601	38.2901	38.1949	38.09	37.9832	37.8343	37.6785	37.5442	37.3456	37.1944	36.9428	36.6939	36.431	36.2371	35.8661	35.6203	35.3142	35.073	34.7787	34.5313	34.4041	34.1624	33.8544	33.7588	33.5493	33.317	33.075	32.8407	32.542	32.3155	32.1185	31.8092	31.4284	31.2756	30.9504	30.7882	30.5282	30.3174	30.1186	29.9629	29.7996	29.6757	29.6149	29.4539	29.0959	28.9597	28.9945	28.6984	28.5867	28.5191	28.5058	28.4346	28.2971	28.1914	28.0637	28.0527	27.7907	27.7662	27.6676	27.8753	28.0239	28.8351	32.086
Sin-CPnd_042-Ex1-10D-lcwgs-1-2	38.9	39.181	39.2862	39.3271	39.3781	39.4291	39.4123	39.4062	39.4295	39.3995	39.4152	39.3987	39.4068	39.3897	39.3438	39.4443	39.4399	39.443	39.4448	39.4318	39.4326	39.409	39.4429	39.4184	39.4427	39.3118	39.3094	39.2672	39.298	39.2843	39.2986	39.2976	39.241	39.3083	39.2685	39.2574	39.275	39.2624	39.2741	39.2545	39.265	39.2589	39.2634	39.2486	39.219	39.2549	39.2475	39.2501	39.2316	39.2211	39.2151	39.201	39.2072	39.1571	39.1916	39.2117	39.1881	39.1486	39.182	39.171	39.135	39.1655	39.1279	39.1334	39.1319	39.1214	39.0445	39.0857	39.0272	39.0425	39.0589	39.0097	39.0065	38.9898	38.9203	38.8699	38.9056	38.8765	38.8201	38.7699	38.7308	38.7371	38.6665	38.5741	38.5418	38.4443	38.4036	38.3478	38.2692	38.127	38.0687	37.9389	37.7901	37.6947	37.5108	37.3823	37.1947	36.9694	36.7595	36.5259	36.3342	35.9539	35.8188	35.406	35.1835	34.9387	34.6749	34.5	34.3443	34.0553	33.8853	33.6479	33.4678	33.2498	32.9746	32.6551	32.4059	32.143	31.8952	31.6333	31.3782	31.0672	30.8053	30.5683	30.4725	30.1003	29.8893	29.8261	29.5251	29.553	29.4253	29.0708	28.6905	28.8237	28.56	28.251	28.3647	28.3226	28.3136	28.092	28.0803	27.8382	27.6973	27.6387	27.4096	27.368	27.5952	27.7945	28.5299	31.8429
Sin-CPnd_043-Ex1-1C-lcwgs-1-2	38.5556	38.8948	39.0739	39.1349	39.2502	39.2634	39.2428	39.2709	39.3151	39.2588	39.2754	39.2652	39.3216	39.2896	39.2277	39.3378	39.3284	39.3407	39.332	39.3425	39.3327	39.3108	39.3338	39.3475	39.341	39.1814	39.1751	39.1499	39.1895	39.1933	39.1783	39.2056	39.1473	39.1766	39.1275	39.1701	39.1664	39.1178	39.1473	39.1659	39.1619	39.1496	39.1389	39.134	39.1043	39.1484	39.1286	39.1194	39.09	39.0897	39.0708	39.0818	39.074	39.0152	39.0731	39.0514	39.0588	39.0371	39.0607	39.0581	38.9853	39.063	39.0508	39.0145	39.0215	38.9716	38.9047	38.9956	38.9272	38.9904	38.9162	38.8967	38.8856	38.8922	38.8216	38.7314	38.7977	38.7567	38.7173	38.6366	38.6468	38.5873	38.551	38.4814	38.4634	38.34	38.2846	38.223	38.1396	38.0344	37.9201	37.8382	37.7079	37.4922	37.3369	37.1786	36.9845	36.767	36.5301	36.1869	35.9462	35.5916	35.3341	35.0676	34.6916	34.4507	34.2757	34.0314	33.8042	33.6494	33.3772	33.1114	32.9818	32.8102	32.4449	32.1609	31.9223	31.6308	31.4352	31.0664	30.8025	30.5022	30.2157	30.0751	29.8122	29.6189	29.3456	29.2768	29.1422	29.124	28.9554	28.5545	28.3598	28.4263	28.1048	28.1289	27.904	27.9434	27.9472	27.8003	27.5725	27.3266	27.5394	27.161	27.2532	27.1915	27.261	27.4341	28.3398	31.7631
Sin-CPnd_044-Ex1-2C-lcwgs-1-2	38.6001	38.8321	38.8987	39.0402	39.103	39.2638	39.0461	39.2429	39.1767	39.165	39.0603	38.933	39.1709	39.2027	39.0796	39.2102	39.2764	39.2739	39.2161	39.1273	39.4179	39.3023	39.3333	39.2856	39.0302	39.0117	38.9573	38.9749	39.0377	38.8719	39.0243	38.9799	38.9715	38.9794	38.8731	38.8384	38.9545	38.9566	38.9046	38.9421	38.9027	38.9281	38.9617	38.9782	38.8309	38.9741	38.9612	38.85	38.9037	38.9654	38.9405	39.0241	38.9359	38.9617	38.9691	38.9805	38.9489	38.8593	39.0068	39.0082	38.891	38.9703	38.9545	38.9524	38.9953	38.8764	38.8876	38.8998	38.8445	38.8544	38.8464	38.7414	38.7665	38.7208	38.8547	38.7929	38.6871	38.5661	38.7087	38.7672	38.6105	38.3618	38.4502	38.3924	38.2728	38.408	38.2254	38.1661	37.8774	37.7603	37.7994	37.6642	37.3114	37.245	37.2545	37.2956	37.2607	36.4551	36.5088	36.3207	35.8041	35.6528	35.4798	35.1535	34.9032	34.311	34.3779	33.8716	33.7965	33.6312	33.3302	33.1739	33.3498	33.2911	32.5379	32.7463	32.2237	31.9092	31.9187	31.0609	30.697	31.2574	30.3254	31.222	29.7512	29.697	30.2642	29.9824	29.362	30.0994	30.0	29.0019	29.0256	28.7967	28.9019	28.2431	29.6783	28.0987	28.3917	28.8357	28.1262	28.0489	27.218	27.4729	28.4526	28.2602	27.1823	28.2346	28.3785	32.1533
Sin-CPnd_045-Ex1-11H-lcwgs-1-2	38.6175	38.9855	39.1343	39.1792	39.2794	39.305	39.3069	39.3125	39.3493	39.3233	39.3378	39.3189	39.347	39.3304	39.275	39.3606	39.3565	39.38	39.3837	39.375	39.3786	39.3538	39.3802	39.3755	39.3759	39.2296	39.2288	39.1908	39.2125	39.1979	39.216	39.2044	39.168	39.2133	39.1881	39.1882	39.1882	39.1832	39.1874	39.1877	39.1866	39.1814	39.1953	39.1722	39.1408	39.1791	39.1746	39.1618	39.1495	39.1383	39.1303	39.1319	39.1369	39.0911	39.1357	39.1335	39.1193	39.0811	39.1201	39.1093	39.0574	39.1039	39.0894	39.0838	39.0638	39.0572	38.9717	39.0469	38.9811	39.0084	38.9858	38.9583	38.9487	38.9389	38.8796	38.8249	38.8563	38.8303	38.7894	38.7272	38.7177	38.6833	38.6329	38.5771	38.5163	38.4311	38.387	38.3099	38.2346	38.1417	38.0297	37.9163	37.7905	37.6378	37.4729	37.3058	37.1173	36.8588	36.6309	36.371	36.1223	35.782	35.5495	35.2316	34.9623	34.7431	34.4942	34.3071	34.1055	33.8601	33.665	33.4645	33.3002	33.055	32.782	32.5453	32.314	32.0996	31.8433	31.4928	31.271	31.0376	30.8302	30.6048	30.3878	30.1715	30.0221	29.8848	29.7374	29.7655	29.5794	29.245	29.0455	29.1254	28.7773	28.7651	28.6901	28.6727	28.631	28.4969	28.3687	28.1855	28.2575	28.0514	27.9576	27.9311	28.071	28.2788	29.0289	32.2656
Sin-CPnd_049-Ex1-4C-lcwgs-1-2	38.8777	39.1509	39.2599	39.2661	39.3548	39.3618	39.3667	39.3856	39.4422	39.371	39.3629	39.3176	39.402	39.3457	39.3055	39.3721	39.4212	39.4347	39.4023	39.3947	39.4347	39.405	39.3877	39.3899	39.3861	39.2674	39.227	39.2572	39.261	39.2329	39.3122	39.2351	39.1655	39.2352	39.2349	39.2362	39.2536	39.1683	39.221	39.206	39.3087	39.2692	39.2589	39.1908	39.2944	39.2213	39.1953	39.2271	39.2962	39.2256	39.2114	39.1608	39.2442	39.1019	39.1776	39.1303	39.0948	39.0872	39.0994	39.1337	39.1464	39.1477	38.9504	39.0991	39.0964	39.0873	38.9511	39.0971	38.9346	39.0207	38.9319	38.8832	38.9137	38.851	38.7834	38.6329	38.7379	38.7607	38.7183	38.6691	38.5923	38.6015	38.5659	38.4031	38.5156	38.2649	38.2538	38.2121	38.0733	38.0346	37.9887	37.8082	37.7664	37.5973	37.3445	37.1411	37.2389	36.8803	36.4181	36.4727	35.9213	35.5946	35.4281	35.0699	34.9406	34.6105	34.3421	34.1558	33.8451	33.7879	33.4739	33.3629	33.3746	32.7134	32.5143	32.1876	32.5378	32.0242	31.1665	31.7429	31.3501	30.7768	30.6828	30.3187	30.107	29.4277	29.8309	29.1554	29.6269	29.5781	29.3173	29.1327	29.022	28.7405	28.3227	28.0	28.435	28.3002	28.0613	28.0977	28.0	27.7867	27.2167	27.3276	27.6352	27.652	27.1023	28.0097	28.7028	31.7488
Sin-CPnd_050-Ex1-9B-lcwgs-1-2	38.912	39.2019	39.2778	39.3443	39.4182	39.4358	39.4202	39.4431	39.4756	39.4393	39.4427	39.4316	39.4511	39.4361	39.3728	39.4684	39.4673	39.4697	39.4755	39.4637	39.4656	39.4378	39.462	39.4567	39.4654	39.3475	39.3438	39.3067	39.313	39.3294	39.3376	39.3207	39.2704	39.3196	39.3074	39.3106	39.3099	39.2899	39.294	39.2928	39.2881	39.2947	39.2748	39.2859	39.2516	39.2644	39.2659	39.2628	39.247	39.2475	39.2147	39.2143	39.2343	39.2039	39.2241	39.2321	39.2035	39.1838	39.1965	39.1883	39.1494	39.1909	39.1799	39.1504	39.1367	39.1482	39.0458	39.116	39.0503	39.0882	39.0517	39.0272	38.9872	39.005	38.9359	38.8961	38.8913	38.8529	38.8469	38.7478	38.7238	38.703	38.6862	38.603	38.5334	38.444	38.437	38.3383	38.2501	38.1712	38.0917	37.9462	37.8511	37.6791	37.5151	37.3562	37.2092	36.9393	36.7757	36.4664	36.2791	35.9145	35.7349	35.4457	35.1191	34.9066	34.6406	34.4271	34.261	34.0176	33.7382	33.6685	33.411	33.1618	32.9602	32.6402	32.3901	32.1935	31.8685	31.5539	31.3723	31.055	30.9313	30.5135	30.3951	30.2014	29.9893	29.7791	29.5764	29.6504	29.445	29.0012	28.864	28.941	28.7112	28.6495	28.5882	28.4756	28.3181	28.1218	28.1192	28.0243	28.09	27.699	27.7083	27.6274	27.6565	27.9457	28.865	32.0009
Sin-CPnd_051-Ex1-12G-lcwgs-1-2	38.8846	39.1796	39.2915	39.3424	39.3907	39.4293	39.4176	39.4312	39.4526	39.4258	39.4216	39.4021	39.4214	39.4231	39.3518	39.4509	39.4495	39.4639	39.4537	39.4508	39.4465	39.4303	39.4519	39.4451	39.444	39.339	39.3163	39.2918	39.3083	39.2961	39.3014	39.3023	39.2545	39.3095	39.2708	39.2754	39.261	39.264	39.2708	39.2778	39.2693	39.2718	39.2744	39.2567	39.2261	39.2489	39.2479	39.2401	39.2355	39.2285	39.2121	39.2117	39.2319	39.1897	39.2089	39.197	39.1906	39.1534	39.1898	39.1734	39.1188	39.1741	39.1633	39.1464	39.1263	39.1119	39.0278	39.0958	39.0474	39.0646	39.031	39.01	38.9904	38.977	38.9444	38.8708	38.8921	38.8618	38.8216	38.7551	38.7504	38.7148	38.6548	38.5986	38.5364	38.425	38.3963	38.2857	38.2567	38.1306	38.0067	37.904	37.7852	37.6447	37.4988	37.3201	37.1585	36.9404	36.7022	36.4389	36.2338	35.9052	35.6425	35.4401	35.1226	34.9292	34.6122	34.3683	34.267	33.9553	33.8548	33.5822	33.3325	33.2452	32.8811	32.6402	32.38	32.1645	31.8839	31.5967	31.2664	31.0924	30.8157	30.6711	30.373	30.15	30.0163	29.9042	29.6128	29.6848	29.4662	29.13	28.9164	29.0817	28.6468	28.74	28.452	28.4779	28.4574	28.3864	28.2382	27.9866	28.0421	27.8411	27.7988	27.6495	27.8309	28.0174	28.7524	32.1301
Sin-CPnd_053-Ex1-9G-lcwgs-1-2	38.9341	39.2191	39.3191	39.3638	39.4294	39.4645	39.4368	39.4545	39.4633	39.4527	39.4578	39.4527	39.4648	39.4514	39.3843	39.4816	39.4805	39.4875	39.4794	39.4701	39.4707	39.4475	39.4721	39.4697	39.4748	39.3631	39.3556	39.3237	39.344	39.3314	39.338	39.3312	39.2841	39.3364	39.3196	39.3078	39.3204	39.3137	39.3216	39.3318	39.3093	39.3072	39.3166	39.2979	39.2635	39.3021	39.2962	39.2932	39.2791	39.2622	39.252	39.2494	39.247	39.2116	39.2577	39.2449	39.2399	39.2077	39.2271	39.2227	39.1668	39.2027	39.1742	39.1966	39.1667	39.1653	39.0765	39.1616	39.0935	39.1073	39.0849	39.0541	39.0237	39.0368	38.9667	38.9179	38.9352	38.9227	38.8706	38.7852	38.7569	38.7327	38.6891	38.6337	38.5541	38.4392	38.3968	38.341	38.2876	38.1446	38.0705	37.9353	37.8387	37.6396	37.4846	37.3483	37.1674	36.9476	36.7445	36.4562	36.2538	35.8735	35.654	35.3324	35.1095	34.8728	34.5768	34.4041	34.142	33.9087	33.7652	33.538	33.4196	33.0505	32.7245	32.5513	32.341	32.0965	31.8893	31.5074	31.3242	31.0432	30.7695	30.6062	30.3017	30.0239	29.9176	29.8127	29.5624	29.467	29.4061	28.958	28.6622	28.7713	28.4181	28.4295	28.2697	28.2663	28.2214	28.1175	27.9262	27.7325	27.9799	27.4866	27.5418	27.3067	27.5683	27.848	28.6046	31.87
Sin-CPnd_058-Ex1-9D-lcwgs-1-2	38.962	39.2287	39.2958	39.3564	39.4256	39.4414	39.4369	39.4408	39.4742	39.4438	39.438	39.4376	39.4397	39.4324	39.3929	39.4696	39.4696	39.4764	39.4809	39.4621	39.4586	39.4433	39.4541	39.4627	39.4573	39.3452	39.3473	39.314	39.3191	39.3184	39.3294	39.3328	39.2952	39.3188	39.301	39.3033	39.3095	39.301	39.2879	39.299	39.3156	39.3111	39.3082	39.2918	39.26	39.3001	39.2817	39.283	39.2569	39.2512	39.2364	39.248	39.2354	39.2116	39.2352	39.2261	39.2221	39.1781	39.2148	39.208	39.1707	39.2056	39.2097	39.1723	39.1908	39.1544	39.0756	39.1346	39.0747	39.1029	39.0861	39.0589	39.035	39.0274	38.9959	38.9137	38.9292	38.9012	38.8559	38.7992	38.7982	38.7546	38.6684	38.6387	38.5969	38.4867	38.4518	38.4041	38.3033	38.245	38.1479	38.0033	37.8886	37.7518	37.6526	37.4505	37.2829	37.017	36.81	36.5583	36.4169	36.0627	35.8494	35.4899	35.2692	35.0634	34.6789	34.604	34.2969	34.0519	33.9172	33.6473	33.5771	33.2623	32.9524	32.8284	32.5425	32.3602	32.0202	31.6301	31.5732	31.2716	30.9523	30.7612	30.5171	30.2551	30.1025	29.998	29.7246	29.6058	29.5344	29.2854	29.2318	29.1135	28.7032	28.7829	28.5609	28.5429	28.5436	28.3586	28.2178	28.024	28.1451	27.9109	27.8156	27.6446	27.816	28.0665	28.9179	32.1337
Sin-CPnd_061-Ex1-9A-lcwgs-1-2	38.8453	39.1615	39.2563	39.3141	39.3749	39.4087	39.392	39.3992	39.4341	39.3973	39.4038	39.3947	39.4147	39.4004	39.3609	39.4529	39.4376	39.4476	39.4432	39.4221	39.4426	39.4029	39.4435	39.4262	39.4311	39.3007	39.3067	39.278	39.281	39.2837	39.293	39.2882	39.2482	39.2916	39.268	39.2608	39.2607	39.2622	39.2572	39.2599	39.2499	39.2482	39.2541	39.2505	39.2028	39.2451	39.2328	39.2285	39.2228	39.2045	39.1899	39.1882	39.1935	39.1489	39.1951	39.2009	39.1833	39.1472	39.1754	39.1779	39.0977	39.1704	39.1395	39.1353	39.1264	39.1034	39.0053	39.0942	39.0302	39.0554	39.0145	38.9895	38.9693	38.9591	38.9096	38.8432	38.8599	38.8422	38.7995	38.7471	38.7485	38.6997	38.6458	38.556	38.5171	38.455	38.4	38.3147	38.2582	38.1506	38.0417	37.9388	37.8212	37.6444	37.4934	37.3385	37.1546	36.9336	36.6823	36.4241	36.2036	35.8967	35.652	35.3684	35.0735	34.846	34.5694	34.3709	34.1036	33.8362	33.6364	33.4699	33.2422	33.0846	32.7873	32.4604	32.2815	32.1014	31.7972	31.379	31.1752	31.0308	30.7265	30.5159	30.3299	30.1184	29.9696	29.7052	29.5757	29.5684	29.4518	29.1147	28.8767	28.9147	28.5803	28.6031	28.4368	28.4829	28.3975	28.2501	28.1284	27.8806	27.856	27.8759	27.925	27.6506	27.8108	28.1477	28.7691	32.1588
Sin-CPnd_062-Ex1-11D-lcwgs-1-2	38.777	39.1458	39.2681	39.3047	39.3971	39.4295	39.4105	39.4146	39.4497	39.4204	39.4114	39.4318	39.439	39.4136	39.3755	39.4428	39.4502	39.4716	39.4632	39.4463	39.4465	39.4379	39.4545	39.4497	39.4497	39.33	39.3284	39.2973	39.305	39.3048	39.3176	39.3139	39.2678	39.3233	39.2884	39.2868	39.287	39.298	39.3027	39.2912	39.2816	39.2886	39.287	39.2719	39.2419	39.2729	39.2749	39.2572	39.247	39.2264	39.2245	39.2213	39.238	39.1996	39.2441	39.2314	39.2119	39.1647	39.2126	39.1964	39.1497	39.1911	39.1672	39.1663	39.14	39.1297	39.0521	39.1213	39.0644	39.0949	39.0675	39.0329	39.0069	39.0024	38.9429	38.8746	38.9329	38.87	38.8557	38.7708	38.7732	38.7064	38.6799	38.6298	38.5634	38.4638	38.4457	38.3798	38.305	38.2134	38.0889	37.9771	37.8512	37.697	37.5383	37.3917	37.1675	36.9473	36.6614	36.4954	36.2229	35.9123	35.6906	35.3202	35.1307	34.8782	34.5775	34.4388	34.2783	34.0112	33.7864	33.5678	33.4195	33.1925	32.8613	32.6159	32.4602	32.1739	31.8873	31.5059	31.3073	31.1239	30.9101	30.6903	30.3459	30.1599	29.9722	29.8265	29.717	29.7097	29.5387	29.207	28.9023	29.0056	28.7213	28.6109	28.4723	28.5166	28.5422	28.2828	28.1785	28.0048	28.039	27.8269	27.7698	27.6241	27.8537	28.1101	28.8003	32.1333
Sin-CPnd_063-Ex1-9F-lcwgs-1-2	38.9528	39.2331	39.3254	39.3596	39.4203	39.4594	39.4583	39.448	39.4781	39.4537	39.4473	39.4424	39.4593	39.4577	39.3995	39.485	39.4781	39.4859	39.4812	39.4739	39.4649	39.4393	39.4802	39.4687	39.4667	39.3552	39.3589	39.3249	39.3508	39.3267	39.3386	39.3248	39.2833	39.3336	39.3243	39.3162	39.3255	39.2993	39.3126	39.3135	39.3139	39.3069	39.3105	39.2809	39.2556	39.2893	39.2975	39.2644	39.2683	39.2613	39.242	39.249	39.2527	39.2147	39.2562	39.2448	39.2247	39.1968	39.2209	39.2274	39.1748	39.2249	39.1857	39.2134	39.1523	39.1523	39.0774	39.1578	39.089	39.123	39.1042	39.0796	39.0563	39.0397	38.9624	38.9267	38.965	38.9262	38.8896	38.8044	38.7814	38.7732	38.7193	38.6586	38.6091	38.5136	38.4659	38.3894	38.3437	38.2308	38.1377	38.0357	37.9215	37.7426	37.6238	37.4824	37.28	37.0281	36.8143	36.5337	36.3182	35.9567	35.7366	35.4258	35.1292	34.9555	34.6859	34.513	34.3442	34.0304	33.8626	33.6578	33.4397	33.1254	32.9332	32.6077	32.3917	32.1532	31.9586	31.5111	31.2875	31.1426	30.9722	30.6532	30.4249	30.313	30.0279	29.8138	29.799	29.6917	29.4947	29.1625	28.9433	28.981	28.6099	28.7232	28.555	28.6586	28.5496	28.1249	28.1938	27.9667	28.0479	27.7748	27.8152	27.6747	27.7886	28.0281	28.9697	32.0894
Sin-CPnd_065-Ex1-11B-lcwgs-1-2	38.8025	39.1737	39.2857	39.3286	39.412	39.4196	39.4015	39.4234	39.4491	39.4274	39.4291	39.4126	39.4401	39.4145	39.3591	39.4558	39.4474	39.458	39.4619	39.4464	39.4499	39.4321	39.4468	39.4451	39.4422	39.3315	39.3352	39.286	39.3	39.2953	39.3127	39.3093	39.2683	39.3166	39.2853	39.286	39.2894	39.2791	39.2913	39.2864	39.286	39.2826	39.2992	39.2876	39.2383	39.2823	39.273	39.272	39.2373	39.2355	39.2205	39.2331	39.2424	39.1995	39.2215	39.2337	39.2103	39.1641	39.2039	39.1861	39.1385	39.1818	39.169	39.1558	39.1389	39.1387	39.04	39.1021	39.0399	39.0813	39.0607	39.0085	39.0074	39.0067	38.9294	38.8806	38.9	38.8679	38.8203	38.7886	38.774	38.7325	38.6582	38.6254	38.5582	38.4761	38.4026	38.3567	38.3029	38.1749	38.0797	37.9914	37.8239	37.7355	37.5279	37.3736	37.195	36.9361	36.7704	36.5045	36.2619	35.9541	35.7567	35.4387	35.0915	34.9463	34.7049	34.5039	34.2808	34.0097	33.8404	33.6581	33.4533	33.2153	32.9422	32.6326	32.4555	32.192	31.9609	31.5765	31.3453	31.0869	30.9203	30.6171	30.4492	30.2004	30.019	29.886	29.7383	29.687	29.4345	29.2242	28.9767	29.0229	28.6105	28.5949	28.4862	28.5631	28.358	28.2615	28.0996	27.8531	28.0008	27.7014	27.7509	27.5606	27.8566	28.0041	28.8034	32.0236
Sin-CPnd_067-Ex1-9C-lcwgs-1-2	38.9151	39.2028	39.3137	39.3404	39.3985	39.4386	39.4037	39.4259	39.4597	39.4169	39.425	39.4123	39.4303	39.4238	39.3557	39.4618	39.4389	39.4548	39.455	39.4412	39.4536	39.426	39.4637	39.443	39.4375	39.333	39.316	39.2924	39.3164	39.2975	39.3156	39.3028	39.2594	39.3148	39.2822	39.2703	39.2743	39.2845	39.2719	39.2838	39.2816	39.2713	39.2872	39.2765	39.2247	39.2651	39.2504	39.2441	39.2467	39.228	39.2019	39.2077	39.2203	39.171	39.2134	39.2185	39.1981	39.1447	39.1865	39.1657	39.1187	39.1653	39.1428	39.1351	39.1118	39.1139	39.0294	39.1219	39.0528	39.0684	39.0135	39.0012	39.0082	38.9801	38.9198	38.8636	38.8734	38.8848	38.8177	38.7577	38.7424	38.7119	38.6588	38.5699	38.5286	38.4241	38.4317	38.3321	38.2425	38.1631	38.0172	37.9379	37.7992	37.6821	37.5219	37.3782	37.1959	36.9375	36.7477	36.5027	36.2442	35.9598	35.7264	35.408	35.0931	34.8556	34.6279	34.4645	34.2198	34.0814	33.8511	33.6497	33.4103	33.1834	32.906	32.6403	32.3966	32.2141	31.9418	31.5242	31.2422	31.0878	30.8318	30.5905	30.39	30.078	29.9288	29.6832	29.6395	29.6724	29.5412	29.0914	29.0471	29.0569	28.7221	28.598	28.6503	28.4692	28.5004	28.3714	28.2008	27.86	28.0391	27.6884	27.7215	27.5475	27.8429	28.0073	28.7297	32.2368
Sin-CPnd_074-Ex1-12A-lcwgs-1-2	38.8433	39.1497	39.2454	39.3009	39.3635	39.3878	39.3802	39.3881	39.4194	39.4067	39.3928	39.3784	39.388	39.3849	39.3513	39.4366	39.4248	39.4288	39.4394	39.4265	39.4182	39.4063	39.4131	39.4174	39.4043	39.2798	39.2932	39.2467	39.2615	39.2588	39.2657	39.2506	39.2104	39.2688	39.2363	39.246	39.2262	39.242	39.2239	39.2313	39.2521	39.2322	39.2383	39.2207	39.1807	39.2175	39.2172	39.1939	39.1795	39.171	39.1687	39.1773	39.1665	39.1328	39.177	39.1762	39.1375	39.0954	39.1156	39.1153	39.0812	39.1294	39.1039	39.1039	39.1055	39.0802	38.9777	39.0669	39.0047	39.0356	39.0063	38.954	38.9574	38.9549	38.8827	38.8163	38.847	38.816	38.761	38.7138	38.6835	38.6806	38.6174	38.5322	38.5021	38.3886	38.3802	38.2703	38.1973	38.1024	38.0131	37.9126	37.8316	37.6549	37.4584	37.2739	37.1507	36.884	36.6747	36.4403	36.1815	35.8223	35.6779	35.3567	35.0421	34.8072	34.561	34.3208	34.2198	33.8692	33.733	33.5083	33.3109	33.0865	32.7102	32.5634	32.2972	32.0846	31.802	31.4922	31.1696	30.9532	30.7202	30.4731	30.3741	30.0714	29.9319	29.7115	29.5894	29.585	29.4742	29.0699	28.9274	29.0975	28.5737	28.5773	28.5039	28.4696	28.4903	28.3396	28.1345	27.8906	28.0367	27.8742	27.7935	27.6923	27.9148	28.1857	28.8405	32.1091
Sin-CPnd_075-Ex1-11G-lcwgs-1-2	38.8043	39.1457	39.2817	39.3277	39.4054	39.4399	39.4265	39.443	39.4796	39.44	39.4263	39.4333	39.446	39.4405	39.3735	39.4604	39.4614	39.4768	39.4694	39.4613	39.471	39.4518	39.4561	39.4659	39.458	39.3526	39.3539	39.3019	39.312	39.3107	39.3285	39.321	39.2763	39.3327	39.2987	39.3048	39.3063	39.3094	39.3083	39.3062	39.3011	39.3055	39.314	39.2878	39.2651	39.3021	39.2897	39.2736	39.2754	39.2562	39.2467	39.239	39.2603	39.2142	39.2447	39.2567	39.2244	39.1911	39.2213	39.2279	39.174	39.2058	39.1859	39.1927	39.1754	39.1686	39.0965	39.1545	39.0852	39.106	39.0883	39.0574	39.0385	39.0378	38.9692	38.9093	38.9433	38.9215	38.8812	38.8138	38.7963	38.7811	38.6949	38.6708	38.6091	38.4992	38.4612	38.3869	38.3053	38.2104	38.1064	37.991	37.8834	37.7369	37.558	37.3998	37.2335	36.989	36.7414	36.5004	36.2838	35.9574	35.6705	35.3919	35.1163	34.9005	34.6278	34.4681	34.2391	33.9913	33.7478	33.5783	33.3829	33.1107	32.8854	32.6453	32.3367	32.0988	31.8837	31.4788	31.2414	31.0051	30.8271	30.6534	30.3155	30.1578	29.9584	29.7151	29.6512	29.6154	29.4293	29.0802	28.9444	28.903	28.5216	28.4715	28.446	28.4047	28.3549	28.1239	28.1047	27.8401	27.9151	27.7154	27.5316	27.4655	27.663	27.9406	28.6612	32.0461
Sin-CPnd_076-Ex1-10E-lcwgs-1-2	38.9196	39.1525	39.2582	39.2852	39.3534	39.3856	39.3656	39.3805	39.4032	39.3807	39.3807	39.3756	39.3896	39.3672	39.3241	39.4101	39.4064	39.4193	39.4289	39.4073	39.4045	39.3849	39.4223	39.4127	39.401	39.2778	39.2688	39.2421	39.2634	39.2502	39.2645	39.2549	39.2115	39.2728	39.2453	39.2412	39.2454	39.2338	39.2395	39.2299	39.2244	39.2189	39.2367	39.2137	39.1813	39.2272	39.2166	39.2003	39.1882	39.1578	39.179	39.1691	39.181	39.1317	39.1669	39.1651	39.1603	39.1231	39.1516	39.1575	39.0977	39.1352	39.1175	39.1082	39.1022	39.0949	39.0035	39.0798	39.0307	39.0367	39.0213	39.0022	38.9922	38.9726	38.9159	38.8559	38.8767	38.8604	38.7903	38.7555	38.7513	38.692	38.6607	38.5999	38.5408	38.4578	38.4077	38.3513	38.2723	38.1812	38.0362	37.9739	37.8572	37.7183	37.5521	37.3972	37.1956	36.9552	36.7284	36.4816	36.2529	35.9127	35.7039	35.3767	35.0898	34.9125	34.6618	34.4601	34.2308	34.0036	33.8263	33.5603	33.421	33.1793	32.9451	32.6858	32.4368	32.202	31.9515	31.5944	31.3141	31.1311	30.9132	30.6769	30.4691	30.1784	30.0171	29.9142	29.7124	29.7809	29.5479	29.2419	29.0375	29.0332	28.73	28.7182	28.6386	28.5794	28.5342	28.3896	28.2382	28.0695	28.2497	27.9374	27.9057	27.8407	27.9799	28.1695	29.016	32.2592
Sin-CPnd_079-Ex1-9H-lcwgs-1-2	38.8748	39.1877	39.3021	39.3446	39.4277	39.4493	39.433	39.4364	39.4734	39.4314	39.4328	39.4347	39.4435	39.4362	39.3641	39.4552	39.4491	39.4739	39.4582	39.4494	39.4572	39.4434	39.4632	39.4469	39.4442	39.3578	39.3475	39.3103	39.3229	39.3086	39.322	39.3175	39.2922	39.3161	39.3018	39.2865	39.2867	39.3091	39.3021	39.2917	39.2852	39.2943	39.2901	39.2728	39.236	39.2666	39.2755	39.2613	39.2534	39.2348	39.2191	39.2298	39.2449	39.19	39.2369	39.2288	39.2144	39.1681	39.2104	39.2024	39.1435	39.2026	39.1763	39.1467	39.1467	39.1535	39.0397	39.1212	39.0468	39.0691	39.0901	39.0468	39.0209	39.0097	38.9394	38.8897	38.8983	38.9009	38.8482	38.7846	38.7769	38.7119	38.6651	38.607	38.5566	38.4829	38.4397	38.3722	38.2493	38.1748	38.0736	37.974	37.8536	37.7122	37.5854	37.3953	37.2063	36.9423	36.7485	36.4711	36.2637	35.9455	35.7025	35.376	35.1118	34.7939	34.6025	34.4899	34.2668	33.9733	33.8084	33.5441	33.3772	33.1637	32.8772	32.5714	32.3842	32.161	31.8405	31.4946	31.3153	30.9929	30.7602	30.601	30.3805	30.2013	29.906	29.7472	29.5782	29.5038	29.4908	29.0414	28.9133	28.9332	28.5683	28.5702	28.2702	28.4927	28.258	28.2025	27.973	27.9534	27.9018	27.5422	27.5198	27.6184	27.728	27.9297	28.7164	32.0434
Sin-CPnd_080-Ex1-2E-lcwgs-1-2	38.6879	39.0225	39.1579	39.1867	39.2926	39.2414	39.3212	39.3067	39.3929	39.3639	39.4058	39.3837	39.3978	39.3103	39.323	39.3796	39.4276	39.3784	39.4006	39.4393	39.3772	39.3816	39.3921	39.3345	39.3893	39.2909	39.2748	39.2506	39.2393	39.2595	39.2208	39.2414	39.0712	39.2408	39.1509	39.1964	39.1703	39.2212	39.2277	39.2335	39.1698	39.2833	39.1255	39.24	39.1349	39.1068	39.227	39.1355	39.1686	39.1808	39.1766	39.1536	39.1094	39.1446	39.1115	39.0993	39.1391	39.1572	39.1772	39.0874	39.0882	39.1209	39.0915	39.1478	39.0456	39.1072	39.0203	39.0865	39.0312	39.0378	38.9946	38.9714	38.8987	38.9222	38.8679	38.788	38.8159	38.8127	38.7423	38.7116	38.7084	38.7109	38.5714	38.6944	38.4513	38.405	38.4017	38.2558	38.124	38.1034	37.971	37.8039	37.7677	37.5393	37.2479	37.2346	37.1156	36.7717	36.6924	36.3325	35.9036	35.7839	35.5968	35.0287	34.8572	34.593	34.3915	34.1638	33.8839	33.6617	33.2345	33.2118	32.8857	32.9184	32.6946	32.3075	31.9835	31.8935	31.7865	31.1585	30.9632	30.969	30.5821	30.3493	30.297	29.8619	29.7592	29.4395	29.7082	29.7877	29.0648	29.0676	28.8567	28.9698	28.6838	28.8265	28.6407	28.1007	28.3271	28.396	28.1416	27.6818	28.1444	27.9493	27.5475	27.8911	28.1954	27.8492	28.9093	32.1307
Sin-CPnd_081-Ex1-10G-lcwgs-1-2	38.8367	39.1382	39.2478	39.2823	39.3462	39.3979	39.3691	39.3871	39.4273	39.3792	39.3807	39.378	39.4034	39.3911	39.3306	39.4248	39.4155	39.4288	39.4295	39.4267	39.4298	39.39	39.432	39.4161	39.4135	39.291	39.2873	39.2639	39.2728	39.2702	39.2808	39.2691	39.231	39.2795	39.2451	39.2409	39.2448	39.2397	39.2495	39.2435	39.2477	39.2421	39.2435	39.2323	39.1869	39.2341	39.2175	39.2076	39.2088	39.1943	39.1774	39.1759	39.1948	39.1493	39.1811	39.1923	39.1686	39.1245	39.1544	39.1606	39.0975	39.1369	39.1279	39.1239	39.0913	39.0922	38.9886	39.0887	39.0191	39.0455	39.0341	38.9941	38.9738	38.9822	38.8949	38.8748	38.857	38.8334	38.793	38.7288	38.7263	38.678	38.6449	38.5688	38.4949	38.4209	38.368	38.3102	38.2309	38.143	38.0111	37.9083	37.7888	37.655	37.4631	37.321	37.1291	36.8467	36.642	36.4157	36.1922	35.8384	35.5996	35.2866	35.0047	34.786	34.5799	34.3219	34.1154	33.8614	33.6817	33.5072	33.2999	32.9878	32.7468	32.527	32.2712	32.0432	31.7152	31.418	31.1076	30.8863	30.75	30.4975	30.264	30.0195	29.7758	29.6183	29.5514	29.5496	29.3069	28.8788	28.7685	28.7795	28.4356	28.3934	28.2474	28.2963	28.2807	28.1753	27.9909	27.8105	27.8591	27.5846	27.5809	27.4381	27.5795	27.8676	28.6811	32.0076
Sin-CPnd_085-Ex1-4H-lcwgs-1-2	38.3608	38.8502	39.027	39.103	39.2047	39.2383	39.2368	39.2483	39.2744	39.2453	39.2651	39.2515	39.2903	39.2656	39.2048	39.304	39.3062	39.3182	39.3282	39.3241	39.33	39.2969	39.3315	39.3312	39.3281	39.1722	39.1592	39.1365	39.1531	39.1339	39.148	39.1529	39.0963	39.1529	39.1247	39.1341	39.1271	39.117	39.1316	39.1075	39.123	39.1296	39.1183	39.1063	39.0722	39.1045	39.1119	39.1123	39.0921	39.0784	39.0541	39.0652	39.0636	39.0219	39.0671	39.0604	39.0635	39.0039	39.0348	39.0553	38.9739	39.0295	39.0301	39.0009	39.0051	38.9765	38.918	38.9732	38.9241	38.9321	38.9184	38.8913	38.875	38.8375	38.7954	38.7577	38.7642	38.7582	38.6917	38.6191	38.627	38.5959	38.5183	38.4734	38.4222	38.2932	38.2538	38.1863	38.1329	37.984	37.8668	37.7665	37.6349	37.4607	37.2755	37.1484	36.9303	36.6446	36.3938	36.145	35.8553	35.5424	35.2367	34.9678	34.673	34.4445	34.158	33.9838	33.7578	33.5247	33.331	33.1227	32.9545	32.69	32.3665	32.1738	31.9288	31.7224	31.3844	31.0521	30.8187	30.571	30.3265	30.0716	29.952	29.6623	29.5302	29.3605	29.2329	29.259	29.045	28.7304	28.4737	28.601	28.1389	28.1801	28.1379	28.0379	28.0642	27.9475	27.7912	27.5961	27.6791	27.4036	27.2821	27.2855	27.5016	27.6628	28.4863	31.8436
Sin-CPnd_088-Ex1-2D-lcwgs-1-2	38.8423	39.0516	39.1621	39.1216	39.341	39.3494	39.3197	39.289	39.3832	39.3078	39.4373	39.275	39.4029	39.3338	39.2448	39.3676	39.3894	39.3816	39.4456	39.3894	39.4898	39.3855	39.3457	39.3629	39.4035	39.1689	39.1523	39.119	39.1814	39.1689	39.1777	39.0638	39.0787	39.1983	39.1215	39.1351	39.0912	39.1691	39.0116	39.1218	39.1345	39.1797	39.2043	39.1466	39.1335	39.1839	39.1281	39.1874	39.1391	39.0624	39.0937	39.1805	39.1599	39.0787	39.0968	39.0939	39.092	39.1437	39.1568	39.1045	39.065	39.1798	39.1274	39.1734	39.1389	39.0758	39.0422	39.0956	39.1172	38.9851	39.062	38.9988	39.0036	39.0843	38.975	38.8201	38.8711	38.8796	38.8193	38.6891	39.0222	38.9473	38.8293	38.7758	38.7962	38.6966	38.6201	38.5678	38.2373	38.0922	38.1651	38.0021	37.9847	37.847	37.7326	37.5174	37.235	37.1168	36.6697	36.493	36.2681	36.1764	35.4726	35.5244	34.9175	34.9169	34.5272	34.498	34.3186	33.704	34.0247	33.3646	33.0536	32.8069	32.7945	32.6687	32.7631	32.0335	32.1199	31.0177	30.9534	30.9028	30.2301	30.6146	29.995	29.6856	29.7596	29.9178	29.8406	29.4435	29.0623	29.7307	29.0062	29.2401	28.6139	28.2819	28.654	28.9366	29.0935	28.5912	28.2402	28.3113	28.1597	28.2353	28.5797	27.8721	27.287	27.7803	29.2482	32.4706
Sin-CPnd_089-Ex1-9E-lcwgs-1-2	38.8687	39.1489	39.2671	39.3103	39.3753	39.4115	39.4014	39.4133	39.4383	39.4038	39.4044	39.3968	39.4054	39.4066	39.3519	39.4541	39.4411	39.4423	39.4569	39.4371	39.4432	39.4191	39.4399	39.4423	39.4254	39.3085	39.3088	39.2702	39.296	39.2805	39.2916	39.2926	39.2497	39.2847	39.2714	39.269	39.2693	39.2667	39.2771	39.2584	39.2683	39.2586	39.2687	39.2409	39.2099	39.247	39.2395	39.2321	39.2305	39.2046	39.1993	39.1999	39.2179	39.1501	39.1946	39.1929	39.1877	39.1281	39.1777	39.1864	39.1061	39.1657	39.1509	39.1354	39.1297	39.1127	39.035	39.0872	39.027	39.0622	39.0369	39.02	39.0151	38.9802	38.9198	38.8553	38.9085	38.8561	38.8314	38.758	38.747	38.7187	38.6802	38.6161	38.5287	38.462	38.4177	38.326	38.2593	38.1597	38.0601	37.9358	37.8129	37.6617	37.5013	37.3536	37.1709	36.9469	36.6904	36.4707	36.19	35.9124	35.6713	35.4254	35.1105	34.8715	34.5884	34.432	34.2572	33.959	33.7622	33.5345	33.3645	33.1389	32.851	32.6089	32.4336	32.2121	31.9682	31.5749	31.3376	31.138	30.9268	30.6424	30.4508	30.2229	30.1208	29.9381	29.8036	29.7699	29.5901	29.2176	29.0154	29.1581	28.7801	28.7929	28.7071	28.635	28.5512	28.4908	28.3981	28.1932	28.1644	28.1318	27.9552	27.9072	28.0663	28.168	29.0515	32.2547
Sin-CPnd_090-Ex1-12F-lcwgs-1-2	38.4095	38.8935	39.0801	39.1316	39.2358	39.2751	39.2702	39.2807	39.3208	39.2931	39.3094	39.2951	39.3102	39.3023	39.2495	39.339	39.3398	39.3518	39.355	39.3432	39.3624	39.3308	39.3495	39.3486	39.3459	39.193	39.1903	39.1589	39.1777	39.166	39.1837	39.1744	39.1343	39.1779	39.1483	39.1445	39.1489	39.1452	39.1514	39.1492	39.1464	39.1436	39.1546	39.1342	39.1041	39.1378	39.1427	39.1259	39.1077	39.1018	39.0829	39.0907	39.1011	39.0535	39.0833	39.0852	39.0738	39.0262	39.0748	39.0723	39.007	39.0605	39.0404	39.0329	39.0137	39.0085	38.9251	38.9964	38.9307	38.9586	38.9343	38.8994	38.8868	38.8818	38.8165	38.7582	38.7926	38.7575	38.7203	38.6568	38.6402	38.6052	38.5473	38.489	38.4241	38.3456	38.284	38.2136	38.127	38.0357	37.9112	37.7922	37.6822	37.5306	37.3498	37.1786	37.0015	36.737	36.5035	36.2561	36.0037	35.6602	35.4218	35.1011	34.8222	34.5984	34.3362	34.152	33.9221	33.6835	33.5057	33.2792	33.1028	32.8451	32.5744	32.3368	32.1014	31.8727	31.6022	31.2692	31.0282	30.7994	30.5942	30.3691	30.1344	29.9112	29.7495	29.6364	29.4815	29.5189	29.3333	28.9639	28.7931	28.8935	28.4917	28.5164	28.4438	28.4254	28.374	28.2394	28.1232	27.94	28.0236	27.7878	27.7331	27.7152	27.8399	28.0519	28.8212	32.1537
Sin-CPnd_092-Ex1-11F-lcwgs-1-2	38.8503	39.1949	39.3043	39.3636	39.4305	39.4677	39.4337	39.4552	39.4772	39.4568	39.4448	39.4406	39.4651	39.4589	39.3865	39.4842	39.4727	39.4868	39.4872	39.4772	39.473	39.449	39.476	39.4859	39.4696	39.3566	39.364	39.3176	39.3469	39.3379	39.3405	39.3199	39.2949	39.3446	39.3132	39.3223	39.3291	39.3063	39.3163	39.3216	39.3155	39.3102	39.3232	39.3058	39.2505	39.3045	39.3044	39.2827	39.2803	39.2663	39.2422	39.2676	39.2462	39.2328	39.2573	39.2538	39.2524	39.2023	39.2277	39.2181	39.1727	39.2229	39.2035	39.2082	39.1813	39.1677	39.0824	39.1668	39.0921	39.1001	39.0769	39.051	39.0619	39.0226	38.9541	38.8901	38.9503	38.9328	38.8711	38.816	38.8224	38.7593	38.712	38.6811	38.6295	38.5055	38.4767	38.3724	38.3143	38.2171	38.0984	37.9804	37.8569	37.7349	37.5521	37.4093	37.2374	36.9986	36.7681	36.4634	36.2602	35.9165	35.6872	35.3062	35.1261	34.8986	34.5692	34.4253	34.1517	33.9693	33.7542	33.5729	33.4088	33.2001	32.9029	32.6241	32.3637	32.2114	31.9471	31.4679	31.3645	31.08	30.9367	30.7277	30.387	30.0842	29.9312	29.8883	29.6714	29.5283	29.4422	29.1622	28.9084	29.0098	28.6036	28.5922	28.4945	28.4947	28.4284	28.1965	28.0774	27.9792	28.0107	27.6667	27.6849	27.724	27.7442	27.9974	28.718	32.1988
Sin-CPnd_093-Ex1-10C-lcwgs-1-2	38.7744	39.0911	39.1939	39.2478	39.334	39.3587	39.3488	39.3507	39.3878	39.3549	39.3585	39.3454	39.3731	39.3707	39.307	39.3957	39.3919	39.4176	39.3928	39.4046	39.4005	39.3875	39.3887	39.3915	39.396	39.2785	39.2689	39.2281	39.2433	39.2334	39.2419	39.2246	39.205	39.2555	39.2248	39.2289	39.2144	39.2216	39.211	39.219	39.233	39.2075	39.2253	39.2036	39.1593	39.1962	39.1981	39.1908	39.1703	39.1729	39.1425	39.155	39.1656	39.106	39.156	39.1665	39.1396	39.0877	39.1178	39.1335	39.0752	39.1057	39.0977	39.0832	39.0754	39.0412	38.9841	39.0603	38.9727	38.9949	38.9769	38.9462	38.9447	38.9317	38.8708	38.7897	38.8423	38.8076	38.77	38.6912	38.6585	38.6528	38.5914	38.5273	38.466	38.37	38.3249	38.2777	38.1898	38.0929	37.9689	37.8728	37.7447	37.5988	37.4277	37.277	37.1072	36.8133	36.6266	36.3765	36.1413	35.7312	35.5412	35.222	34.9431	34.7453	34.4492	34.219	34.0218	33.8293	33.6035	33.343	33.2212	32.9276	32.6996	32.3998	32.2409	31.9044	31.6922	31.3032	31.0969	30.8691	30.64	30.4068	30.1312	29.9284	29.7627	29.5861	29.4858	29.3226	29.1992	28.822	28.6293	28.7811	28.4288	28.3845	28.3367	28.3526	28.1719	28.0873	27.8477	27.7844	27.7878	27.6521	27.5334	27.3762	27.6596	27.8111	28.6089	31.9609
Sin-CPnd_094-Ex1-3H-lcwgs-1-2	38.3026	38.8285	39.0257	39.0849	39.1941	39.2334	39.2337	39.2491	39.2859	39.2496	39.2788	39.2655	39.2892	39.2795	39.2225	39.3215	39.3103	39.3242	39.3303	39.3274	39.3333	39.3124	39.3368	39.3263	39.3372	39.176	39.1775	39.1334	39.1625	39.1455	39.1693	39.1575	39.1245	39.159	39.1487	39.1333	39.1406	39.1312	39.1457	39.1332	39.1446	39.1337	39.1516	39.123	39.0906	39.1323	39.1444	39.1223	39.105	39.0988	39.0888	39.0996	39.1028	39.0641	39.1062	39.0867	39.0877	39.0489	39.0837	39.0827	39.0248	39.0711	39.0627	39.0586	39.0457	39.0239	38.9476	39.0238	38.9675	38.9874	38.9652	38.9262	38.9157	38.9091	38.8627	38.7914	38.8204	38.7969	38.7642	38.6936	38.6821	38.6443	38.6004	38.5359	38.4815	38.3823	38.3349	38.2494	38.1714	38.084	37.9414	37.8234	37.701	37.5474	37.3466	37.2081	36.9899	36.718	36.4832	36.2221	35.9628	35.6332	35.3557	35.0414	34.7619	34.5321	34.2814	34.0775	33.8584	33.6206	33.4277	33.1979	33.0324	32.7833	32.5164	32.2662	32.0386	31.7772	31.5315	31.1838	30.9457	30.7039	30.4671	30.2673	30.0188	29.8084	29.662	29.4989	29.3845	29.3673	29.2177	28.875	28.6545	28.7732	28.4032	28.3836	28.2681	28.317	28.2314	28.0951	27.9547	27.7673	27.859	27.6148	27.5684	27.516	27.6177	27.8493	28.6302	31.954
Sin-CPnd_095-Ex1-2B-lcwgs-1-2	38.9751	39.1224	39.2656	39.2941	39.3832	39.3702	39.3609	39.367	39.3953	39.3835	39.3884	39.3559	39.3888	39.3662	39.2908	39.3924	39.4201	39.4254	39.4163	39.423	39.4208	39.3612	39.3972	39.3967	39.4086	39.2463	39.255	39.2198	39.2404	39.2557	39.2545	39.2513	39.1993	39.2293	39.2229	39.2197	39.2238	39.2167	39.2239	39.2233	39.1994	39.1964	39.2201	39.1893	39.1564	39.1952	39.1972	39.166	39.1549	39.1524	39.1454	39.1483	39.1364	39.1019	39.1442	39.1312	39.1486	39.0751	39.098	39.1263	39.0651	39.1231	39.0827	39.0922	39.053	39.0617	38.9758	39.0664	38.9841	39.0017	38.973	38.9706	38.945	38.9342	38.8731	38.8214	38.8543	38.8236	38.7854	38.7528	38.721	38.6679	38.6475	38.5497	38.494	38.4111	38.3482	38.2588	38.1755	38.131	38.0135	37.8922	37.838	37.6172	37.4842	37.3123	37.1383	36.8346	36.653	36.4378	36.1604	35.8761	35.6931	35.3631	35.1006	34.9184	34.6746	34.4858	34.2759	34.0245	33.8021	33.6179	33.4419	33.2	32.9637	32.7417	32.4393	32.2253	32.0737	31.7224	31.468	31.1914	31.0114	30.7789	30.6467	30.2909	30.1689	30.0026	29.992	29.9145	29.8394	29.5405	29.3266	29.2693	29.1286	28.9604	28.8571	28.8143	28.7517	28.6136	28.592	28.4057	28.4181	28.2139	28.1181	28.0998	28.4132	28.4856	29.1526	32.4754
Undetermined	38.244	38.552	38.7263	38.7274	38.933	38.9931	38.905	38.9283	39.031	38.9332	39.0202	38.8843	39.0311	38.9473	38.8371	39.0612	38.9754	39.0754	39.0349	39.0236	39.0816	39.0561	39.0787	39.0255	38.994	38.6636	38.7065	38.6357	38.7008	38.6637	38.7212	38.6506	38.6212	38.6598	38.6362	38.6378	38.6263	38.6313	38.6312	38.634	38.672	38.629	38.6808	38.6084	38.5829	38.6628	38.6073	38.5988	38.5515	38.5372	38.5028	38.5797	38.5986	38.508	38.578	38.585	38.526	38.4628	38.5573	38.494	38.4109	38.5252	38.4618	38.4524	38.4205	38.3669	38.275	38.3543	38.2563	38.2862	38.2268	38.1807	38.1722	38.1573	38.1047	38.0528	38.0729	38.036	37.986	37.9045	37.8805	37.8275	37.7677	37.6991	37.6308	37.527	37.4705	37.3893	37.3045	37.1979	37.0735	36.9513	36.8315	36.6875	36.5064	36.3497	36.1672	35.9313	35.7093	35.4785	35.2473	34.9298	34.7133	34.4179	34.1612	33.9495	33.7044	33.5312	33.3197	33.0595	32.8943	32.6854	32.5108	32.2694	31.994	31.7214	31.5198	31.2924	31.0406	30.7094	30.4832	30.2716	30.0573	29.8388	29.6088	29.3636	29.2118	29.079	28.9311	28.936	28.747	28.4311	28.2255	28.3121	27.9573	27.9113	27.8196	27.8046	27.7201	27.5941	27.467	27.2696	27.3255	27.1111	27.0322	27.0	27.1472	27.4259	28.322	31.8654
