Sample	1	2	3	4	5	6	7	8	9	10	11	12	13	14	15	16	17	18	19	20	21	22	23	24	25	26	27	28	29	30	31	32	33	34	35	36	37	38	39	40	41	42	43	44	45	46	47	48	49	50	51	52	53	54	55	56	57	58	59	60	61	62	63	64	65	66	67	68	69	70	71	72	73	74	75	76	77	78	79	80	81	82	83	84	85	86	87	88	89	90	91	92	93	94	95	96	97	98	99	100	101	102	103	104	105	106	107	108	109	110	111	112	113	114	115	116	117	118	119	120	121	122	123	124	125	126	127	128	129	130	131	132	133	134	135	136	137	138	139	140	141	142	143	144	145	146	147	148	149	150
Sin-APnd_001-Ex1-6G-lcwgs-1-2	1.40331e-05	0.0846673	0.004049779999999999	0.054714900000000004	1.7335e-05	8.25475e-07	0.0	0.00043420000000000004	0.0811508	0.0	5.6957800000000005e-05	0.08556949999999999	0.0	0.0	0.0	8.25475e-07	0.0	2.47642e-06	0.0	4.12737e-06	0.0	0.0	1.65095e-06	0.000486205	0.128886	0.0	0.0897142	0.000564625	4.62266e-05	0.0	7.26418e-05	5.9434199999999994e-05	1.2382100000000001e-05	0.000238874	9.18961e-05	0.000180001	0.13506600000000002	0.17904799999999998	5.35305e-05	3.86216e-05	0.000279128	1.8646299999999998e-05	0.182618	4.29021e-06	1.1238199999999999e-05	0.00017259399999999998	4.39905e-06	1.77741e-06	1.88678e-05	2.72762e-06	0.0	3.0800600000000005e-05	7.5743099999999995e-06	0.00023933699999999998	5.37173e-05	4.96699e-06	0.0	0.0	0.000319304	5.35777e-06	9.406429999999999e-05	0.00011839800000000001	0.00022594	0.0	0.0032656	0.000167456	0.0	0.0	0.000569305	5.4103399999999994e-05	7.08459e-05	0.0	0.000432797	0.0	3.87884e-05	0.000194804	0.000164422	2.20236e-05	0.0	0.0	0.0437306	2.4904e-05	2.17474e-05	1.02052e-05	0.0	0.000194043	0.0005839570000000001	0.0	0.0	0.000112538	0.0	1.6108000000000002e-05	8.353250000000001e-05	0.00185699	0.0	0.0	0.0	0.0	0.0	0.0	7.53764e-06	0.000278107	2.85079e-05	0.000148293	0.000216081	0.0	9.569460000000001e-06	0.0	0.000374077	3.2484500000000004e-05	1.1283799999999999e-05	0.000117676	0.000245274	0.000153427	0.0	2.08717e-05	1.4523200000000002e-05	0.0	0.0	0.0902198	0.0	0.0	0.0	0.0	0.0	1.06458e-05	0.000122326	1.16149e-05	0.0	0.0	0.088974	0.0	0.0	0.00016556699999999998	0.0	0.000114911	0.0877218	0.137487	7.49819e-05	0.0	2.05137e-05	0.000171888	0.000224458	2.34228e-05	9.78881e-05	0.000743289	2.6910699999999996e-05	0.0	0.0645621	0.0
Sin-APnd_002-Ex1-3G-lcwgs-1-2	1.87072e-05	0.0852559	0.00426057	0.05597440000000001	1.1692000000000001e-05	2.3384e-06	0.0	0.000430266	0.08312560000000001	0.0	6.07985e-05	0.0872108	0.0	0.0	0.0	0.0	0.0	0.0	0.0	7.01521e-06	0.0	0.0	0.0	0.000493403	0.133214	0.0	0.091303	0.0005495249999999999	5.3783300000000004e-05	0.0	6.31369e-05	4.44297e-05	9.35362e-06	0.00020152199999999999	0.000108061	0.000186137	0.134917	0.180718	2.14609e-05	4.31436e-05	0.00031098899999999996	1.94101e-05	0.182088	2.46293e-06	0.0	0.00013543000000000002	2.53387e-06	2.56189e-06	1.5552899999999998e-05	5.24957e-06	0.0	1.6180500000000002e-05	8.2091e-06	0.00027230099999999997	3.10589e-05	5.74309e-06	0.0	0.0	0.000300362	0.0	7.261399999999999e-05	0.00010313500000000001	0.000227139	0.0	0.00321681	0.000176088	0.0	0.0	0.000583762	8.5563e-05	0.00010382	4.101629999999999e-06	0.00045942	0.0	4.01041e-05	0.00018341	0.00016049399999999998	1.94526e-05	0.0	0.0	0.0440016	2.7512e-05	4.54467e-05	5.86683e-06	0.0	0.000188096	0.000603162	0.0	0.0	0.000100774	0.0	1.54677e-05	4.81391e-05	0.0021229400000000002	0.0	0.0	0.0	0.0	0.0	0.0	0.0	0.00020414899999999999	2.3603500000000002e-05	0.000135136	0.000153518	0.0	0.0	0.0	0.000241717	4.72574e-05	3.28644e-05	0.00010287100000000001	0.00023256900000000002	0.000224026	0.0	4.06819e-05	2.1245e-05	0.0	0.0	0.0913235	0.0	0.0	0.0	0.0	0.0	0.0	0.000262706	3.4326099999999996e-05	0.0	0.0	0.0912016	0.0	0.0	4.46904e-05	0.0	4.88e-05	0.0865553	0.13983	5.58212e-05	5.8386e-05	0.0	6.40287e-05	0.000602579	0.0	0.00014626599999999999	0.000460012	0.0	0.0	0.0677153	0.0
Sin-APnd_003-Ex1-3H-lcwgs-1-2	2.18625e-05	0.0858162	0.00422145	0.0570183	1.0931200000000001e-05	9.93749e-07	0.0	0.00038160000000000006	0.0837711	0.0	5.6643699999999994e-05	0.0877848	0.0	9.93749e-07	0.0	0.0	0.0	9.93749e-07	0.0	2.9812500000000005e-06	0.0	0.0	9.93749e-07	0.0005247	0.132797	0.0	0.0907502	0.0005723999999999999	4.57125e-05	0.0	7.154990000000001e-05	4.8693700000000004e-05	9.93749e-06	0.00026365199999999996	0.000105614	0.000177658	0.135168	0.18143499999999999	5.227639999999999e-05	2.8240399999999998e-05	0.00028548	2.84652e-05	0.18425	4.10776e-06	1.03317e-05	0.00015081100000000002	4.19108e-06	0.0	1.59803e-05	4.30151e-06	0.0	1.42705e-05	8.88091e-06	0.000234785	4.55022e-05	6.91672e-06	0.0	1.18614e-06	0.00030229599999999997	4.89397e-06	8.57997e-05	0.000118845	0.00023021099999999997	0.0	0.00325506	0.000163018	0.0	0.0	0.000549633	5.7454500000000004e-05	6.0210199999999995e-05	0.0	0.000465761	0.0	2.9649199999999997e-05	0.00012648599999999998	0.00015893800000000002	2.47886e-05	0.0	0.0	0.0436501	2.1585299999999998e-05	2.82128e-05	8.281039999999999e-06	0.0	0.000227674	0.00059471	0.0	0.0	0.000103384	0.0	1.83197e-05	9.4521e-05	0.0019150299999999999	0.0	0.0	0.0	0.0	0.0	0.0	2.11195e-05	0.000269587	1.5088100000000002e-05	0.00012895999999999999	0.00013769	0.0	0.0	0.0	0.000380023	2.4348200000000002e-05	1.0110600000000001e-05	9.45022e-05	0.000278061	0.00020955199999999998	0.0	3.66958e-05	1.90714e-05	0.0	0.0	0.0921113	0.0	0.0	0.0	8.34229e-06	0.0	1.80565e-05	0.000178522	9.7793e-06	0.0	0.0	0.0921051	0.0	0.0	0.00012401599999999999	0.0	9.3987e-05	0.0850253	0.139172	3.03073e-05	0.0	4.9368100000000006e-05	0.000205992	0.000285871	5.57708e-05	7.7439e-05	0.000646788	6.34513e-05	2.2308499999999998e-05	0.06372409999999999	0.0
Sin-APnd_004-Ex1-4A-lcwgs-1-2	9.87375e-06	0.08514	0.00398053	0.056480699999999995	5.64215e-06	0.0	0.0	0.000380845	0.0813555	0.0	6.62952e-05	0.0848057	0.0	0.0	0.0	5.64215e-06	0.0	0.0	0.0	5.64215e-06	0.0	0.0	0.0	0.000516256	0.126893	0.0	0.0881966	0.000540235	3.9495e-05	0.0	7.19374e-05	6.488469999999999e-05	1.4105399999999999e-05	0.000264343	0.000116222	0.0001763	0.134379	0.178222	4.8969600000000006e-05	4.05608e-05	0.000294536	1.76267e-05	0.182751	5.977829999999999e-06	1.50977e-05	0.000195421	3.09103e-06	1.5657299999999999e-06	2.54008e-05	1.12786e-05	0.0	2.49482e-05	3.38343e-06	0.00022731299999999998	4.38637e-05	7.158439999999999e-06	0.0	0.0	0.00033406900000000004	1.9531e-06	7.79617e-05	0.00010640999999999999	0.00024727099999999997	0.0	0.0031112399999999995	0.00018540899999999999	0.0	0.0	0.000565083	7.33135e-05	7.027070000000001e-05	0.0	0.000416931	0.0	3.8093299999999997e-05	0.000157073	0.000143309	6.4316500000000005e-06	0.0	0.0	0.043823	2.5615300000000002e-05	2.6463499999999998e-05	1.56243e-05	0.0	0.000204872	0.000627644	0.0	0.0	0.000149252	0.0	2.5882900000000003e-05	6.98533e-05	0.00190158	0.0	0.0	0.0	0.0	0.0	0.0	7.2849500000000004e-06	0.00043127000000000004	3.93135e-05	7.35988e-05	0.00013614	0.0	0.0	0.0	0.000501094	1.04393e-05	0.0	5.66631e-05	0.000330483	0.00012295400000000002	0.0	6.676450000000001e-05	0.0	0.0	0.0	0.0885385	0.0	0.0	0.0	0.0	0.0	0.0	0.00016702699999999998	0.0	0.0	2.3626800000000002e-05	0.0918297	0.0	0.0	2.77387e-05	0.0	0.00018037	0.08936859999999999	0.139529	0.000136009	0.0	3.69205e-05	0.000192605	0.00036084	8.33991e-05	4.34124e-05	0.000634759	4.74622e-05	0.0	0.060216399999999996	0.0
Sin-APnd_005-Ex1-4B-lcwgs-1-2	2.3843100000000002e-05	0.0852082	0.0040342600000000004	0.056290099999999996	1.5498e-05	0.0	0.0	0.000393412	0.0811215	0.0	5.48392e-05	0.08599029999999999	0.0	1.1921600000000002e-06	0.0	0.0	0.0	2.38431e-06	0.0	2.38431e-06	0.0	0.0	0.0	0.000524549	0.127438	0.0	0.08899449999999999	0.000572235	5.24549e-05	0.0	7.03373e-05	6.55686e-05	1.5498e-05	0.00027970699999999997	0.00011992300000000001	0.000204663	0.134998	0.178343	7.093819999999999e-05	4.06372e-05	0.000310218	1.87719e-05	0.182849	6.381960000000001e-06	1.54938e-05	0.000142499	5.30016e-06	1.34398e-06	2.18289e-05	4.15867e-06	0.0	3.0118e-05	5.8413e-06	0.00026636300000000004	4.85634e-05	0.0	0.0	0.0	0.000340894	3.3872e-06	0.000100574	0.000163386	0.00026382399999999996	0.0	0.0033754300000000004	0.000184689	0.0	0.0	0.00063167	4.39112e-05	9.266000000000001e-05	0.0	0.000440915	0.0	2.79775e-05	0.000115376	0.00019744699999999998	3.6291299999999996e-05	0.0	0.0	0.0436088	1.90697e-05	3.28528e-05	6.79333e-06	0.0	0.000203763	0.000670658	0.0	0.0	0.000113239	0.0	3.60863e-05	8.42693e-05	0.00173014	0.0	0.0	0.0	0.0	0.0	6.1220800000000005e-06	0.0	0.00027792699999999997	2.06497e-05	0.00012177499999999999	0.00012679	0.0	0.0	0.0	0.000369022	9.154799999999999e-06	0.0	0.000119318	0.000238262	9.71714e-05	0.0	7.04013e-05	0.0	0.0	0.0	0.0933736	0.0	0.0	0.0	0.0	0.0	0.0	9.24484e-05	0.0	0.0	0.0	0.0907679	0.0	0.0	9.85809e-05	0.0	5.3461299999999996e-05	0.0869702	0.137628	3.02493e-05	0.0	6.57322e-05	0.000137147	0.000249861	3.71429e-05	0.000154754	0.000444385	0.00012680500000000002	0.0	0.0652964	0.0
Sin-APnd_006-Ex1-4C-lcwgs-1-2	1.81157e-05	0.08528859999999999	0.00405095	0.0576302	1.95092e-05	1.3935100000000001e-06	0.0	0.000370675	0.0822954	0.0	7.106920000000001e-05	0.0856524	0.0	0.0	0.0	1.3935100000000001e-06	0.0	0.0	0.0	5.57406e-06	0.0	0.0	2.78703e-06	0.00056716	0.12745499999999998	0.0	0.0879503	0.000551832	4.8773e-05	0.0	6.828220000000001e-05	6.828220000000001e-05	1.2541599999999999e-05	0.000264991	9.35443e-05	0.00018593600000000002	0.135137	0.180288	5.0614899999999995e-05	3.52417e-05	0.00030400800000000003	2.12854e-05	0.182693	4.29445e-06	1.5830999999999998e-05	0.000150582	2.91551e-06	4.40609e-06	1.77709e-05	5.97755e-06	0.0	1.22017e-05	1.54262e-06	0.00023266700000000001	4.1128600000000005e-05	4.81194e-06	0.0	0.0	0.000310841	3.4177600000000003e-06	9.217780000000001e-05	0.000123978	0.000259867	0.0	0.00333251	0.00018214499999999998	0.0	0.0	0.000629373	7.765289999999999e-05	4.51481e-05	0.0	0.00045411100000000004	0.0	3.0908e-05	0.000158663	0.000180516	1.80382e-05	2.64991e-06	0.0	0.0440923	4.04147e-05	2.37808e-05	6.1242699999999996e-06	0.0	0.000270145	0.000631289	6.9314400000000005e-06	0.0	9.98239e-05	0.0	2.37019e-05	8.1739e-05	0.0020211400000000003	0.0	0.0	0.0	0.0	0.0	0.0	0.0	0.000197045	1.75263e-05	0.000175884	0.000220452	0.0	0.0	0.0	0.00029414100000000004	3.82337e-05	1.59088e-05	0.00013241299999999998	0.000241059	0.000161251	0.0	1.9422200000000002e-05	1.01128e-05	0.0	0.0	0.0915289	0.0	0.0	0.0	0.0	0.0	1.45575e-05	0.000136529	0.0	0.0	0.0	0.09413479999999999	0.0	0.0	0.00020209999999999998	0.0	4.38792e-05	0.0868824	0.141423	0.000148974	0.0	2.6992999999999997e-05	0.000169094	0.000264242	3.05767e-05	6.37052e-05	0.000764882	0.00013919	0.0	0.0631971	0.0
Sin-APnd_007-Ex1-4D-lcwgs-1-2	2.33717e-05	0.0849698	0.00408592	0.0554266	1.2373200000000002e-05	0.0	0.0	0.000433063	0.0798377	0.0	4.26189e-05	0.08303819999999999	0.0	0.0	0.0	1.3748e-06	0.0	1.3748e-06	0.0	5.4992199999999995e-06	0.0	0.0	4.12441e-06	0.000571919	0.125378	0.0	0.0880576	0.000651657	3.8494499999999995e-05	0.0	6.461579999999999e-05	6.3241e-05	1.92473e-05	0.000234124	0.000118697	0.000217261	0.133016	0.175374	4.47796e-05	3.7974e-05	0.00027159499999999996	1.7086100000000002e-05	0.179877	2.89251e-06	1.1678200000000001e-05	0.000188765	7.45703e-06	1.5095000000000001e-06	2.5997000000000002e-05	9.304000000000001e-06	0.0	2.71678e-05	3.2487099999999998e-06	0.000252799	5.5507199999999996e-05	8.56991e-06	0.0	0.0	0.000309652	3.72216e-06	9.512e-05	0.000116717	0.000246745	0.0	0.00330598	0.00017959	0.0	0.0	0.000602666	8.53562e-05	5.6017600000000004e-05	0.0	0.000457922	0.0	4.8943800000000004e-05	0.00015664	0.000132417	2.9643299999999998e-05	0.0	0.0	0.043674000000000004	5.34569e-05	6.19998e-05	7.10362e-06	0.0	0.00028751600000000003	0.000687565	4.03556e-06	0.0	9.053659999999999e-05	0.0	2.30507e-05	4.29363e-05	0.0019848699999999997	0.0	0.0	0.0	0.0	0.0	0.0	6.33441e-06	0.000262686	4.08655e-05	0.000120151	0.000205427	0.0	7.91575e-06	0.0	0.000401634	1.77572e-05	9.22659e-06	0.000153495	0.00029915	0.00018664000000000002	0.0	3.36609e-05	0.0	0.0	0.0	0.0903016	0.0	0.0	0.0	0.0	0.0	0.0	0.000190949	0.0	0.0	0.0	0.0914266	0.0	0.0	0.00013818	0.0	0.000124876	0.08662	0.135483	8.483219999999999e-05	0.0	3.07674e-05	0.00012860400000000002	6.70007e-05	0.00013958000000000002	0.0	0.000684838	3.98716e-05	0.0	0.062455300000000005	0.0
Sin-APnd_008-Ex1-4E-lcwgs-1-2	1.6827699999999998e-05	0.0850212	0.00405883	0.0551655	4.48737e-06	2.24369e-06	0.0	0.000351137	0.0811665	0.0	6.50669e-05	0.08609359999999999	0.0	0.0	0.0	1.12184e-06	0.0	1.12184e-06	0.0	6.73106e-06	0.0	0.0	0.0	0.000539607	0.12778399999999998	0.0	0.08897450000000001	0.000600186	6.17014e-05	0.0	6.05795e-05	6.73106e-05	1.6827699999999998e-05	0.00025388799999999997	0.00010690799999999999	0.000200731	0.135214	0.17972000000000002	5.4617399999999997e-05	4.57026e-05	0.000288154	2.65493e-05	0.183766	1.16975e-06	1.53292e-05	0.000157045	1.20164e-06	6.0733200000000005e-06	2.21213e-05	2.48927e-06	0.0	2.04736e-05	1.299e-06	0.0002481	4.42816e-05	4.0972599999999995e-06	0.0	0.0	0.000334197	0.0	0.000108589	0.000120175	0.000255082	0.0	0.00341022	0.000190675	0.0	0.0	0.000616606	5.22624e-05	7.09031e-05	5.90504e-06	0.00044280099999999994	0.0	3.41518e-05	0.000153601	0.000182814	2.09059e-05	0.0	0.0	0.0441587	1.30697e-05	2.1553e-05	2.77707e-06	0.0	0.000260191	0.000692947	0.0	0.0	0.000117822	0.0	3.23872e-05	4.46842e-05	0.0017105700000000002	0.0	0.0	0.0	0.0	0.0	0.0	0.0	0.000290836	2.11469e-05	0.000109634	0.000125064	0.0	0.0	0.0	0.000382944	5.4829499999999994e-05	3.5576e-05	0.000147775	0.000199422	0.000199051	0.0	1.7170799999999998e-05	5.3505600000000005e-05	0.0	0.0	0.0912013	0.0	0.0	0.0	0.0	0.0	0.0	0.000142552	0.0	0.0	0.0	0.0933346	0.0	0.0	0.00015154	0.0	7.24971e-05	0.0864148	0.136985	2.02854e-05	0.0	0.0	0.00018215	0.000259877	4.900689999999999e-05	7.63271e-05	0.000450221	0.0	0.0	0.061425900000000005	0.0
Sin-APnd_009-Ex1-4F-lcwgs-1-2	1.81775e-05	0.0845617	0.00400208	0.0553308	1.36331e-05	1.5147899999999998e-06	0.0	0.000359006	0.0812125	0.0	5.7562099999999996e-05	0.085872	0.0	0.0	0.0	3.0295799999999996e-06	0.0	0.0	0.0	9.08875e-06	0.0	0.0	0.0	0.0004711	0.126999	0.0	0.088844	0.000583195	4.24142e-05	0.0	7.271e-05	5.6047299999999994e-05	1.06035e-05	0.000239741	0.00011555800000000001	0.00016309999999999998	0.135096	0.179274	4.15837e-05	3.86807e-05	0.000311066	2.03393e-05	0.183056	1.5868099999999998e-06	1.2802200000000001e-05	0.00016637799999999998	6.528230000000001e-06	0.0	1.67044e-05	5.077170000000001e-06	0.0	2.08964e-05	1.76852e-06	0.000239079	3.6574e-05	5.5865700000000005e-06	0.0	0.0	0.000239135	4.0376e-06	5.7772900000000004e-05	0.000105489	0.00026115899999999996	0.0	0.0031467300000000004	0.000134654	0.0	0.0	0.000613337	6.71741e-05	5.3142099999999994e-05	0.0	0.00036577	0.0	3.28066e-05	0.00014749499999999998	0.000167865	9.80139e-06	0.0	0.0	0.0446298	1.85541e-05	2.68352e-05	3.96154e-06	0.0	0.000233153	0.000719634	0.0	0.0	0.000131762	0.0	1.57391e-05	8.166960000000001e-05	0.0018532000000000002	0.0	0.0	0.0	0.0	0.0	0.0	1.4791000000000001e-05	0.000261443	1.59987e-05	4.99516e-05	0.000156023	0.0	0.0	0.0	0.000306706	0.0	0.0	0.000127457	0.000181201	0.000138596	0.0	4.1144e-05	0.0	0.0	0.0	0.08948600000000001	0.0	0.0	0.0	0.0	0.0	0.0	0.000306888	2.28964e-05	0.0	0.0	0.0910286	0.0	0.0	0.000326177	0.0	0.000129369	0.0892995	0.13938799999999998	0.000147623	0.0	0.0	0.000253471	0.00017653799999999998	4.60763e-05	9.635120000000001e-05	0.00075753	0.000159149	0.0	0.0628985	0.0
Sin-APnd_010-Ex1-4G-lcwgs-1-2	1.62274e-05	0.0849515	0.00415189	0.0557028	1.39092e-05	1.1590999999999998e-06	0.0	0.000387139	0.0803417	0.0	4.98412e-05	0.0856469	0.0	0.0	0.0	0.0	0.0	0.0	0.0	2.3181999999999997e-06	0.0	0.0	0.0	0.0005691170000000001	0.127685	0.0	0.0892297	0.0006143219999999999	5.56367e-05	0.0	6.37504e-05	5.67958e-05	1.62274e-05	0.00022641	9.54071e-05	0.00019478600000000002	0.135303	0.179164	5.8919099999999996e-05	4.02485e-05	0.000268928	2.51355e-05	0.183866	2.42706e-06	1.3458600000000002e-05	0.000179009	4.98705e-06	1.2599e-06	1.65638e-05	6.448170000000001e-06	0.0	1.1914e-05	6.713120000000001e-06	0.000243922	4.4292499999999996e-05	4.22181e-06	0.0	0.0	0.000347635	3.0290899999999997e-06	9.73115e-05	0.000110312	0.000241257	0.0	0.00327523	0.000188936	0.0	0.0	0.000549926	6.81058e-05	5.8209000000000005e-05	0.0	0.00040661900000000005	0.0	3.4459500000000004e-05	0.00017038600000000002	0.000170597	2.33959e-05	0.0	0.0	0.044586400000000005	3.67745e-05	3.5172399999999995e-05	1.67241e-05	0.0	0.000237158	0.000673004	0.0	0.0	0.000117952	0.0	1.80011e-05	6.33194e-05	0.00169926	0.0	0.0	0.0	0.0	0.0	0.0	0.0	0.000342068	1.0583400000000001e-05	0.000120744	0.00020500599999999998	0.0	0.0	0.0	0.00039094600000000003	1.3767099999999999e-05	7.151829999999999e-06	0.00011894	0.00021621399999999997	0.000128392	0.0	2.6023899999999997e-05	9.02085e-06	0.0	0.0	0.09094110000000001	0.0	0.0	0.0	0.0	0.0	0.0	0.00014648	2.7715400000000002e-05	0.0	0.0	0.0900296	0.0	0.0	0.000140514	0.0	0.000133132	0.0884465	0.13713799999999998	8.593529999999999e-05	0.0	0.0	0.000170483	0.00025368200000000003	2.64011e-05	5.5017799999999994e-05	0.000632647	0.000120476	0.0	0.0627042	0.0
Sin-APnd_011-Ex1-4H-lcwgs-1-2	1.82229e-05	0.0841583	0.00413558	0.054972400000000005	9.11144e-06	1.01238e-06	0.0	0.000436337	0.0808721	0.0	7.28915e-05	0.0858561	0.0	0.0	0.0	1.01238e-06	0.0	1.01238e-06	0.0	1.01238e-06	0.0	0.0	2.02476e-06	0.000545674	0.12789999999999999	0.0	0.089199	0.000598318	5.66934e-05	0.0	7.89658e-05	6.68172e-05	1.2148600000000001e-05	0.000256699	0.000105805	0.00021024299999999999	0.134955	0.179199	5.0668300000000004e-05	4.78421e-05	0.00027219	2.84757e-05	0.18323499999999998	2.14613e-06	6.5045e-06	0.00013923199999999998	7.76878e-06	3.3733000000000004e-06	2.2805599999999997e-05	5.78723e-06	0.0	2.86866e-05	2.43211e-06	0.00024886499999999997	5.0467300000000004e-05	2.57392e-06	0.0	0.0	0.000314273	5.61516e-06	8.7628e-05	0.000136752	0.00023037699999999998	0.0	0.00337259	0.00017859699999999998	0.0	0.0	0.0005828999999999999	5.4325799999999994e-05	6.70664e-05	3.83497e-06	0.00039672	0.0	4.1845e-05	0.00018106399999999999	0.000177728	1.60371e-05	2.36346e-06	0.0	0.0433621	3.3772e-05	2.68216e-05	0.0	0.0	0.00023968699999999998	0.000556933	0.0	0.0	8.818759999999999e-05	0.0	2.54606e-05	6.40719e-05	0.00198395	0.0	0.0	0.0	0.0	0.0	0.0	5.03833e-06	0.00034483800000000003	1.62588e-05	0.000129354	0.00014012	0.0	0.0	0.0	0.000401116	1.4123600000000001e-05	2.9339200000000002e-05	0.00011429300000000001	0.000205726	0.000139691	0.0	1.77311e-05	9.211149999999999e-06	0.0	0.0	0.0905737	0.0	0.0	0.0	0.0	0.0	0.0	0.000200628	0.0	0.0	0.0	0.0946862	0.0	0.0	0.000242112	0.0	0.000130098	0.0839029	0.142443	4.14881e-05	0.0	0.0	0.000278356	0.000312635	9.963929999999999e-05	7.74815e-05	0.0006443040000000001	5.59302e-05	0.0	0.0620587	0.0
Sin-APnd_012-Ex1-5A-lcwgs-1-2	2.37193e-05	0.0849902	0.00407379	0.0561347	1.18597e-05	9.88304e-07	0.0	0.000416076	0.0806367	0.0	5.73216e-05	0.0848291	0.0	9.88304e-07	0.0	9.88304e-07	0.0	9.88304e-07	0.0	6.91813e-06	0.0	0.0	1.9766099999999997e-06	0.000527754	0.127878	0.0	0.0881083	0.000547521	4.94152e-05	0.0	7.01696e-05	7.11579e-05	1.77895e-05	0.000248365	9.6126e-05	0.000195577	0.133741	0.177679	5.70236e-05	3.81497e-05	0.00030039300000000004	3.34206e-05	0.180879	2.0485399999999998e-06	1.8564299999999998e-05	0.000145502	3.1448e-06	2.11617e-06	1.924e-05	9.7265e-06	0.0	2.8789200000000002e-05	2.24403e-06	0.000252589	4.2723300000000005e-05	2.34576e-06	0.0	1.21279e-06	0.000312368	1.25747e-06	7.687690000000001e-05	0.000141044	0.00023568500000000002	0.0	0.00319719	0.000169979	0.0	0.0	0.000569637	5.73745e-05	5.5574799999999995e-05	1.6266600000000002e-06	0.000481637	0.0	2.9755000000000002e-05	0.000152563	0.000176774	1.13409e-05	0.0	0.0	0.0436279	2.7357799999999997e-05	3.2444800000000005e-05	1.11184e-05	0.0	0.000183667	0.000594081	0.0	0.0	0.00011151	0.0	1.69537e-05	9.04525e-05	0.0018803700000000001	0.0	0.0	0.0	0.0	0.0	0.0	3.81693e-06	0.000335816	2.4547399999999998e-05	9.32623e-05	0.000171359	0.0	4.7312699999999995e-06	0.0	0.000341726	1.05925e-05	1.6503199999999998e-05	8.577239999999999e-05	0.00024358300000000002	0.000160517	0.0	5.33866e-05	6.94133e-06	0.0	0.0	0.0907664	0.0	0.0	0.0	0.0	0.0	9.898030000000001e-06	0.00027839900000000003	0.0	0.0	0.0	0.09305719999999999	0.0	0.0	0.000150944	0.0	8.93254e-05	0.0859862	0.137152	8.4383e-05	0.0	1.83754e-05	0.000288089	0.000140195	0.00010431199999999999	6.52681e-05	0.000568962	0.00014312800000000002	0.0	0.0636247	0.0
Sin-APnd_013-Ex1-5B-lcwgs-1-2	1.71212e-05	0.08513470000000001	0.00409988	0.056665999999999994	1.18532e-05	1.31702e-06	0.0	0.00040169100000000003	0.0812508	0.0	6.05828e-05	0.0850688	0.0	1.31702e-06	0.0	2.63404e-06	0.0	0.0	0.0	2.63404e-06	0.0	0.0	0.0	0.000526807	0.126581	0.0	0.08787009999999999	0.0005781709999999999	5.79488e-05	0.0	6.71679e-05	6.32169e-05	1.84383e-05	0.000294258	0.00011375300000000001	0.000193674	0.135388	0.177645	6.71521e-05	4.7271e-05	0.000314004	2.3279400000000003e-05	0.180768	8.36336e-06	5.63563e-06	0.000134011	0.0	4.395349999999999e-06	1.63652e-05	7.56243e-06	0.0	1.72459e-05	0.0	0.000239825	3.33322e-05	1.02275e-05	0.0	0.0	0.000318887	0.0	8.68361e-05	0.000156519	0.000268612	0.0	0.00349055	0.000179343	0.0	0.0	0.000666485	6.74901e-05	4.38437e-05	0.0	0.000494697	0.0	2.63658e-05	0.000154337	0.000162624	1.29359e-05	3.3455499999999997e-06	0.0	0.0449134	2.22407e-05	3.83646e-05	1.19133e-05	0.0	0.00023878	0.000641031	0.0	0.0	0.000103693	0.0	2.12841e-05	7.18674e-05	0.0020100499999999998	0.0	0.0	0.0	0.0	0.0	0.0	0.0	0.000259298	2.4520699999999997e-05	0.00012763500000000002	0.000212636	0.0	0.0	0.0	0.000366085	2.1804e-05	1.1364399999999999e-05	0.00011850600000000001	0.000209993	0.000180317	0.0	4.20351e-05	1.462e-05	0.0	0.0	0.0923954	0.0	0.0	0.0	0.0	0.0	0.0	0.000222777	0.0	0.0	0.0	0.0933287	0.0	0.0	0.000150103	0.0	3.2690899999999996e-05	0.0891484	0.137438	7.45289e-05	0.0	0.0	0.00017052700000000002	0.000267075	9.28858e-05	0.000145595	0.000762697	0.00010682	0.0	0.06469369999999999	0.0
Sin-APnd_014-Ex1-5C-lcwgs-1-2	1.62998e-05	0.0845799	0.00422759	0.0571384	2.07453e-05	1.4818000000000002e-06	0.0	0.000443059	0.0813659	0.0	6.223579999999999e-05	0.0851504	0.0	0.0	0.0	2.96361e-06	0.0	0.0	0.0	1.03726e-05	0.0	0.0	1.4818000000000002e-06	0.000594204	0.126256	0.0	0.0871108	0.0006105030000000001	5.77904e-05	0.0	8.14992e-05	6.8163e-05	1.62998e-05	0.00027025	0.000102727	0.000201633	0.134804	0.176809	4.2397899999999996e-05	5.18044e-05	0.00034681299999999996	2.7848500000000003e-05	0.181361	3.1549900000000004e-06	1.27673e-05	0.000172971	4.91845e-06	3.32883e-06	2.36828e-05	1.72132e-06	1.7531399999999998e-06	2.32345e-05	0.0	0.00024215899999999998	6.09433e-05	5.84825e-06	0.0	0.0	0.000311234	4.31949e-06	9.32069e-05	0.00011176900000000001	0.000293192	0.0	0.00340753	0.000197309	0.0	0.0	0.000653942	7.28079e-05	6.322189999999999e-05	0.0	0.000502421	0.0	2.0685e-05	0.00015347699999999998	0.000188565	1.9162e-05	0.0	0.0	0.0430591	3.54933e-05	4.14339e-05	4.77793e-06	0.0	0.00022185	0.0005311059999999999	0.0	0.0	0.000127041	0.0	0.0	7.52467e-05	0.0018184499999999999	0.0	0.0	0.0	0.0	0.0	0.0	0.0	0.000311474	0.0	0.000120653	0.000149109	0.0	0.0	0.0	0.00041267200000000005	1.43977e-05	3.0139500000000002e-05	9.47016e-05	0.000264313	0.000155613	0.0	1.89775e-05	0.0	0.0	0.0	0.0919343	0.0	0.0	0.0	0.0	0.0	0.0	0.00025194299999999997	0.0	0.0	0.0	0.0891256	0.0	0.0	0.00013058499999999998	0.0	4.7744199999999996e-05	0.09325699999999999	0.140183	5.4973e-05	0.0	0.0	0.000507273	0.000265563	6.945330000000001e-05	7.277500000000001e-05	0.000840888	8.0474e-05	0.0	0.06623420000000001	0.0
Sin-APnd_015-Ex1-5D-lcwgs-1-2	1.76215e-05	0.0854552	0.00412048	0.0566765	1.4684499999999998e-05	0.0	0.0	0.00041557300000000003	0.0788178	0.0	6.02066e-05	0.0817973	0.0	1.4684499999999999e-06	0.0	1.4684499999999999e-06	0.0	1.4684499999999999e-06	0.0	7.3422700000000004e-06	0.0	0.0	1.4684499999999999e-06	0.000487527	0.12435199999999999	0.0	0.0870441	0.000546265	4.55221e-05	0.0	6.60805e-05	4.99275e-05	1.1747599999999999e-05	0.000283785	0.000119299	0.00020218899999999997	0.13197	0.173785	6.40268e-05	5.53207e-05	0.00032000299999999996	2.87036e-05	0.176834	6.12526e-06	1.54396e-05	0.000152714	1.57452e-06	4.77703e-06	1.45077e-05	4.900419999999999e-06	0.0	2.52281e-05	8.54421e-06	0.000238089	4.59962e-05	3.60584e-06	0.0	0.0	0.000331868	1.96133e-06	9.4305e-05	0.000104735	0.000254458	0.0	0.00329307	0.000179249	0.0	0.0	0.000719645	7.60932e-05	7.31212e-05	0.0	0.00044358300000000005	0.0	2.35753e-05	0.000145938	0.00021657700000000002	3.56671e-05	0.0	0.0	0.042582	3.3352199999999996e-05	3.4504599999999995e-05	1.19026e-05	0.0	0.00025980400000000004	0.000587303	4.58042e-06	0.0	0.00012828	0.0	1.06461e-05	8.301709999999999e-05	0.0019451899999999999	0.0	0.0	0.0	0.0	0.0	0.0	1.52896e-05	0.00023101199999999998	8.303110000000001e-06	8.66046e-05	0.000126526	0.0	9.8567e-06	0.0	0.000290423	3.3714099999999996e-05	1.17439e-05	0.000135099	0.00025673	0.000254989	0.0	5.8736e-05	1.53663e-05	0.0	0.0	0.0905459	0.0	0.0	0.0	0.0	0.0	0.0	0.00016896900000000001	0.0	0.0	0.0	0.0876233	0.0	0.0	0.000133005	0.0	3.6471700000000005e-05	0.0860491	0.138423	0.0	0.0	9.23671e-05	0.000145394	0.000101536	0.0	0.000111367	0.000526515	0.0001232	0.0	0.0626123	0.0
Sin-APnd_016-Ex1-5E-lcwgs-1-2	1.87069e-05	0.08548359999999999	0.00406206	0.0567419	1.4698200000000001e-05	2.67241e-06	0.0	0.00036612	0.0804114	0.0	6.5474e-05	0.0844868	0.0	2.67241e-06	0.0	1.3362e-06	0.0	1.3362e-06	0.0	6.68102e-06	0.0	0.0	0.0	0.000542499	0.12585000000000002	0.0	0.0877739	0.000539826	6.41378e-05	0.0	5.8793e-05	6.81464e-05	1.06896e-05	0.000288017	0.000114229	0.0001983	0.13421799999999998	0.177841	7.677299999999999e-05	4.41931e-05	0.00034957	2.8120899999999997e-05	0.180091	1.43821e-06	1.3119e-05	0.000136097	6.013870000000001e-06	1.5296700000000002e-06	2.0257e-05	6.3572200000000004e-06	0.0	2.98453e-05	1.69598e-06	0.00022050500000000002	6.04942e-05	5.47667e-06	0.0	0.0	0.000333148	1.02061e-05	7.98808e-05	0.000123417	0.00027884	0.0	0.0032549299999999996	0.00016908800000000002	0.0	0.0	0.00066663	7.01038e-05	6.67724e-05	3.00703e-06	0.00048270100000000004	0.0	2.67313e-05	0.00014198599999999998	0.000222642	1.4905500000000002e-05	0.0	0.0	0.0432438	3.8967599999999996e-05	2.24838e-05	1.4012699999999999e-05	0.0	0.000232341	0.000530778	0.0	0.0	0.000112716	0.0	1.93195e-05	0.00010070700000000001	0.0020229	0.0	0.0	0.0	0.0	0.0	0.0	0.0	0.00029553	3.08511e-05	8.59451e-05	0.000224515	0.0	0.0	0.0	0.00044352000000000004	2.8113199999999997e-05	4.41123e-05	3.07777e-05	0.00025746899999999997	0.000134643	0.0	3.6860600000000004e-05	0.0	0.0	0.0	0.09292769999999999	0.0	0.0	0.0	0.0	0.0	0.0	0.000271254	3.15391e-05	0.0	0.0	0.0934327	0.0	0.0	0.000123625	0.0	0.00013512799999999998	0.0885714	0.137775	0.000103222	0.0	0.0	0.00023699099999999998	0.000247682	0.00012930100000000001	6.76092e-05	0.000709197	0.0	0.0	0.060529400000000004	0.0
Sin-APnd_017-Ex1-5F-lcwgs-1-2	1.75919e-05	0.0854149	0.00399175	0.056223600000000006	1.75919e-05	0.0	0.0	0.00037742499999999997	0.08044280000000001	0.0	6.87682e-05	0.08526299999999999	0.0	0.0	0.0	1.59926e-06	0.0	0.0	0.0	4.7977799999999995e-06	0.0	0.0	0.0	0.000505366	0.125566	0.0	0.0875371	0.000546947	6.39704e-05	0.0	5.437489999999999e-05	8.47608e-05	1.11948e-05	0.00024996	9.63718e-05	0.00019170399999999998	0.13420100000000001	0.177652	5.22106e-05	5.08758e-05	0.000304015	2.49761e-05	0.181685	3.3923099999999995e-06	3.43007e-06	0.000138911	5.28073e-06	1.78638e-06	1.63344e-05	5.5382199999999995e-06	0.0	3.06465e-05	1.95377e-06	0.000233402	2.85419e-05	2.08591e-06	0.0	0.0	0.000325724	0.0	8.99907e-05	0.000167861	0.000265029	0.0	0.0032280200000000003	0.00015810500000000002	0.0	0.0	0.000571413	7.41289e-05	7.01895e-05	0.0	0.000432709	0.0	3.64011e-05	0.0001506	0.000140257	1.61375e-05	0.0	0.0	0.043842	4.64893e-05	4.33754e-05	4.99697e-06	0.0	0.00021525499999999997	0.0005811869999999999	0.0	0.0	8.154950000000001e-05	0.0	2.03526e-05	9.88548e-05	0.00189588	0.0	0.0	0.0	0.0	0.0	0.0	0.0	0.00023482100000000002	5.321300000000001e-05	9.989319999999999e-05	0.00024317700000000002	0.0	0.0	0.0	0.00030289	1.43768e-05	3.00317e-05	7.843269999999999e-05	0.00021293999999999998	0.00022234000000000002	0.0	1.86657e-05	0.0	0.0	0.0	0.0945796	0.0	0.0	0.0	0.0	0.0	0.0	0.00012074799999999999	0.0	0.0	0.0	0.0945228	0.0	0.0	0.000123134	0.0	0.00022396999999999999	0.08637579999999999	0.135266	0.000102382	0.0	0.0	0.000234803	0.000122679	0.000128108	0.0	0.000913053	7.37476e-05	0.0	0.0641863	0.0
Sin-APnd_018-Ex1-5G-lcwgs-1-2	2.1772299999999998e-05	0.0848247	0.0041294700000000005	0.0572356	2.35866e-05	1.81435e-06	0.0	0.000422745	0.0798806	0.0	5.80594e-05	0.0846378	0.0	0.0	0.0	1.81435e-06	0.0	1.81435e-06	0.0	7.25742e-06	0.0	0.0	0.0	0.0005515639999999999	0.126007	0.0	0.08692749999999999	0.000558821	4.8987600000000005e-05	0.0	6.16881e-05	5.6245e-05	1.81435e-05	0.00028899	0.00010564999999999999	0.00020090199999999998	0.134249	0.178444	8.31221e-05	5.01294e-05	0.000323095	2.4442299999999998e-05	0.181197	5.7322899999999995e-06	1.3505999999999999e-05	0.000173574	5.92092e-06	3.99843e-06	1.82456e-05	4.11604e-06	0.0	2.552e-05	4.33005e-06	0.000282368	3.59995e-05	6.8922100000000005e-06	0.0	0.0	0.00038351799999999996	5.03676e-06	0.000110987	0.00016939199999999998	0.000255252	0.0	0.00343144	0.00020032499999999998	0.0	0.0	0.000591937	7.62742e-05	5.47238e-05	0.0	0.000480939	0.0	6.21712e-05	0.000168662	0.00019931000000000001	1.71859e-05	4.4478299999999996e-06	0.0	0.044624699999999996	3.45875e-05	2.04817e-05	5.30712e-06	0.0	0.000211404	0.000694103	0.0	0.0	0.00012650200000000002	0.0	7.20465e-06	5.25081e-05	0.0019604400000000004	0.0	0.0	0.0	0.0	0.0	0.0	1.0465799999999999e-05	0.000272944	1.13924e-05	0.00014275	0.00017393400000000002	0.0	0.0	0.0	0.00044496100000000007	3.10136e-05	0.0	0.00011873799999999999	0.000177383	0.000111328	0.0	2.0313800000000002e-05	2.12591e-05	0.0	0.0	0.0914535	0.0	0.0	0.0	0.0	0.0	0.0	0.000334438	3.50203e-05	0.0	0.0	0.092181	0.0	0.0	9.2101e-05	0.0	0.00010090199999999999	0.0898884	0.13988	0.000174117	0.0	0.0	0.000201139	0.000140486	0.0	0.000154077	0.00080984	0.00017067	0.0	0.0643733	0.0
Sin-APnd_019-Ex1-5H-lcwgs-1-2	1.98894e-05	0.0851416	0.00421158	0.056904899999999994	1.6160199999999998e-05	3.72927e-06	0.0	0.00041394800000000003	0.0803856	0.0	7.58284e-05	0.08455990000000001	0.0	0.0	0.0	1.24309e-06	0.0	1.24309e-06	0.0	3.72927e-06	0.0	0.0	1.24309e-06	0.00052707	0.125756	0.0	0.0878677	0.000585495	6.46406e-05	0.0	8.452999999999999e-05	6.33975e-05	1.11878e-05	0.000298766	9.976620000000001e-05	0.000226209	0.13380899999999998	0.178007	5.2984499999999994e-05	3.67433e-05	0.00031070399999999997	3.97026e-05	0.180252	0.0	9.16838e-06	0.00015866899999999998	1.3362799999999999e-06	1.35171e-06	2.0529699999999998e-05	9.71062e-06	0.0	1.57178e-05	4.35632e-06	0.000255526	5.26318e-05	3.0652600000000003e-06	0.0	0.0	0.00032618599999999996	1.6674000000000001e-06	6.82241e-05	0.000157087	0.000280538	0.0	0.00337096	0.000163762	0.0	0.0	0.000688014	6.88386e-05	7.305690000000001e-05	4.559580000000001e-06	0.000483725	0.0	2.4931099999999996e-05	0.00017737000000000002	0.00019093199999999997	2.19026e-05	2.82788e-06	0.0	0.043397	3.43296e-05	1.6135800000000002e-05	0.0	0.0	0.00020754699999999998	0.000559873	0.0	0.0	9.51546e-05	0.0	2.67509e-05	8.80195e-05	0.00184836	0.0	0.0	0.0	0.0	0.0	0.0	0.0	0.000264835	3.4476999999999995e-05	0.000165276	0.00020228899999999997	0.0	8.15959e-06	0.0	0.000364632	4.64204e-05	0.0	0.000101269	0.000232628	0.000231941	0.0	7.23429e-05	1.26032e-05	0.0	0.0	0.0885368	0.0	0.0	0.0	0.0	0.0	0.0	0.000254481	2.0473200000000002e-05	0.0	0.0	0.0903252	0.0	0.0	5.3505600000000005e-05	0.0	0.000146219	0.0877993	0.13829	6.70793e-05	0.0	3.67966e-05	0.00030877199999999996	0.00020196499999999997	0.0	0.0	0.000417837	4.8852200000000006e-05	0.0	0.06375600000000001	0.0
Sin-APnd_020-Ex1-6A-lcwgs-1-2	1.5412500000000002e-05	0.0852376	0.00406075	0.056444299999999996	1.45059e-05	0.0	0.0	0.000400726	0.0804642	0.0	5.8930199999999994e-05	0.0844443	0.0	0.0	0.0	3.6264800000000002e-06	0.0	1.8132400000000001e-06	0.0	1.08794e-05	0.0	0.0	2.7198599999999997e-06	0.000521306	0.126627	0.0	0.0883817	0.000572983	4.71442e-05	0.0	5.8930199999999994e-05	7.16229e-05	1.1786e-05	0.00022791899999999998	0.000114638	0.00016870699999999998	0.132731	0.17709	3.8684500000000005e-05	4.3489100000000003e-05	0.000358148	2.8079800000000002e-05	0.17976699999999998	3.8005500000000004e-06	1.3427199999999999e-05	0.00014344	3.92321e-06	2.98089e-06	1.51185e-05	3.07117e-06	2.08191e-06	2.22539e-05	2.16001e-06	0.0002501	4.16363e-05	6.905039999999999e-06	0.0	0.0	0.000335564	2.54137e-06	8.08936e-05	0.00012328300000000002	0.000297377	0.0	0.00321459	0.00018909500000000002	0.0	0.0	0.00067885	6.97488e-05	4.21739e-05	3.63277e-06	0.000467534	0.0	3.4115899999999996e-05	0.000157777	0.000195491	6.67448e-06	0.0	0.0	0.0437404	4.61701e-05	2.9245e-05	2.7562900000000003e-06	0.0	0.00022576300000000003	0.000644914	0.0	0.0	0.00010405000000000001	0.0	2.6289500000000003e-05	8.99976e-05	0.0019444199999999999	0.0	0.0	0.0	0.0	0.0	0.0	1.09442e-05	0.000233931	5.95135e-06	0.00011806100000000001	0.000175244	0.0	0.0	0.0	0.000256495	2.43894e-05	8.5057e-06	8.01483e-05	0.00030740300000000004	0.000116914	0.0	4.2688700000000003e-05	0.0	0.0	0.0	0.0898993	0.0	0.0	0.0	0.0	0.0	1.67593e-05	0.00021069499999999997	1.84009e-05	0.0	0.0	0.0914442	0.0	0.0	9.68054e-05	0.0	7.95763e-05	0.0848991	0.136603	0.00018337399999999998	0.0	0.0	0.00014101400000000002	0.000147703	7.72135e-05	4.0426499999999997e-05	0.000722226	8.94664e-05	0.0	0.0650601	0.0
Sin-APnd_021-Ex1-6B-lcwgs-1-2	7.1468e-06	0.0852271	0.0040408	0.0559452	1.71523e-05	0.0	0.0	0.000368775	0.081475	0.0	8.00442e-05	0.0857388	0.0	0.0	0.0	0.0	0.0	4.28808e-06	0.0	0.0	0.0	0.0	0.0	0.0005131399999999999	0.12781299999999998	0.0	0.0885189	0.000554592	5.4315700000000006e-05	0.0	5.2886299999999995e-05	7.28974e-05	1.71523e-05	0.000234801	0.000110464	0.000186938	0.13481	0.179153	5.373e-05	3.93802e-05	0.000253583	2.21116e-05	0.183052	5.976230000000001e-06	6.02467e-06	0.00014740199999999998	1.53461e-06	4.6525e-06	1.88223e-05	4.763439999999999e-06	1.60839e-06	1.63038e-05	1.6538799999999998e-06	0.000261912	4.9467100000000006e-05	6.938610000000001e-06	0.0	0.0	0.000302303	1.86804e-06	9.717619999999999e-05	0.000134139	0.000208336	0.0	0.00319545	0.0001695	0.0	0.0	0.00061449	5.83159e-05	4.7837700000000004e-05	0.0	0.000412887	0.0	3.71261e-05	0.000122545	0.000151098	2.0139100000000002e-05	2.95971e-06	0.0	0.044182599999999995	2.9023799999999998e-05	2.6560699999999998e-05	0.0	0.0	0.000214442	0.0007799500000000001	0.0	0.0	8.67e-05	0.0	2.6452599999999998e-05	5.4735800000000005e-05	0.0018069700000000002	0.0	0.0	0.0	0.0	0.0	0.0	6.03452e-06	0.000275076	0.0	0.00012770000000000001	0.000160421	0.0	0.0	0.0	0.000414804	8.45165e-06	2.63502e-05	6.39373e-05	0.000303811	0.000187572	0.0	5.34288e-05	0.0	0.0	0.0	0.0927095	0.0	0.0	0.0	0.0	0.0	0.0	0.000132445	0.0	0.0	0.0	0.0920668	0.0	0.0	0.000132271	0.0	7.181490000000001e-05	0.0850015	0.135308	2.7193599999999997e-05	0.0	2.96432e-05	0.000216859	0.000129252	6.73435e-05	3.51402e-05	0.000625178	0.000115755	0.0	0.0633198	0.0
Sin-APnd_022-Ex1-6C-lcwgs-1-2	7.2394000000000005e-06	0.0861959	0.0040613	0.0570718	2.5337899999999997e-05	0.0	0.0	0.000333012	0.078609	0.0	4.70561e-05	0.0844295	0.0	0.0	0.0	0.0	0.0	0.0	0.0	1.80985e-05	0.0	0.0	0.0	0.0005863919999999999	0.124829	0.0	0.0871371	0.000597251	3.2577300000000004e-05	0.0	7.2394e-05	4.70561e-05	7.2394000000000005e-06	0.00029727400000000004	0.000112603	0.000211171	0.135719	0.178286	6.619900000000001e-05	5.5416699999999994e-05	0.00032308099999999996	1.86775e-05	0.184234	3.78872e-06	7.64247e-06	0.000165874	0.0	0.0	7.981489999999999e-06	1.2130400000000002e-05	0.0	3.74506e-05	0.0	0.000309389	3.93502e-05	0.0	0.0	0.0	0.00031199099999999996	0.0	8.38795e-05	0.000121045	0.00026302	0.0	0.0031995500000000002	0.000166253	0.0	0.0	0.000563375	8.00407e-05	4.43002e-05	0.0	0.000441821	0.0	2.8349699999999997e-05	0.000182454	0.000180443	3.10013e-05	0.0	0.0	0.0449738	5.2664500000000004e-05	4.5303300000000004e-05	9.35348e-06	0.0	0.000179886	0.000682214	0.0	0.0	8.03047e-05	0.0	1.2318700000000001e-05	2.55554e-05	0.00159044	0.0	0.0	0.0	0.0	0.0	0.0	0.0	0.000161062	0.0	1.9334200000000002e-05	0.000241329	0.0	0.0	0.0	0.000306985	0.0	0.0	7.99935e-05	0.000166505	0.00023112800000000001	0.0	3.13527e-05	3.26686e-05	0.0	0.0	0.0901243	0.0	0.0	0.0	0.0	0.0	0.0	0.00014636	0.0	0.0	0.0	0.0964936	0.0	0.0	0.00025864700000000003	0.0	7.00284e-05	0.0880297	0.141789	0.000158268	0.0	0.0	0.000268579	9.31064e-05	0.0	0.0	0.000840635	0.0	0.0	0.0603138	0.0
Sin-APnd_023-Ex1-6D-lcwgs-1-2	1.13929e-05	0.08523689999999999	0.00401918	0.05666720000000001	1.26588e-05	0.0	0.0	0.000424071	0.0795303	0.0	5.94965e-05	0.0831938	0.0	1.2658800000000001e-06	0.0	2.53177e-06	0.0	2.53177e-06	0.0	7.595300000000001e-06	0.0	0.0	0.0	0.000510151	0.125031	0.0	0.0872244	0.000531671	6.582590000000001e-05	0.0	5.1901200000000004e-05	6.456e-05	1.7722399999999998e-05	0.000231847	0.000112873	0.000161269	0.13226100000000002	0.175357	5.49062e-05	3.20044e-05	0.000268372	2.83493e-05	0.17802	1.2999699999999999e-06	7.84257e-06	0.00016046000000000002	3.9735e-06	1.33488e-06	2.15435e-05	6.79686e-06	0.0	2.22195e-05	4.21594e-06	0.00027609900000000003	5.4813e-05	0.0	0.0	0.0	0.000296215	3.12303e-06	8.42551e-05	0.00012143899999999999	0.00021119999999999998	0.0	0.0034545799999999996	0.00015256700000000002	0.0	0.0	0.000600324	6.91378e-05	4.5247700000000004e-05	2.01638e-06	0.00042994699999999997	0.0	3.91432e-05	0.00016516	0.000171899	1.17766e-05	0.0	0.0	0.044033800000000005	4.48152e-05	2.9846900000000004e-05	8.38039e-06	0.0	0.00022854600000000002	0.000670518	0.0	0.0	0.00011123699999999999	0.0	7.20118e-06	8.564710000000001e-05	0.00195282	0.0	0.0	0.0	0.0	0.0	0.0	0.0	0.000199698	1.0621099999999999e-05	0.00011022400000000001	0.000137312	0.0	0.0	0.0	0.00030727600000000004	2.77905e-05	1.44497e-05	0.000120251	0.000281436	0.00017076899999999998	0.0	5.2881e-05	1.83518e-05	0.0	0.0	0.0898269	0.0	0.0	0.0	0.0	0.0	0.0	0.000193211	0.0	0.0	0.0	0.0896025	0.0	0.0	5.5450799999999994e-05	0.0	0.000120607	0.08678419999999999	0.135291	6.861330000000001e-05	0.0	4.9918999999999994e-05	0.00018274600000000002	0.000245053	0.0	0.00011848399999999999	0.00037208	0.0	0.0	0.0652796	0.0
Sin-APnd_024-Ex1-6E-lcwgs-1-2	1.8932600000000002e-05	0.0856247	0.00400993	0.056468399999999995	1.8932600000000002e-05	3.78652e-06	0.0	0.000295349	0.07958140000000001	0.0	7.9517e-05	0.0848522	0.0	0.0	0.0	1.1359599999999999e-05	0.0	0.0	0.0	1.1359599999999999e-05	0.0	0.0	0.0	0.000503608	0.12328499999999999	0.0	0.0863858	0.000496035	7.1944e-05	0.0	6.43709e-05	5.301129999999999e-05	3.78652e-06	0.00020853900000000002	6.83642e-05	0.000175061	0.135387	0.178716	5.3742399999999996e-05	5.01001e-05	0.00030972000000000004	3.5026e-05	0.179719	3.94175e-06	1.19179e-05	0.000212395	1.2140799999999999e-05	4.090980000000001e-06	1.24183e-05	8.38655e-06	0.0	1.72579e-05	0.0	0.00024060400000000003	3.62706e-05	0.0	0.0	0.0	0.000338432	5.01114e-06	0.00010246699999999999	9.95642e-05	0.000257382	0.0	0.00335369	0.000161595	0.0	0.0	0.000593836	6.42563e-05	5.94799e-05	0.0	0.00034995699999999997	0.0	3.71069e-05	0.00022175599999999998	0.00013401300000000002	2.43973e-05	0.0	0.0	0.0446709	4.61973e-05	3.81786e-05	1.97257e-05	0.0	0.00017939	0.000611636	0.0	0.0	9.715539999999999e-05	0.0	1.30562e-05	9.483520000000001e-05	0.0020104800000000003	0.0	0.0	0.0	0.0	0.0	0.0	1.8388500000000002e-05	0.000191201	0.0	0.00012415	0.000215397	0.0	0.0	0.0	0.00027925	0.0	0.0	0.00020121	0.00020969499999999998	0.00018737299999999998	0.0	0.0	3.54278e-05	0.0	0.0	0.0905788	0.0	0.0	0.0	0.0	0.0	0.0	0.00010792200000000001	0.0	0.0	0.0	0.0987193	0.0	0.0	0.000145354	0.0	7.9139e-05	0.0837542	0.146084	0.0	9.429789999999999e-05	0.0	0.000722299	0.000107672	0.0	0.0	0.000122731	0.0	0.0	0.062446699999999994	0.0
Sin-APnd_025-Ex1-6F-lcwgs-1-2	2.31143e-05	0.0854769	0.00400719	0.055316800000000006	1.68104e-05	4.20261e-06	0.0	0.000357222	0.0802929	0.0	5.67352e-05	0.0848129	0.0	0.0	0.0	2.1013e-06	0.0	0.0	0.0	2.1013e-06	0.0	0.0	0.0	0.000540035	0.126114	0.0	0.0879228	0.0005463390000000001	5.46339e-05	0.0	7.35457e-05	7.984959999999999e-05	1.05065e-05	0.00024621399999999997	0.000103304	0.00019861599999999998	0.13467500000000002	0.17716800000000002	2.7727e-05	3.42692e-05	0.000303452	2.38039e-05	0.183096	8.77176e-06	1.1052999999999999e-05	0.000182892	1.12631e-05	4.55411e-06	1.84312e-05	0.0	2.36528e-06	2.87971e-05	7.31088e-06	0.00021797699999999998	4.28381e-05	5.13282e-06	0.0	0.0	0.000356995	5.56849e-06	0.00010816999999999999	0.000157241	0.000229485	0.0	0.00319481	0.000176606	0.0	0.0	0.0005956850000000001	5.01667e-05	4.4258900000000004e-05	3.79846e-06	0.000489147	0.0	2.0789599999999998e-05	0.000218771	0.000168238	1.3718299999999999e-05	4.72495e-06	0.0	0.0449777	3.13314e-05	4.3220099999999996e-05	5.59112e-06	0.0	0.00015002	0.0006843180000000001	0.0	0.0	9.03365e-05	0.0	2.99848e-05	0.000109112	0.0018396399999999998	0.0	0.0	0.0	0.0	0.0	0.0	1.0763199999999999e-05	0.000291593	2.33829e-05	0.00012196200000000001	0.000165412	0.0	0.0	0.0	0.000332837	0.0	1.65087e-05	0.00017257	0.000288548	9.42481e-05	0.0	4.12309e-05	2.1565500000000002e-05	0.0	0.0	0.0915476	0.0	0.0	0.0	0.0	0.0	0.0	0.000135489	0.0	0.0	0.0	0.0930056	0.0	0.0	0.00014012400000000002	0.0	0.00020493	0.086541	0.137768	0.000177142	0.0	6.501179999999999e-05	0.000136622	7.159440000000001e-05	0.00014994	7.86159e-05	0.000578292	0.0	0.0	0.0651841	0.0
Sin-CPnd_013-Ex1-4E-lcwgs-1-2	0.0	0.154662	0.0	0.044189099999999995	0.0	0.0	0.0	0.0	0.044189099999999995	0.0	0.0	0.11047299999999999	0.0	0.0	0.0	0.0	0.0	0.0	0.0	0.0	0.0	0.0	0.0	0.0	0.132567	0.0	0.0662837	0.0	0.0	0.0	0.0	0.0	0.0	0.0	0.0	0.0	0.133899	0.22396400000000002	0.0	0.0	0.0	0.0	0.137426	0.0	0.0	0.0	0.0	0.0	0.0	0.0	0.0	0.0	0.0	0.0	0.0	0.0	0.0	0.0	0.0	0.0	0.0	0.0	0.0	0.0	0.0	0.0	0.0	0.0	0.0	0.0	0.0	0.0	0.0	0.0	0.0	0.0	0.0	0.0	0.0	0.0	0.0633513	0.0	0.0	0.0	0.0	0.0	0.0	0.0	0.0	0.0	0.0	0.0	0.0	0.0	0.0	0.0	0.0	0.0	0.0	0.0	0.0	0.0	0.0	0.0	0.0	0.0	0.0	0.0	0.0	0.0	0.0	0.0	0.0	0.0	0.0	0.0	0.0	0.0	0.0	0.353535	0.0	0.0	0.0	0.0	0.0	0.0	0.0	0.0	0.0	0.0	0.0	0.0	0.0	0.0	0.0	0.0	0.126582	0.0643087	0.0	0.0	0.0	0.0	0.0	0.0	0.0	0.0	0.0	0.0	0.157729	0.0
Sin-CPnd_015-Ex1-4A-lcwgs-1-2	0.0	0.06539	0.0	0.0373657	0.0	0.0	0.0	0.0	0.102756	0.0	0.0	0.0840729	0.0	0.0	0.0	0.0	0.0	0.0	0.0	0.0	0.0	0.0	0.0	0.0	0.13078	0.0	0.13078	0.0	0.0	0.0	0.0	0.0	0.0	0.0	0.0	0.0	0.18804099999999999	0.188715	0.0	0.0	0.0	0.0	0.135305	0.0	0.0	0.0	0.0	0.0	0.0	0.0	0.0	0.0	0.0	0.0	0.0	0.0	0.0	0.0	0.0	0.0	0.0	0.0	0.0	0.0	0.0	0.0	0.0	0.0	0.0	0.0	0.0	0.0	0.0	0.0	0.0	0.0	0.0	0.0	0.0	0.0	0.116669	0.0	0.0	0.0	0.0	0.0	0.0	0.0	0.0	0.0	0.0	0.0	0.0	0.0	0.0	0.0	0.0	0.0	0.0	0.0	0.0	0.0	0.0	0.0	0.0	0.0	0.0	0.0	0.0	0.0	0.0	0.0	0.0	0.0	0.0	0.0	0.0	0.0	0.0	0.126199	0.0	0.0	0.0	0.0	0.0	0.0	0.0	0.0	0.0	0.0	0.08800229999999999	0.0	0.0	0.0	0.0	0.0	0.09618470000000001	0.162973	0.0	0.0	0.0	0.0	0.0	0.0	0.0	0.0	0.0	0.0	0.040518599999999995	0.0
Sin-CPnd_018-Ex1-11A-lcwgs-1-2	0.0	0.0865587	0.00274789	0.0540419	0.0	0.0	0.0	0.000457982	0.0691553	0.0	0.0	0.0677814	0.0	0.0	0.0	0.0	0.0	0.0	0.0	0.0	0.0	0.0	0.0	0.000457982	0.119075	0.0	0.0714453	0.0009159649999999999	0.000457982	0.0	0.0	0.0	0.0	0.0	0.000919029	0.0	0.146865	0.190874	0.0	0.0	0.0	0.0	0.173291	0.0	0.0	0.0	0.0	0.0	0.0	0.0	0.0	0.0	0.0	0.0	0.0	0.0	0.0	0.0	0.0	0.0	0.0	0.00120315	0.0	0.0	0.0031664	0.0	0.0	0.0	0.0006829669999999999	0.0	0.000710409	0.0	0.000739481	0.0	0.0	0.0007850219999999999	0.0	0.0	0.0	0.0	0.041840999999999996	0.0	0.0	0.0	0.0	0.0	0.0	0.0	0.0	0.00106056	0.0	0.0	0.0	0.0011593	0.0	0.0	0.0	0.0	0.0	0.0	0.0	0.0	0.0	0.0	0.0	0.0	0.0	0.0	0.0016136800000000001	0.0	0.0	0.0	0.0	0.0	0.0	0.0	0.0	0.0	0.0	0.11188000000000001	0.0	0.0	0.0	0.0	0.0	0.0	0.0023344900000000003	0.0	0.0	0.0	0.110965	0.0	0.0	0.0	0.0	0.0	0.0764548	0.150029	0.0	0.0	0.0	0.0	0.0	0.0	0.0	0.0033812300000000003	0.0	0.0	0.0721528	0.0
Sin-CPnd_019-Ex1-1H-lcwgs-1-2	0.0	0.0923326	0.00188434	0.0810266	0.0	0.0	0.0	0.0	0.122482	0.0	0.0	0.0866796	0.0	0.0	0.0	0.0	0.0	0.0	0.0	0.0	0.0	0.0	0.0	0.0	0.15451600000000001	0.0	0.06972060000000001	0.0	0.0	0.0	0.0	0.0	0.0	0.0	0.0	0.0	0.172653	0.152111	0.0	0.0	0.0	0.0	0.18935	0.0	0.0	0.0	0.0	0.0	0.0	0.0	0.0	0.0	0.0	0.0	0.0	0.0	0.0	0.0	0.0	0.0	0.0	0.0	0.0	0.0	0.00231916	0.0	0.0	0.0	0.0	0.0	0.0	0.0	0.0	0.0	0.0	0.0	0.0	0.0	0.0	0.0	0.0413614	0.0	0.0	0.0	0.0	0.0	0.0	0.0	0.0	0.0	0.0	0.0	0.0	0.0	0.0	0.0	0.0	0.0	0.0	0.0	0.0	0.0	0.0	0.0	0.0	0.0	0.0	0.0	0.0	0.0	0.0	0.0	0.0	0.0	0.0	0.0	0.0	0.0	0.0	0.0656216	0.0	0.0	0.0	0.0	0.0	0.0	0.0	0.0	0.0	0.0	0.0996016	0.0	0.0	0.0	0.0	0.0	0.07134360000000001	0.172011	0.0	0.0	0.0	0.0	0.0	0.0	0.0	0.0	0.0	0.0	0.0	0.0
Sin-CPnd_020-Ex1-12E-lcwgs-1-2	0.0	0.0895516	0.00287551	0.0575102	0.0	0.0	0.0	0.0	0.0858545	0.0	0.0	0.0854438	0.0	0.0	0.0	0.0	0.0	0.0	0.0	0.0	0.0	0.0	0.0	0.000821575	0.131452	0.0	0.0862653	0.0	0.0	0.0	0.0	0.0	0.0	0.0	0.0	0.0	0.136691	0.187383	0.0	0.0	0.0	0.0	0.18534899999999999	0.0	0.0	0.0	0.0	0.0	0.0	0.0	0.0	0.0	0.0	0.0	0.0	0.0	0.0	0.0	0.000997904	0.0	0.0	0.0	0.0	0.0	0.00542974	0.0	0.0	0.0	0.0	0.0	0.0	0.0	0.00123648	0.0	0.0	0.00130191	0.0	0.0	0.0	0.0	0.033447700000000004	0.0	0.0	0.0	0.0	0.0	0.000797099	0.0	0.0	0.0	0.0	0.0	0.0008994100000000001	0.0018353199999999999	0.0	0.0	0.0	0.0	0.0	0.0	0.0	0.0	0.00110433	0.0	0.0	0.0	0.0	0.0	0.0	0.0	0.0	0.0	0.00136603	0.0	0.0	0.0	0.0	0.0	0.0	0.0902599	0.0	0.0	0.0	0.0	0.0	0.0	0.0	0.0	0.0	0.0	0.10828199999999999	0.0	0.0	0.0	0.0	0.0	0.11648599999999999	0.142463	0.0	0.0	0.0	0.0	0.0	0.0	0.0	0.0	0.0	0.0	0.0819801	0.0
Sin-CPnd_021-Ex1-3D-lcwgs-1-2	0.0	0.0988764	0.0	0.0449438	0.0	0.0	0.0	0.0	0.053932600000000004	0.0	0.0	0.14382	0.0	0.0	0.0	0.0	0.0	0.0	0.0	0.0	0.0	0.0	0.0	0.0	0.0988764	0.0	0.0719101	0.0	0.0	0.0	0.0	0.0	0.0	0.009009010000000001	0.0	0.0	0.10984000000000001	0.166098	0.0	0.0	0.0	0.0	0.116245	0.0	0.0	0.0	0.0	0.0	0.0	0.0	0.0	0.0	0.0	0.0	0.0	0.0	0.0	0.0	0.0	0.0	0.0	0.0	0.0	0.0	0.0	0.0	0.0	0.0	0.0	0.0	0.0	0.0	0.0186706	0.0	0.0	0.0	0.0	0.0	0.0	0.0	0.023148099999999998	0.0	0.0	0.0	0.0	0.0	0.0	0.0	0.0	0.0	0.0	0.0	0.0	0.0	0.0	0.0	0.0	0.0	0.0	0.0	0.0	0.0	0.0	0.0	0.0	0.0	0.0	0.0	0.0	0.0	0.0	0.0	0.0	0.0	0.0	0.0	0.0	0.0	0.0	0.058616600000000005	0.0	0.0	0.0	0.0	0.0	0.0	0.0	0.0	0.0	0.0	0.221239	0.0	0.0	0.0	0.0	0.0	0.0	0.505051	0.0	0.0	0.0	0.0	0.0	0.0	0.0	0.0	0.0	0.0	0.109529	0.0
Sin-CPnd_022-Ex1-1D-lcwgs-1-2	0.0	0.07616339999999999	0.00253878	0.058391900000000004	0.0	0.0	0.0	0.0	0.081241	0.0	0.0	0.132017	0.0	0.0	0.0	0.0	0.0	0.0	0.0	0.0	0.0	0.0	0.0	0.0	0.167559	0.0	0.0990124	0.0	0.0	0.0	0.0	0.0	0.0	0.0	0.0	0.0	0.150303	0.244873	0.0	0.0	0.0	0.0	0.224204	0.0	0.0	0.0	0.0	0.0	0.0	0.0	0.0	0.0	0.0	0.0	0.0	0.0	0.0	0.0	0.0	0.0	0.0	0.0	0.0	0.0	0.0	0.0	0.0	0.0	0.0	0.0	0.0	0.0	0.0	0.0	0.0	0.0	0.0	0.0	0.0	0.0	0.040857399999999995	0.0	0.0	0.0	0.0	0.0	0.0	0.0	0.0	0.0	0.0	0.0	0.0	0.00693505	0.0	0.0	0.0	0.0	0.0	0.0	0.0	0.0	0.0	0.0	0.0	0.0	0.0	0.0	0.0	0.0	0.0	0.0	0.0	0.0	0.0	0.0	0.0	0.0	0.0	0.0709409	0.0	0.0	0.0	0.0	0.0	0.0	0.0	0.0	0.0	0.0	0.10486899999999999	0.0	0.0	0.0	0.0	0.0	0.0587011	0.124069	0.0	0.0	0.0	0.0	0.0	0.0	0.0	0.0	0.0	0.0	0.0787505	0.0
Sin-CPnd_023-Ex1-12B-lcwgs-1-2	0.0	0.0866673	0.0025193999999999998	0.0453492	0.0	0.0	0.0	0.0	0.0624811	0.0	0.00050388	0.0786053	0.0	0.0	0.0	0.0	0.0	0.0	0.0	0.0	0.0	0.0	0.0	0.0	0.11942000000000001	0.0	0.0957372	0.00050388	0.00050388	0.0	0.00050388	0.00050388	0.0	0.0	0.0	0.000507601	0.136519	0.185167	0.0	0.0	0.0	0.0	0.190167	0.0	0.0	0.0	0.0	0.0	0.0	0.0	0.0	0.0	0.0	0.0	0.0	0.0	0.0	0.0	0.0	0.0	0.0	0.0013479	0.0	0.0	0.0021278	0.0	0.0	0.0	0.0	0.0007786830000000001	0.0	0.0	0.0008277730000000001	0.0	0.0	0.0	0.0	0.0	0.0	0.0	0.0430512	0.0010001699999999999	0.0	0.0	0.0	0.0	0.0	0.0	0.0	0.0	0.0	0.0	0.0	0.00131287	0.0	0.0	0.0	0.0	0.0	0.0	0.0	0.0	0.0	0.0	0.00169509	0.0	0.0	0.0	0.0	0.0	0.0	0.0	0.0	0.0	0.0	0.0	0.0	0.0	0.0	0.08845539999999999	0.0	0.0	0.0	0.0	0.0	0.0	0.0	0.0	0.0	0.0	0.0940762	0.0	0.0	0.0	0.0	0.0	0.0964852	0.119685	0.0	0.0	0.0	0.0	0.0	0.0	0.0	0.0	0.0	0.0	0.13070099999999998	0.0
Sin-CPnd_024-Ex1-12C-lcwgs-1-2	0.0	0.087672	0.00324711	0.0539021	0.0	0.0	0.0	0.000649422	0.0766318	0.0	0.0	0.0811778	0.0	0.0	0.0	0.0	0.0	0.0	0.0	0.0	0.0	0.0	0.0	0.0	0.125339	0.0	0.0746836	0.0	0.0	0.0	0.0	0.0	0.0	0.0	0.0	0.0	0.128772	0.17163899999999999	0.0	0.0	0.0	0.0	0.190327	0.0	0.0	0.0	0.0	0.0	0.0	0.0	0.0	0.0	0.0	0.0	0.0	0.0	0.0	0.0	0.0	0.0	0.0	0.0	0.0	0.0	0.0009516109999999999	0.0	0.0	0.0	0.00103587	0.0	0.0	0.0	0.00113249	0.0	0.0	0.0	0.0	0.0	0.0	0.0	0.053416599999999995	0.0	0.0	0.0	0.0	0.0	0.0	0.0	0.0	0.0	0.0	0.0	0.0	0.0018979700000000001	0.0	0.0	0.0	0.0	0.0	0.0	0.0	0.0	0.0	0.0	0.0	0.0	0.0	0.0	0.0	0.0	0.0	0.0	0.0	0.0	0.0	0.0	0.0	0.0	0.0	0.0819439	0.0	0.0	0.0	0.0	0.0	0.0	0.0	0.0	0.0	0.0	0.09055919999999999	0.0	0.0	0.0	0.0	0.0	0.0923693	0.115171	0.0	0.0	0.0	0.0	0.0	0.0	0.0	0.0	0.0	0.0	0.055241000000000005	0.0
Sin-CPnd_025-Ex1-3B-lcwgs-1-2	0.0	0.062255899999999996	0.00565963	0.045277000000000005	0.0	0.0	0.0	0.0	0.062255899999999996	0.0	0.0	0.062255899999999996	0.0	0.0	0.0	0.0	0.0	0.0	0.0	0.0	0.0	0.0	0.0	0.0	0.118852	0.0	0.0962137	0.0	0.0	0.0	0.0	0.0	0.0	0.0	0.0	0.0	0.12000699999999999	0.20648099999999997	0.0	0.0	0.0	0.0	0.193582	0.0	0.0	0.0	0.0	0.0	0.0	0.0	0.0	0.0	0.0	0.0	0.0	0.0	0.0	0.0	0.0	0.0	0.0	0.0	0.0	0.0	0.0	0.0	0.0	0.0	0.0	0.0	0.0	0.0	0.0	0.0	0.0	0.0	0.0	0.0	0.0	0.0	0.0261506	0.0	0.0	0.0	0.0	0.0	0.0	0.0	0.0	0.0	0.0	0.0	0.0	0.0	0.0	0.0	0.0	0.0	0.0	0.0	0.0	0.0	0.0	0.0	0.0	0.0	0.0	0.0	0.0	0.0	0.0	0.0	0.0	0.0	0.0	0.0	0.0	0.0	0.0	0.0304368	0.0	0.0	0.0	0.0	0.0	0.0	0.0	0.0	0.0	0.0	0.14219700000000002	0.0	0.0	0.0	0.0	0.0	0.0385282	0.13671899999999998	0.0	0.0	0.0	0.0	0.0	0.0	0.0	0.0	0.0	0.0	0.0485084	0.0
Sin-CPnd_028-Ex1-12H-lcwgs-1-2	0.0	0.0828462	0.0056406	0.054995800000000004	0.0	0.0	0.0	0.00035253700000000004	0.07368029999999999	0.0	0.0	0.0913071	0.0	0.0	0.0	0.0	0.0	0.0	0.0	0.0	0.0	0.0	0.0	0.00141015	0.130439	0.0	0.0962427	0.0	0.0	0.0	0.0	0.0	0.0	0.0	0.0	0.0	0.141186	0.183389	0.0	0.0	0.0	0.0	0.186741	0.0	0.0	0.000743003	0.0	0.0	0.0	0.0	0.0	0.0	0.0	0.000397444	0.0	0.0	0.0	0.0	0.0	0.0	0.0	0.0	0.0	0.0	0.00359525	0.0	0.0	0.0	0.0	0.0	0.0	0.0	0.0	0.0	0.0	0.0005205489999999999	0.0	0.0	0.0	0.0	0.0379999	0.0	0.0	0.0	0.0	0.000600521	0.0	0.0	0.0	0.0	0.0	0.0	0.0	0.0006749319999999999	0.0	0.0	0.0	0.0	0.0	0.0	0.0	0.0	0.0	0.0	0.0	0.0	0.0	0.0	0.0008368830000000001	0.0	0.0	0.0	0.0	0.0	0.0	0.000922211	0.0	0.0	0.0	0.10331800000000001	0.0	0.0	0.0	0.0	0.0	0.0	0.0	0.0	0.0	0.0	0.0924756	0.0	0.0	0.0	0.0	0.0	0.0939964	0.12509	0.0	0.0	0.0	0.0	0.0	0.0	0.0	0.0027808299999999998	0.0	0.0	0.0685443	0.0
Sin-CPnd_029-Ex1-4D-lcwgs-1-2	0.0	0.0827752	0.0	0.0752502	0.0	0.0	0.0	0.0	0.0827752	0.0	0.0	0.10535	0.0	0.0	0.0	0.0	0.0	0.0	0.0	0.0	0.0	0.0	0.0	0.0	0.10535	0.0	0.10535	0.0	0.0	0.0	0.0	0.0	0.0	0.0	0.0	0.0	0.122765	0.208398	0.0	0.0	0.0	0.0	0.18817	0.0	0.0	0.0	0.0	0.0	0.0	0.0	0.0	0.0	0.0	0.0	0.0	0.0	0.0	0.0	0.0	0.0	0.0	0.0	0.0	0.0	0.0	0.0	0.0	0.0	0.0	0.0	0.0	0.0	0.0	0.0	0.0	0.0	0.0	0.0	0.0	0.0	0.059125	0.0	0.0	0.0	0.0	0.0	0.0	0.0	0.0	0.0	0.0	0.0	0.0	0.0	0.0	0.0	0.0	0.0	0.0	0.0	0.0	0.0	0.0	0.0	0.0	0.0	0.0	0.0	0.0	0.0	0.0	0.0	0.0	0.0	0.0	0.0	0.0	0.0	0.0	0.10604500000000001	0.0	0.0	0.0	0.0	0.0	0.0	0.0	0.0	0.0	0.0	0.137457	0.0	0.0	0.0	0.0	0.0	0.0	0.0796813	0.0	0.0	0.0	0.0	0.0	0.0	0.0	0.0	0.0	0.0	0.0	0.0
Sin-CPnd_031-Ex1-3G-lcwgs-1-2	0.0	0.08615489999999999	0.0	0.034462	0.0	0.0	0.0	0.0	0.12061699999999999	0.0	0.0	0.08615489999999999	0.0	0.0	0.0	0.0	0.0	0.0	0.0	0.0	0.0	0.0	0.0	0.0	0.0689239	0.0	0.0689239	0.0	0.0	0.0	0.0	0.0	0.0	0.0	0.0	0.0	0.13057100000000002	0.24447700000000003	0.0	0.0	0.0	0.0	0.151894	0.0	0.0	0.0	0.0	0.0	0.0	0.0	0.0	0.0	0.0	0.0	0.0	0.0	0.0	0.0	0.0	0.0	0.0	0.0	0.0	0.0	0.0	0.0	0.0	0.0	0.0	0.0	0.0	0.0	0.0	0.0	0.0	0.0	0.0	0.0	0.0	0.0	0.0623986	0.0	0.0	0.0	0.0	0.0	0.0	0.0	0.0	0.0	0.0	0.0	0.0	0.0	0.0	0.0	0.0	0.0	0.0	0.0	0.0	0.0	0.0	0.0	0.0	0.0	0.0	0.0	0.0	0.0	0.0	0.0	0.0	0.0	0.0	0.0	0.0	0.0	0.0	0.12297600000000002	0.0	0.0	0.0	0.0	0.0	0.0	0.0	0.0	0.0	0.0	0.167825	0.0	0.0	0.0	0.0	0.0	0.13089	0.159236	0.0	0.0	0.0	0.0	0.0	0.0	0.0	0.0	0.0	0.0	0.066313	0.0
Sin-CPnd_032-Ex1-3E-lcwgs-1-2	0.0	0.0913901	0.00481	0.0529101	0.0	0.0	0.0	0.0	0.10101000000000002	0.0	0.0	0.10582	0.0	0.0	0.0	0.0	0.0	0.0	0.0	0.0	0.0	0.0	0.0	0.00481	0.12025	0.0	0.11062999999999999	0.00481	0.0	0.0	0.0	0.0	0.0	0.0	0.0	0.0	0.159497	0.183939	0.0	0.0	0.00487258	0.0	0.107738	0.0	0.0	0.0	0.0	0.0	0.0	0.0	0.0	0.0	0.0	0.0	0.0	0.0	0.0	0.0	0.0	0.0	0.0	0.0	0.00538822	0.0	0.0	0.0	0.0	0.0	0.00562968	0.0	0.0	0.0	0.0	0.0	0.0	0.0	0.0	0.0	0.0	0.0	0.0556517	0.0	0.0	0.0	0.0	0.0	0.0	0.0	0.0	0.0	0.0	0.0	0.0	0.0	0.0	0.0	0.0	0.0	0.0	0.0	0.0	0.0	0.0	0.0	0.0	0.0	0.0	0.0	0.0	0.0	0.0	0.0	0.0	0.0	0.0	0.0	0.0	0.0	0.0	0.113507	0.0	0.0	0.0	0.0	0.0	0.0	0.0	0.0	0.0	0.0	0.087652	0.0	0.0	0.0	0.0	0.0	0.0714116	0.16883700000000001	0.0	0.0	0.0	0.0	0.0	0.0	0.0	0.0	0.0	0.0	0.07661659999999999	0.0
Sin-CPnd_033-Ex1-1B-lcwgs-1-2	0.0	0.0493218	0.0	0.0739827	0.0	0.0	0.0	0.0	0.0493218	0.0	0.0	0.0739827	0.0	0.0	0.0	0.0	0.0	0.0	0.0	0.0	0.0	0.0	0.0	0.0	0.0493218	0.0	0.0493218	0.0	0.0	0.0	0.0	0.0	0.0	0.0	0.0	0.0	0.07501880000000001	0.151095	0.0	0.0	0.0	0.0	0.15747999999999998	0.0	0.0	0.0	0.0	0.0	0.0	0.0	0.0	0.0	0.0	0.0	0.0	0.0	0.0	0.0	0.0	0.0	0.0	0.0	0.0	0.0	0.0	0.0	0.0	0.0	0.0	0.0	0.0	0.0	0.0	0.0	0.0	0.0	0.0	0.0	0.0	0.0	0.052576200000000003	0.0	0.0	0.0	0.0	0.0	0.0	0.0	0.0	0.0	0.0	0.0	0.0	0.0	0.0	0.0	0.0	0.0	0.0	0.0	0.0	0.0	0.0	0.0	0.0	0.0	0.0	0.0	0.0	0.0	0.0	0.0	0.0	0.0	0.0	0.0	0.0	0.0	0.0	0.0	0.0	0.0	0.0	0.0	0.0	0.0	0.0	0.0	0.0	0.0	0.0	0.0	0.0	0.0	0.0	0.0	0.21929800000000002	0.224215	0.0	0.0	0.0	0.0	0.0	0.0	0.0	0.0	0.0	0.0	0.296736	0.0
Sin-CPnd_034-Ex1-3C-lcwgs-1-2	0.0	0.0651923	0.0	0.0601775	0.0	0.0	0.0	0.0	0.0601775	0.0	0.0	0.0802367	0.0	0.0	0.0	0.0	0.0	0.0	0.0	0.0	0.0	0.0	0.0	0.0	0.165488	0.0	0.120355	0.0	0.0	0.0	0.0	0.0	0.0	0.0	0.0	0.0	0.196751	0.212325	0.0	0.0	0.0	0.0	0.195212	0.0	0.0	0.0	0.0	0.0	0.0	0.0	0.0	0.0	0.0	0.0	0.0	0.0	0.0	0.0	0.0	0.0	0.0	0.0	0.0	0.0	0.0	0.0	0.0	0.0	0.0	0.0	0.0	0.0	0.0	0.0	0.0	0.0	0.0	0.0	0.0	0.0	0.036366300000000004	0.0	0.0	0.0	0.0	0.0	0.0	0.0	0.0	0.0	0.0	0.0	0.0	0.0	0.0	0.0	0.0	0.0	0.0	0.0	0.0	0.0	0.0	0.0	0.0	0.0	0.0	0.0	0.0	0.0	0.0	0.0	0.0	0.0	0.0	0.0	0.0	0.0	0.0	0.0710429	0.0	0.0	0.0	0.0	0.0	0.0	0.0	0.0	0.0	0.0	0.107527	0.0	0.0	0.0	0.0	0.0	0.164406	0.14749299999999999	0.0	0.0	0.0	0.0	0.0	0.0	0.0	0.0	0.0	0.0	0.0581058	0.0
Sin-CPnd_035-Ex1-12D-lcwgs-1-2	0.0	0.0873728	0.00447024	0.0499854	0.0	0.0	0.0	0.00081277	0.0719302	0.0	0.0	0.0792451	0.0	0.0	0.0	0.0	0.0	0.0	0.0	0.0	0.0	0.0	0.0	0.00081277	0.128011	0.0	0.0857473	0.00081277	0.0	0.0	0.0	0.0	0.0	0.0	0.0	0.0008165129999999999	0.121104	0.187838	0.0	0.0	0.00041410800000000005	0.0	0.202513	0.0	0.0	0.0	0.0	0.0	0.0	0.0	0.0	0.0	0.0	0.0	0.0	0.0	0.0	0.0	0.0	0.0	0.0	0.0	0.0004979779999999999	0.0	0.00357283	0.0	0.0	0.0	0.000538509	0.0	0.0	0.0	0.00113982	0.0	0.0	0.000594976	0.0	0.0	0.0	0.0	0.045582899999999996	0.0	0.0	0.0	0.0	0.00138787	0.0007050499999999999	0.0	0.0	0.0	0.0	0.0	0.0007769649999999999	0.00157935	0.0	0.0	0.0	0.0	0.0	0.0	0.0	0.0	0.0	0.0	0.0	0.0	0.0	0.0	0.0	0.0	0.0	0.00105645	0.00107341	0.0	0.0	0.0	0.0	0.0	0.0	0.091173	0.0	0.0	0.0	0.0	0.0	0.0	0.0013394099999999999	0.0	0.0	0.0	0.0825564	0.0	0.0	0.00149102	0.0	0.0	0.0688727	0.13659200000000002	0.0	0.0	0.0	0.0	0.0	0.0	0.0	0.0	0.0018596700000000001	0.0	0.0640756	0.0
Sin-CPnd_038-Ex1-11C-lcwgs-1-2	0.0	0.08611400000000001	0.00405773	0.0595133	0.0	0.0	0.0	0.00045085899999999996	0.0757443	0.0	0.0	0.079802	0.0	0.0	0.0	0.0	0.0	0.0	0.0	0.0	0.0	0.0	0.0	0.000901717	0.122634	0.0	0.0775477	0.0018034300000000002	0.0	0.0	0.0	0.0	0.0	0.00045154500000000003	0.000452552	0.0	0.13284600000000002	0.169409	0.0	0.0	0.0	0.0	0.182255	0.0	0.0	0.0	0.0	0.0	0.0	0.0	0.0	0.0	0.0	0.00104343	0.0	0.0	0.0	0.0	0.00111663	0.0	0.0	0.0	0.0	0.0	0.00305784	0.0	0.0	0.0	0.0	0.0	0.0	0.0	0.0	0.0	0.0	0.0	0.0007524340000000001	0.0	0.0	0.0	0.0469039	0.0	0.000839313	0.0	0.0	0.0	0.0	0.0	0.0	0.0	0.0	0.0	0.0	0.0010332499999999999	0.0	0.0	0.0	0.0	0.0	0.0	0.0	0.0	0.0	0.0	0.0	0.0	0.0	0.0	0.0	0.0	0.0	0.0	0.0	0.0	0.0	0.0	0.0	0.0	0.0	0.09951059999999999	0.0	0.0	0.0	0.0	0.0	0.0	0.0	0.0	0.0	0.0	0.0874041	0.0	0.0	0.0	0.0	0.0	0.0830529	0.121139	0.00219717	0.0	0.0	0.0	0.0	0.0	0.0	0.00246057	0.00250627	0.0	0.0866739	0.0
Sin-CPnd_039-Ex1-10F-lcwgs-1-2	0.0	0.0901456	0.00300485	0.056340999999999995	0.0	0.0	0.0	0.00112682	0.07437010000000001	0.0	0.0	0.09803329999999999	0.0	0.0	0.0	0.0	0.0	0.0	0.0	0.0	0.0	0.0	0.0	0.0	0.113433	0.0	0.08751629999999999	0.000751213	0.0	0.0	0.0	0.0	0.0	0.000752417	0.0	0.0	0.129181	0.187331	0.0	0.0	0.0	0.0	0.17780300000000002	0.0	0.0	0.0	0.0	0.0	0.0	0.0	0.0	0.00041531299999999995	0.0	0.0	0.0	0.0	0.0	0.0	0.0	0.0	0.0	0.0	0.0	0.0	0.0014417	0.0	0.0	0.0	0.0	0.0	0.0	0.0	0.000537548	0.0	0.0	0.00056193	0.0	0.0	0.0	0.0	0.0473284	0.0	0.0	0.000636817	0.0	0.0	0.00066861	0.0	0.0	0.000702652	0.0	0.0	0.0	0.0	0.0	0.0	0.0	0.0	0.0	0.0	0.0	0.0	0.0	0.0	0.0	0.0	0.0	0.0	0.0	0.0	0.0	0.0	0.0	0.0	0.0	0.0	0.0	0.0	0.0	0.116121	0.0	0.0	0.0	0.0	0.0	0.0	0.00132081	0.0	0.0	0.0	0.0819406	0.0	0.0	0.0	0.0	0.0	0.09713150000000001	0.141903	0.0	0.0	0.0	0.0	0.0	0.0	0.0	0.0	0.0	0.0	0.07140379999999999	0.0
Sin-CPnd_040-Ex1-11E-lcwgs-1-2	0.0	0.08449	0.0034186700000000004	0.051768400000000006	0.0	0.0	0.0	0.000488381	0.0756991	0.0	0.0	0.0825365	0.0	0.0	0.0	0.0	0.0	0.0	0.0	0.0	0.0	0.0	0.0	0.000976763	0.121607	0.0	0.0796062	0.0	0.0	0.0	0.0	0.0	0.0	0.000978383	0.0	0.000491473	0.14049	0.19386799999999998	0.0	0.0	0.000501698	0.0	0.181335	0.0	0.0	0.0	0.0	0.0	0.0	0.0	0.0	0.0	0.0	0.00056846	0.0	0.0	0.0	0.0	0.0	0.0	0.0	0.0	0.00064976	0.0	0.00402336	0.0	0.0	0.0	0.0007186439999999999	0.0	0.0	0.0	0.0	0.0	0.0	0.0	0.0008276569999999999	0.0	0.0	0.0	0.0444697	0.0	0.0	0.0	0.0	0.0	0.000995144	0.0	0.0	0.0	0.0	0.0	0.0	0.00113819	0.0	0.0	0.0	0.0	0.0	0.0	0.0	0.0	0.0	0.0	0.0	0.0	0.0	0.0	0.0	0.0	0.0	0.0	0.0	0.0	0.0	0.0	0.0	0.0	0.0	0.111579	0.0	0.0	0.0	0.0	0.0	0.0	0.0	0.0	0.0	0.0	0.11327	0.0	0.0	0.0	0.0	0.0	0.08858919999999999	0.157847	0.0	0.0	0.0	0.0	0.0	0.0	0.0	0.0	0.0	0.0	0.0554288	0.0
Sin-CPnd_042-Ex1-10D-lcwgs-1-2	0.0	0.0841149	0.007710529999999999	0.0448613	0.0	0.0	0.0	0.0	0.057478499999999995	0.0	0.0	0.0728996	0.0	0.0	0.0	0.0	0.0	0.0	0.0	0.0	0.0	0.0	0.0	0.0014019199999999999	0.0960312	0.0	0.0644881	0.0	0.0	0.0	0.0	0.0	0.0	0.0	0.0	0.0	0.138805	0.177673	0.0	0.0	0.00144137	0.0	0.182527	0.0	0.0	0.00074758	0.0	0.0	0.0	0.0	0.0	0.0	0.0	0.0	0.0	0.0	0.0	0.0	0.000889577	0.0	0.0	0.0	0.0009570570000000001	0.0	0.006961429999999999	0.0	0.0	0.0	0.00108154	0.0	0.0	0.0	0.0	0.0	0.0	0.0	0.0	0.0	0.0	0.0	0.0415413	0.0	0.0	0.0	0.0	0.0	0.0	0.0	0.0	0.0	0.0	0.0	0.0	0.0	0.0	0.0	0.0	0.0	0.0	0.0	0.0	0.0	0.0	0.0	0.0	0.0	0.0	0.0	0.0	0.0	0.0	0.0	0.0	0.0	0.0	0.0	0.0	0.0	0.0	0.0999084	0.0	0.0	0.0	0.0	0.0	0.0	0.0	0.0	0.0	0.0	0.0786517	0.0	0.0	0.0	0.0	0.0	0.119095	0.11523900000000001	0.0	0.0	0.0	0.0	0.0	0.0	0.0	0.00840054	0.0	0.0	0.08595989999999999	0.0
Sin-CPnd_043-Ex1-1C-lcwgs-1-2	0.0	0.0823531	0.0124307	0.0605995	0.0	0.0	0.0	0.0	0.0792455	0.0	0.0	0.0901223	0.0	0.0	0.0	0.0	0.0	0.0	0.0	0.0	0.0	0.0	0.0	0.00310767	0.142953	0.0	0.0901223	0.00155383	0.0	0.0	0.0	0.00155383	0.0	0.0	0.0	0.001558	0.140382	0.190551	0.0	0.0	0.0	0.0	0.19874799999999998	0.0	0.0	0.0	0.0	0.0	0.0	0.0	0.0	0.0	0.0	0.0	0.0	0.0	0.0	0.0	0.0	0.0	0.0	0.0017105700000000002	0.0	0.0	0.010457	0.0	0.0	0.0	0.0	0.0	0.0	0.0	0.0	0.0	0.0	0.0	0.0	0.0	0.0	0.0	0.027587800000000003	0.0	0.0	0.0	0.0	0.00205952	0.0	0.0	0.0	0.0	0.0	0.0	0.0	0.00222901	0.0	0.0	0.0	0.0	0.0	0.0	0.0	0.0	0.0	0.0	0.0	0.0	0.0	0.0	0.0	0.0	0.0	0.0	0.0	0.0027841999999999997	0.0	0.0	0.0	0.0	0.0	0.0867744	0.0	0.0	0.0	0.0	0.0	0.0	0.0	0.0	0.0	0.0	0.0964819	0.0	0.0	0.0	0.0	0.0	0.0711317	0.16697700000000001	0.0	0.0	0.0	0.00403437	0.0	0.0	0.0	0.0	0.0	0.0	0.0894076	0.0
Sin-CPnd_044-Ex1-2C-lcwgs-1-2	0.0	0.10468999999999999	0.0	0.125628	0.0	0.0	0.0	0.0	0.041876000000000003	0.0	0.0	0.020938000000000002	0.0	0.0	0.0	0.0	0.0	0.0	0.0	0.0	0.0	0.0	0.0	0.0	0.041876000000000003	0.0	0.10468999999999999	0.0	0.0	0.0	0.0	0.0	0.0	0.0	0.0	0.0	0.10718100000000001	0.23727399999999998	0.0	0.0	0.0	0.0	0.0681044	0.0	0.0	0.0	0.0	0.0	0.0	0.0	0.0	0.0	0.0	0.0	0.0	0.0	0.0	0.0	0.0	0.0	0.0	0.0	0.0	0.0	0.0	0.0	0.0	0.0	0.0	0.0	0.0	0.0	0.0	0.0	0.0	0.0	0.0	0.0	0.0	0.0	0.0549451	0.0	0.0	0.0	0.0	0.0	0.0	0.0	0.0	0.0	0.0	0.0	0.0	0.0777605	0.0	0.0	0.0	0.0	0.0	0.0	0.0	0.0	0.0	0.0	0.0	0.0	0.0	0.0	0.0	0.0	0.0	0.0	0.0	0.0	0.0	0.0	0.0	0.0	0.0	0.0	0.0	0.0	0.0	0.0	0.0	0.0	0.0	0.0	0.0	0.0	0.0	0.0	0.0	0.0	0.0	0.0	0.223714	0.0	0.0	0.0	0.0	0.0	0.0	0.0	0.0	0.0	0.0	0.0	0.0	0.0
Sin-CPnd_045-Ex1-11H-lcwgs-1-2	2.64339e-05	0.0847999	0.00396508	0.05577549999999999	0.0	0.0	0.0	0.000396508	0.08482630000000001	0.0	5.28678e-05	0.090166	0.0	0.0	0.0	0.0	0.0	0.0	0.0	0.0	0.0	0.0	0.0	0.000396508	0.136293	0.0	0.0915405	0.0007401490000000001	7.93017e-05	0.0	0.0	0.00010573599999999999	0.0	0.00015871	2.64744e-05	0.00023851299999999998	0.135451	0.18506	2.6610700000000003e-05	0.0	0.000240364	0.0	0.196465	0.0	2.6968699999999998e-05	8.11489e-05	0.0	0.0	0.0	0.0	0.0	0.0	2.7766800000000003e-05	0.00022313799999999998	5.60476e-05	0.0	0.0	0.0	0.000314693	0.0	8.68092e-05	0.000261974	0.000263568	0.0	0.00302477	0.00014927200000000002	0.0	0.0	0.000304818	6.14098e-05	6.18607e-05	0.0	0.000408241	0.0	0.0	0.000128627	0.000129683	0.0	0.0	0.0	0.0448891	0.0	3.41541e-05	0.0	0.0	0.000175562	0.0008152729999999999	0.0	0.0	3.64962e-05	0.0	0.0	0.0	0.00148207	0.0	0.0	0.0	0.0	0.0	0.0	0.0	0.000372735	0.000125629	8.47132e-05	0.000257062	0.0	4.38412e-05	0.0	0.000269305	4.54205e-05	4.59633e-05	0.000139565	0.000141268	4.7665200000000006e-05	0.0	4.8859599999999995e-05	0.0	0.0	0.0	0.0934522	0.0	0.0	0.0	0.0	0.0	0.0	0.0	0.0	0.0	0.0	0.09353840000000001	0.0	0.0	0.000123568	0.0	0.000381125	0.0874767	0.140336	0.0	0.0	0.0	0.000139	0.000141121	0.000286518	0.0	0.000518687	0.0	0.0	0.0632171	0.0
Sin-CPnd_049-Ex1-4C-lcwgs-1-2	0.0	0.0674309	0.0134862	0.0404585	0.0	0.0	0.0	0.0	0.0539447	0.0	0.0	0.10788900000000001	0.0	0.0	0.0	0.0	0.0	0.0	0.0	0.0	0.0	0.0	0.0	0.0	0.121376	0.0	0.10788900000000001	0.0	0.0	0.0	0.0	0.0	0.0	0.0	0.0	0.0	0.109845	0.179608	0.0	0.0	0.0	0.0	0.20094700000000001	0.0	0.0	0.0	0.0	0.0	0.0	0.0	0.0	0.0	0.0	0.0	0.0	0.0	0.0	0.0	0.0	0.0	0.0	0.0	0.0	0.0	0.0	0.0	0.0	0.0	0.0	0.0	0.0	0.0	0.0	0.0	0.0	0.0	0.0	0.0	0.0	0.0	0.0282087	0.0	0.0	0.0	0.0	0.0	0.0	0.0	0.0	0.0	0.0	0.0	0.0	0.0	0.0	0.0	0.0	0.0	0.0	0.0	0.0	0.0	0.0	0.0	0.0	0.0	0.0	0.0	0.0	0.0	0.0	0.0	0.0	0.0	0.0	0.0	0.0	0.0	0.0	0.06321109999999999	0.0	0.0	0.0	0.0	0.0	0.0	0.0	0.0	0.0	0.0	0.0805153	0.0	0.0	0.0	0.0	0.0	0.0928505	0.094518	0.0	0.0	0.0	0.0	0.0	0.0	0.0	0.0	0.0	0.0	0.126103	0.0
Sin-CPnd_050-Ex1-9B-lcwgs-1-2	0.0	0.08614290000000001	0.00722156	0.0567408	0.0	0.0	0.0	0.00154748	0.07788969999999999	0.0	0.0	0.0732472	0.0	0.0	0.0	0.0	0.0	0.0	0.0	0.0	0.0	0.0	0.0	0.00103165	0.115545	0.0	0.0716997	0.00154748	0.0	0.0	0.0	0.0	0.0	0.0	0.0	0.0	0.134489	0.190414	0.0	0.0	0.0	0.0	0.163554	0.0	0.0	0.0	0.0	0.0	0.0	0.0	0.0	0.0	0.0	0.000631876	0.0	0.0	0.0	0.0	0.000692727	0.0	0.0	0.0	0.0	0.0	0.00548779	0.0	0.0	0.0	0.0	0.0	0.0	0.0	0.00283978	0.0	0.0	0.0	0.0	0.0	0.0	0.0	0.0408382	0.0	0.00123419	0.0	0.0	0.0	0.00275919	0.0	0.0	0.0	0.0	0.0	0.0	0.0	0.0	0.0	0.0	0.0	0.0	0.0	0.0	0.0	0.0	0.0	0.0	0.0	0.0	0.0	0.0	0.0	0.0	0.0	0.0	0.0	0.0	0.0	0.0	0.0	0.0	0.0986698	0.0	0.0	0.0	0.0	0.0	0.0	0.0	0.0	0.0	0.0	0.100523	0.0	0.0	0.0	0.0	0.0	0.0775194	0.15914799999999998	0.0	0.0	0.0	0.0	0.0	0.0	0.0	0.0	0.0	0.0	0.0441852	0.0
Sin-CPnd_051-Ex1-12G-lcwgs-1-2	0.0	0.0898644	0.00221341	0.054892500000000004	0.0	0.0	0.0	0.000442682	0.0774693	0.0	0.0	0.0787973	0.0	0.0	0.0	0.0	0.0	0.0	0.0	0.0	0.0	0.0	0.0	0.000442682	0.129263	0.0	0.0801254	0.000442682	0.0	0.0	0.0	0.0	0.0	0.000443546	0.0	0.0	0.12791	0.18399600000000002	0.0	0.0	0.0	0.0	0.178846	0.0	0.0	0.0	0.0	0.0	0.0	0.0	0.0	0.0	0.0	0.0	0.0	0.0	0.0	0.0	0.0	0.0	0.0	0.0	0.0	0.0	0.00307717	0.000626696	0.0	0.0	0.0	0.0	0.0	0.0	0.0	0.0	0.0	0.0	0.0	0.0	0.0	0.0	0.0462261	0.0	0.0	0.0	0.0	0.000958029	0.00195963	0.0	0.0	0.0	0.0	0.0	0.0	0.0	0.0	0.0	0.0	0.0	0.0	0.0	0.0	0.0	0.0	0.0	0.0	0.0	0.0	0.0	0.0	0.0	0.0	0.0	0.0	0.0	0.0	0.0	0.0	0.0	0.0	0.0786587	0.0	0.0	0.0	0.0	0.0	0.0	0.0	0.0	0.0	0.0	0.109435	0.0	0.0	0.0	0.0	0.0	0.0732536	0.137363	0.0	0.0	0.0	0.0	0.0	0.0	0.0034477999999999996	0.0	0.0	0.0	0.0828566	0.0
Sin-CPnd_053-Ex1-9G-lcwgs-1-2	0.0	0.0899202	0.00414379	0.0584274	0.0	0.0	0.0	0.00041437900000000004	0.0687869	0.0	0.0	0.075417	0.0	0.0	0.0	0.0	0.0	0.0	0.0	0.0	0.0	0.0	0.0	0.00041437900000000004	0.117684	0.0	0.0783176	0.00165752	0.0	0.0	0.0	0.0	0.0	0.0	0.0	0.0	0.141039	0.17290999999999998	0.0	0.0	0.0	0.0	0.196818	0.0	0.0	0.00044908899999999996	0.0	0.0	0.0	0.0	0.0	0.0	0.0	0.000999955	0.0	0.0	0.0	0.0	0.0	0.0	0.0	0.0	0.0	0.0	0.0049270500000000005	0.0	0.0	0.0	0.0	0.0	0.0	0.0	0.0	0.0	0.0	0.0008050360000000001	0.0	0.0	0.0	0.0	0.0405485	0.0	0.0009721199999999999	0.0	0.0	0.0	0.0	0.0	0.0	0.00118796	0.0	0.0	0.0	0.00535662	0.0	0.0	0.0	0.0	0.0	0.0	0.0	0.0	0.0	0.0	0.0	0.0	0.0	0.0	0.0	0.0	0.0	0.0	0.0	0.0	0.0	0.0	0.0	0.0	0.0	0.08230209999999999	0.0	0.0	0.0	0.0	0.0	0.0	0.0	0.0	0.0	0.0	0.0886275	0.0	0.0	0.0	0.0	0.0	0.0716949	0.127664	0.0	0.0	0.0	0.0	0.0	0.0	0.0	0.0	0.0	0.0	0.0493549	0.0
Sin-CPnd_058-Ex1-9D-lcwgs-1-2	0.0	0.08108259999999999	0.0027959499999999997	0.051445500000000005	0.0	0.0	0.0	0.00055919	0.0743723	0.0	0.0	0.0654253	0.0	0.0	0.0	0.0	0.0	0.0	0.0	0.0	0.0	0.0	0.0	0.0	0.0945032	0.0	0.0849969	0.0	0.0	0.0	0.0	0.0	0.0	0.00056029	0.000561681	0.0	0.13686900000000002	0.16472900000000001	0.0	0.0	0.0	0.0	0.175761	0.0	0.0	0.0	0.0	0.0	0.0	0.0	0.0	0.0	0.0	0.0	0.0	0.0	0.0	0.0	0.0	0.0	0.0	0.0	0.0	0.0	0.00328693	0.0	0.0	0.0	0.0	0.0	0.0	0.0	0.0	0.0	0.0	0.0	0.0	0.0	0.0	0.0	0.053895099999999994	0.0	0.0	0.0	0.0	0.0	0.00145351	0.0	0.0	0.00158811	0.0	0.0	0.0	0.0	0.0	0.0	0.0	0.0	0.0	0.0	0.0	0.00229416	0.0	0.0	0.0	0.0	0.0	0.0	0.0	0.0	0.0	0.0	0.0	0.0	0.0	0.0	0.0	0.0	0.0	0.0895802	0.0	0.0	0.0	0.0	0.0	0.0	0.0	0.0	0.0	0.0	0.10844699999999999	0.0	0.0	0.0	0.0	0.0	0.0478862	0.19740600000000003	0.0	0.0	0.0	0.0	0.0	0.0	0.0	0.00900657	0.0	0.0	0.0825934	0.0
Sin-CPnd_061-Ex1-9A-lcwgs-1-2	0.0	0.0876097	0.00497782	0.06321840000000001	0.0	0.0	0.0	0.0	0.0771563	0.0	0.0	0.07267620000000001	0.0	0.0	0.0	0.0	0.0	0.0	0.0	0.0	0.0	0.0	0.0	0.000995565	0.122952	0.0	0.0761607	0.0	0.0	0.0	0.0	0.0	0.000497782	0.0	0.0	0.000501525	0.128855	0.175353	0.0	0.0	0.0	0.0	0.194034	0.0	0.0	0.0	0.0	0.0	0.0	0.0	0.0	0.0	0.0	0.0	0.000597843	0.0	0.0	0.0	0.0006378929999999999	0.0	0.0	0.0	0.0	0.0	0.00497315	0.0	0.0	0.0	0.000768775	0.0	0.0	0.0	0.0	0.0	0.0	0.0	0.0	0.0	0.0	0.0	0.0416274	0.0	0.0	0.0	0.0	0.0011066000000000001	0.0	0.0	0.0	0.0	0.0	0.0	0.0	0.0	0.0	0.0	0.0	0.0	0.0	0.0	0.0	0.0	0.0	0.0	0.0	0.0	0.0	0.0	0.0	0.0	0.0	0.0	0.0	0.0	0.0	0.0	0.0	0.0	0.0	0.0907842	0.0	0.0	0.0	0.0	0.0	0.0	0.0	0.0	0.0	0.0	0.0861104	0.0	0.0	0.0	0.0	0.0	0.080262	0.117863	0.0	0.0	0.0	0.0	0.0	0.0	0.0	0.0	0.0	0.0	0.0551128	0.0
Sin-CPnd_062-Ex1-11D-lcwgs-1-2	0.0	0.0818528	0.00272843	0.0632085	0.0	0.0	0.0	0.000454738	0.0595706	0.0	0.0	0.0800338	0.0	0.0	0.0	0.0	0.0	0.0	0.0	0.0	0.0	0.0	0.0	0.000909475	0.126872	0.0	0.0923117	0.000454738	0.000454738	0.0	0.0	0.000454738	0.0	0.000455319	0.0	0.0	0.127809	0.171373	0.0	0.0	0.0	0.0	0.182208	0.0	0.0	0.0	0.0	0.0	0.000491043	0.0	0.0	0.0	0.0	0.0	0.0	0.0	0.0	0.0	0.00110799	0.0	0.0	0.0	0.0	0.0	0.0036449100000000003	0.0	0.0	0.0	0.0	0.0	0.0	0.0	0.0	0.0	0.0	0.0	0.000754956	0.0	0.0	0.0	0.054120999999999996	0.0	0.0	0.0	0.0	0.0	0.0	0.0	0.0	0.0	0.0	0.0	0.0	0.0021772000000000002	0.0	0.0	0.0	0.0	0.0	0.0	0.0	0.0	0.0	0.0	0.0	0.0	0.0	0.0	0.0	0.0	0.0	0.0	0.0	0.0	0.0	0.0	0.0	0.0	0.0	0.08987529999999999	0.0	0.0	0.0	0.0	0.0	0.0	0.0	0.0	0.0	0.0	0.117959	0.0	0.0	0.0	0.0	0.0	0.0887607	0.141439	0.0	0.0	0.0	0.0	0.0	0.0	0.0	0.0	0.0	0.0	0.056283099999999996	0.0
Sin-CPnd_063-Ex1-9F-lcwgs-1-2	0.0	0.0864133	0.00572618	0.0541385	0.0	0.0	0.0	0.0	0.07287869999999999	0.0	0.0	0.0822488	0.0	0.0	0.0	0.0	0.0	0.0	0.0	0.0	0.0	0.0	0.0	0.00104112	0.11348300000000001	0.0	0.0864133	0.00104112	0.0	0.0	0.0	0.0	0.0	0.0010436599999999999	0.0	0.0	0.135699	0.182056	0.000533946	0.0	0.000541363	0.0	0.189417	0.0	0.0	0.0	0.0	0.0	0.0	0.0	0.0	0.0	0.0	0.0	0.0	0.0	0.0	0.0	0.0006972580000000001	0.0	0.0	0.0	0.000756767	0.0	0.00395238	0.0	0.0	0.0	0.0	0.0	0.0	0.0	0.0028731	0.0	0.0	0.0	0.0	0.0	0.0	0.0	0.041388299999999996	0.0	0.0	0.0	0.0	0.0	0.0	0.0	0.0	0.0	0.0	0.0	0.0	0.0034154800000000003	0.0	0.0	0.0	0.0	0.0	0.0	0.0	0.0	0.0	0.0	0.0	0.0	0.0	0.0	0.0	0.0	0.0	0.0	0.0	0.0	0.0	0.0	0.0	0.0	0.0	0.0957549	0.0	0.0	0.0	0.0	0.0	0.0	0.0	0.0	0.0	0.0	0.0902999	0.0	0.0	0.0	0.0	0.0	0.100609	0.183581	0.0	0.0	0.0	0.0	0.0	0.0	0.0	0.0	0.0	0.0	0.0482509	0.0
Sin-CPnd_065-Ex1-11B-lcwgs-1-2	0.0	0.0947296	0.00392888	0.0541312	0.0	0.0	0.0	0.00043654200000000005	0.0811968	0.0	0.0	0.0833795	0.0	0.0	0.0	0.0	0.0	0.0	0.0	0.0	0.0	0.0	0.0	0.00043654200000000005	0.114811	0.0	0.07595829999999999	0.0	0.0	0.0	0.00043654200000000005	0.0	0.0	0.00043730399999999996	0.0	0.0	0.143754	0.184133	0.0	0.0	0.00044918599999999996	0.00045201400000000004	0.20432100000000003	0.0	0.0	0.0	0.0	0.0	0.0	0.0	0.0	0.0	0.0	0.0	0.00051985	0.0	0.0	0.0	0.0	0.0	0.0	0.000580275	0.000590308	0.0	0.00244466	0.0	0.0	0.0	0.0006585229999999999	0.0	0.0	0.0	0.000712525	0.0	0.0	0.0007572260000000001	0.0	0.0	0.0	0.0	0.0446049	0.0	0.0	0.0	0.0	0.0	0.00192667	0.0	0.0	0.0	0.0	0.0	0.0	0.0033970500000000004	0.0	0.0	0.0	0.0	0.0	0.0	0.0	0.0	0.0	0.0	0.00145856	0.0	0.0	0.0	0.0	0.00164066	0.0	0.0	0.0	0.0	0.0	0.0	0.0	0.0	0.0	0.0863718	0.0	0.0	0.0	0.0	0.0	0.0	0.0	0.0	0.0	0.0	0.086646	0.0	0.0	0.0	0.0	0.0	0.0779096	0.0979642	0.0	0.0	0.0	0.0	0.0	0.0	0.0	0.0	0.0	0.0	0.0455128	0.0
Sin-CPnd_067-Ex1-9C-lcwgs-1-2	0.0	0.08146590000000001	0.00278993	0.05635660000000001	0.0	0.0	0.0	0.0	0.07756	0.0	0.0	0.0736541	0.0	0.0	0.0	0.0	0.0	0.0	0.0	0.0	0.0	0.0	0.0	0.0	0.10155299999999999	0.0	0.0848139	0.000557986	0.0	0.0	0.0	0.0	0.0	0.000559306	0.0	0.0	0.141958	0.176742	0.0	0.0	0.0	0.0	0.19192199999999998	0.0	0.0	0.0	0.0	0.0	0.0	0.0	0.0	0.0	0.0	0.0013563199999999998	0.0	0.0	0.0	0.0	0.0	0.0	0.0	0.0	0.0	0.0	0.0025094699999999998	0.0	0.0	0.0	0.0	0.0	0.0	0.0	0.00100411	0.0	0.0	0.0	0.0	0.0	0.0	0.0	0.031919499999999996	0.0	0.0	0.0	0.0	0.0	0.0	0.0	0.0	0.0	0.0	0.0	0.0	0.0034732499999999998	0.0	0.0	0.0	0.0	0.0	0.0	0.0	0.0	0.0	0.0022897399999999997	0.0	0.0	0.0	0.0	0.0	0.0	0.0	0.00283607	0.0	0.00298775	0.0	0.0	0.0	0.0	0.0	0.0874646	0.0	0.0	0.0	0.0	0.0	0.0	0.0	0.0	0.0	0.0	0.0924086	0.0	0.0	0.0	0.0	0.0	0.0909821	0.153728	0.0	0.0	0.0	0.0	0.0	0.0	0.0	0.0	0.0	0.0	0.075861	0.0
Sin-CPnd_074-Ex1-12A-lcwgs-1-2	0.0	0.0790496	0.00508176	0.0525115	0.0	0.0	0.0	0.0	0.0654982	0.0	0.0	0.0813082	0.0	0.0	0.0	0.0	0.0	0.0	0.0	0.0	0.0	0.0	0.0	0.0005646399999999999	0.10841100000000001	0.0	0.0880838	0.0	0.0	0.0	0.0	0.0	0.0	0.000565691	0.0	0.0	0.14993599999999999	0.187623	0.00057434	0.0	0.000580117	0.0	0.186553	0.0	0.0	0.0	0.0	0.0	0.0	0.0	0.0	0.0	0.0	0.0	0.000666533	0.0	0.0	0.0	0.0	0.0	0.0	0.0	0.000758823	0.0	0.0015716200000000001	0.0	0.0	0.0	0.0008477739999999999	0.0	0.0	0.0	0.0	0.0	0.0	0.0	0.000992595	0.0	0.0	0.0	0.0441715	0.0	0.0	0.0	0.0	0.0	0.0	0.0	0.0	0.0	0.0	0.0	0.0	0.00141207	0.0	0.0	0.0	0.0	0.0	0.0	0.0	0.0	0.0	0.0	0.0	0.0	0.0	0.0	0.00192359	0.0	0.0	0.0	0.0	0.0	0.0	0.0	0.0	0.0	0.0	0.10445800000000001	0.0	0.0	0.0	0.0	0.0	0.0	0.0	0.0	0.0	0.0	0.112269	0.0	0.0	0.0	0.0	0.0	0.0763942	0.155375	0.0	0.0	0.0	0.0	0.0	0.0	0.0	0.0	0.0	0.0	0.0533027	0.0
Sin-CPnd_075-Ex1-11G-lcwgs-1-2	0.0	0.0878197	0.0025938299999999997	0.06151089999999999	0.0	0.0	0.0	0.0	0.0800382	0.0	0.0	0.0770739	0.0	0.0	0.0	0.0	0.0	0.0	0.0	0.0	0.0	0.0	0.0	0.0	0.109311	0.0	0.08189099999999999	0.000370547	0.0	0.0	0.0	0.0	0.0	0.000371158	0.0	0.0	0.139161	0.171593	0.0	0.0	0.00038086799999999997	0.0	0.178089	0.0	0.0	0.00039428	0.0	0.0	0.0	0.0	0.0	0.0	0.0	0.0	0.0	0.0	0.0	0.0	0.0009291910000000001	0.0	0.000480171	0.0	0.000497201	0.0	0.00103157	0.0015774299999999999	0.0	0.0	0.0	0.0	0.0	0.0	0.0006066380000000001	0.0	0.0	0.0	0.0	0.0	0.0	0.0	0.0413895	0.0	0.0	0.0	0.0	0.0	0.0	0.0	0.0	0.0	0.0	0.0	0.0	0.0030238599999999997	0.0	0.0	0.0	0.0	0.0	0.0	0.0	0.00124273	0.0	0.0	0.0	0.0	0.0	0.0	0.00149388	0.0	0.0	0.0	0.0	0.0	0.0	0.0	0.0	0.0	0.0	0.0911414	0.0	0.0	0.0	0.0	0.0	0.0	0.0	0.0	0.0	0.0	0.0878303	0.0	0.0	0.0	0.0	0.0	0.10092600000000002	0.121459	0.0	0.0	0.0	0.0	0.0	0.0	0.0	0.00368487	0.0	0.0	0.050202899999999995	0.0
Sin-CPnd_076-Ex1-10E-lcwgs-1-2	0.0	0.07702679999999999	0.0039226600000000006	0.053847400000000004	0.0	0.0	0.0	0.0007132109999999999	0.0731041	0.0	0.0	0.0780966	0.0	0.0	0.0	0.0	0.0	0.0	0.0	0.0	0.0	0.0	0.0	0.000356605	0.114114	0.0	0.09164760000000001	0.0	0.0	0.0	0.0	0.000356605	0.0	0.0007142089999999999	0.0	0.0	0.134771	0.171928	0.000361585	0.0	0.0	0.0	0.203142	0.0	0.0	0.0	0.0	0.0	0.0	0.0	0.0	0.0	0.0	0.00120421	0.0	0.0	0.0	0.0	0.0	0.0	0.0	0.0	0.0	0.0	0.0032156100000000003	0.0	0.0	0.0	0.0	0.0	0.0	0.0	0.0005187130000000001	0.0	0.0	0.0	0.000553903	0.0	0.0	0.0	0.0415581	0.0	0.0	0.0	0.0	0.0	0.00132646	0.0	0.0	0.0	0.0	0.0	0.0	0.00303804	0.0	0.0	0.0	0.0	0.0	0.0	0.0	0.000895127	0.0	0.0	0.0	0.0	0.0	0.0	0.00104014	0.0	0.0	0.0	0.00113598	0.0	0.0	0.0	0.0	0.0	0.0	0.0864396	0.0	0.0	0.0	0.0	0.0	0.0	0.0	0.0	0.0	0.0	0.0821636	0.0	0.0	0.0	0.0	0.0	0.0907602	0.133587	0.0	0.0	0.0	0.0	0.0	0.0	0.0	0.0	0.0	0.0	0.0613309	0.0
Sin-CPnd_079-Ex1-9H-lcwgs-1-2	0.0	0.0835302	0.00102491	0.0543203	0.0	0.0	0.0	0.0	0.0789181	0.0	0.0	0.0835302	0.0	0.0	0.0	0.0	0.0	0.0	0.0	0.0	0.0	0.0	0.0	0.0	0.122989	0.0	0.0917295	0.0	0.0	0.0	0.0	0.0	0.0	0.0	0.0	0.0	0.126249	0.18112499999999998	0.0	0.0	0.0010635800000000002	0.0	0.178287	0.0	0.0	0.0	0.0	0.0	0.0	0.0	0.0	0.0	0.0	0.0	0.0	0.0	0.0	0.0	0.0	0.0	0.0	0.0	0.000733891	0.0	0.0	0.0	0.0	0.0	0.0016743099999999998	0.0	0.0	0.0	0.0	0.0	0.0	0.0	0.0	0.0	0.0	0.0	0.049723699999999996	0.0	0.0	0.0	0.0	0.0	0.0	0.0	0.0	0.0	0.0	0.0	0.0	0.0	0.0	0.0	0.0	0.0	0.0	0.0	0.0	0.0	0.0	0.0	0.0	0.0	0.0	0.0	0.0	0.0	0.0	0.0	0.0	0.0	0.0	0.0	0.0	0.0	0.0	0.0702321	0.0	0.0	0.0	0.0	0.0	0.0	0.0	0.0	0.0	0.0	0.0960846	0.0	0.0	0.0	0.0	0.0	0.11888599999999999	0.12224200000000002	0.0	0.0	0.0	0.0	0.0	0.0	0.0	0.0	0.0	0.0	0.0331592	0.0
Sin-CPnd_080-Ex1-2E-lcwgs-1-2	0.0	0.10077599999999999	0.0	0.0705432	0.0	0.0	0.0	0.0	0.050387999999999995	0.0	0.0	0.0906984	0.0	0.0	0.0	0.0	0.0	0.0	0.0	0.0	0.0	0.0	0.0	0.0	0.12093099999999998	0.0	0.0705432	0.0	0.0	0.0	0.0	0.0	0.0	0.0	0.0	0.0	0.121593	0.142262	0.0	0.0	0.0	0.0	0.195917	0.0	0.0	0.0	0.0	0.0	0.0	0.0	0.0	0.0	0.0	0.0	0.0	0.0	0.0	0.0	0.0	0.0	0.0	0.0	0.0	0.0	0.0	0.0	0.0	0.0	0.0	0.0	0.0	0.0	0.0	0.0	0.0	0.0	0.0	0.0	0.0	0.0	0.0532552	0.0	0.0	0.0	0.0	0.0	0.0	0.0	0.0	0.0	0.0	0.0	0.0	0.0	0.0	0.0	0.0	0.0	0.0	0.0	0.0	0.0	0.0	0.0	0.0	0.0	0.0	0.0	0.0	0.0	0.0	0.0	0.0	0.0	0.0	0.0	0.0	0.0	0.0	0.102522	0.0	0.0	0.0	0.0	0.0	0.0	0.0	0.0	0.0	0.0	0.070738	0.0	0.0	0.0	0.0	0.0	0.0513611	0.182577	0.0	0.0	0.0	0.0	0.0	0.0	0.0	0.0	0.0	0.0	0.032414899999999996	0.0
Sin-CPnd_081-Ex1-10G-lcwgs-1-2	0.0	0.0757485	0.00327758	0.054626299999999996	0.0	0.0	0.0	0.0	0.0797544	0.0	0.0	0.0782977	0.0	0.0	0.0	0.0	0.0	0.0	0.0	0.0	0.0	0.0	0.0	0.000364175	0.11945	0.0	0.0877663	0.0007283509999999999	0.0	0.0	0.0	0.0	0.0	0.00036474399999999996	0.0	0.0	0.12379699999999999	0.191626	0.0	0.0	0.0	0.0	0.181286	0.0	0.0	0.0	0.0	0.0	0.0	0.0	0.0	0.0	0.0	0.00041348099999999994	0.0	0.0	0.0	0.0	0.000439176	0.0	0.0	0.000457013	0.0	0.0	0.0019074400000000003	0.00145212	0.0	0.0	0.0010136400000000001	0.0	0.0	0.0	0.000540669	0.0	0.0	0.0	0.0	0.0	0.0	0.0	0.0485259	0.0	0.0	0.0	0.0	0.0	0.0	0.0	0.0	0.0	0.0	0.0	0.0	0.0	0.0	0.0	0.0	0.0	0.0	0.0	0.0	0.0	0.0	0.0	0.0	0.0	0.0	0.0	0.00107127	0.0	0.0	0.0	0.0	0.0	0.0	0.0	0.0	0.0	0.0	0.10011099999999999	0.0	0.0	0.0	0.0	0.0	0.0	0.0	0.0	0.0	0.0	0.0863845	0.0	0.0	0.0	0.0	0.0	0.10491	0.12807000000000002	0.0	0.0	0.0	0.0	0.0	0.0	0.0	0.0	0.0	0.0	0.0782986	0.0
Sin-CPnd_085-Ex1-4H-lcwgs-1-2	0.0	0.0876703	0.0027397	0.061917099999999996	0.0	0.0	0.0	0.0	0.0931497	0.0	0.0	0.0821909	0.0	0.0	0.0	0.0	0.0	0.0	0.0	0.0	0.0	0.0	0.0	0.0	0.151779	0.0	0.0909579	0.0	0.0	0.0	0.0	0.0	0.0	0.0	0.0	0.0	0.122044	0.18709499999999998	0.0	0.0	0.0	0.0	0.20546499999999998	0.0	0.0	0.0	0.0	0.0	0.0	0.0	0.0	0.0	0.0	0.0	0.0	0.0	0.0	0.0	0.0	0.0	0.0	0.0	0.0	0.0	0.00349779	0.0	0.0	0.0	0.0	0.0	0.0	0.0	0.0	0.0	0.0	0.0	0.0	0.0	0.0	0.0	0.0466891	0.0	0.0	0.0	0.0	0.0	0.000642806	0.0	0.0	0.0	0.0	0.0	0.0	0.0	0.0	0.0	0.0	0.0	0.0	0.0	0.0	0.0	0.0	0.0	0.0	0.0	0.0	0.0	0.0	0.0	0.0	0.0	0.0	0.0	0.0	0.0	0.0	0.0	0.0	0.0825	0.0	0.0	0.0	0.0	0.0	0.0	0.0	0.0	0.0	0.0	0.0941936	0.0	0.0	0.0	0.0	0.0	0.101542	0.131919	0.0	0.0	0.0	0.0	0.0	0.0	0.0	0.0	0.0	0.0	0.065719	0.0
Sin-CPnd_088-Ex1-2D-lcwgs-1-2	0.0	0.104018	0.0	0.0650111	0.0	0.0	0.0	0.0	0.0520088	0.0	0.0	0.0520088	0.0	0.0	0.0	0.0	0.0	0.0	0.0	0.0	0.0	0.0	0.0	0.0	0.14302399999999998	0.0	0.0520088	0.0	0.0	0.0	0.0	0.0	0.0	0.0	0.0	0.0	0.304878	0.200374	0.0	0.0	0.0	0.0	0.212706	0.0	0.0	0.0	0.0	0.0	0.0	0.0	0.0	0.0	0.0	0.0	0.0	0.0	0.0	0.0	0.0	0.0	0.0	0.0	0.0	0.0	0.0	0.0	0.0	0.0	0.0	0.0	0.0	0.0	0.0	0.0	0.0	0.0	0.0	0.0	0.0	0.0	0.0376081	0.0	0.0	0.0	0.0	0.0	0.0	0.0	0.0	0.0	0.0	0.0	0.0	0.0	0.0	0.0	0.0	0.0	0.0	0.0	0.0	0.0	0.0	0.0	0.0	0.0	0.0	0.0	0.0	0.0	0.0	0.0	0.0	0.0	0.0	0.0	0.0	0.0	0.0	0.0	0.0	0.0	0.0	0.0	0.0	0.0	0.0	0.0	0.0	0.0	0.0	0.0	0.0	0.0	0.0	0.0	0.0	0.17762	0.0	0.0	0.0	0.0	0.0	0.0	0.0	0.0	0.0	0.0	0.722892	0.0
Sin-CPnd_089-Ex1-9E-lcwgs-1-2	0.0	0.0921445	0.00332052	0.0618447	0.000415065	0.0	0.0	0.0	0.0884089	0.0	0.0	0.0759569	0.0	0.0	0.0	0.0	0.0	0.0	0.0	0.0	0.0	0.0	0.0	0.000415065	0.12825499999999998	0.0	0.083013	0.0	0.0	0.0	0.000415065	0.0	0.0	0.00041582999999999995	0.0	0.000835991	0.148892	0.181481	0.0	0.0	0.0	0.0	0.191293	0.0	0.0	0.000443339	0.0	0.0	0.00045654600000000006	0.0	0.0	0.0	0.0	0.00145013	0.0004896060000000001	0.0	0.0	0.0	0.0	0.0	0.0	0.0	0.0	0.0	0.0045386	0.0	0.0	0.0	0.0	0.0	0.0	0.0	0.00130119	0.0	0.0	0.0	0.0	0.0	0.0	0.0	0.0421919	0.0	0.0	0.0	0.0	0.000830199	0.0	0.0	0.0	0.0	0.0	0.0	0.0	0.00194592	0.0	0.0	0.0	0.0	0.0	0.0	0.0	0.0	0.0	0.0	0.0	0.0	0.0	0.0	0.0	0.0	0.0	0.0	0.0	0.0	0.0	0.0	0.0	0.0	0.0	0.082982	0.0	0.0	0.0	0.0	0.0	0.0	0.0	0.0	0.0	0.0	0.110348	0.0	0.0	0.0	0.0	0.00230824	0.101262	0.151453	0.0	0.0	0.0	0.0	0.0	0.0	0.0	0.0	0.0	0.0	0.0512098	0.0
Sin-CPnd_090-Ex1-12F-lcwgs-1-2	0.0	0.0844505	0.00447192	0.05383500000000001	0.0	0.0	0.0	8.59984e-05	0.0860844	0.0	8.59984e-05	0.09322230000000001	0.0	0.0	0.0	0.0	0.0	0.0	0.0	0.0	0.0	0.0	0.0	8.59984e-05	0.149809	0.0	0.0912443	0.000257995	0.0	0.0	0.0	0.0	0.0	8.603549999999999e-05	8.60839e-05	0.0	0.13697900000000002	0.18576	0.0	0.0	0.0	0.0	0.207997	0.0	0.0	8.7251e-05	0.0	0.0	0.0	0.0	0.0	0.0	0.0	0.00017790000000000001	0.0	0.0	0.0	0.0	9.03622e-05	0.0	0.0	9.12939e-05	0.0	0.0	0.0027701699999999998	0.0	0.0	0.0	0.0	0.0	9.46745e-05	0.0	0.00019103000000000002	0.0	0.0	0.000290534	0.0	0.0	0.0	0.0	0.0440512	0.0	0.000100205	0.0	0.0	0.00010178499999999999	0.00102326	0.0	0.0	0.0	0.0	0.0	0.000105763	0.00117003	0.0	0.0	0.0	0.0	0.0	0.0	0.0	0.00022326500000000002	0.0	0.0	0.0	0.0	0.0	0.0	0.000467023	0.0	0.0	0.0	0.000239927	0.0	0.0	0.000122502	0.0	0.0	0.0	0.0863392	0.0	0.0	0.0	0.0	0.0	0.0	0.00026551300000000004	0.0	0.0	0.0	0.09790039999999998	0.0	0.0	0.000140212	0.0	0.0	0.0878257	0.13943899999999998	0.00014621	0.0	0.0	0.0	0.000455778	0.0	0.0	0.000313295	0.0	0.0	0.0678166	0.0
Sin-CPnd_092-Ex1-11F-lcwgs-1-2	0.0	0.0885847	0.00402658	0.0463056	0.0	0.0	0.0	0.0	0.0699617	0.0	0.0	0.0699617	0.0	0.0	0.0	0.0	0.0	0.0	0.0	0.0	0.0	0.0	0.0	0.00100664	0.11123400000000001	0.0	0.0820415	0.00150997	0.0	0.0	0.0	0.0	0.0	0.0	0.0	0.00101432	0.124686	0.184511	0.0	0.0	0.0	0.0	0.185034	0.0	0.0	0.0	0.0	0.0	0.0	0.0	0.0	0.0	0.0	0.0	0.0	0.0	0.0	0.0	0.0	0.0	0.0	0.0	0.0	0.0	0.00291157	0.0	0.0	0.0	0.0	0.0	0.0	0.0	0.0	0.0	0.0	0.0	0.0	0.0	0.0	0.0	0.045936700000000004	0.0	0.0	0.0	0.0	0.0	0.0	0.0	0.0	0.0	0.0	0.0	0.0	0.00144984	0.0	0.0	0.0	0.0	0.0	0.0	0.0	0.0	0.0	0.0	0.0	0.0	0.0	0.0	0.0	0.0	0.0	0.0	0.0	0.0	0.0	0.0	0.0	0.0	0.0	0.08294170000000001	0.0	0.0	0.0	0.0	0.0	0.0	0.0	0.0	0.0	0.0	0.0919378	0.0	0.0	0.0	0.0	0.0	0.0525274	0.15282900000000002	0.0	0.0	0.0	0.0	0.0	0.0	0.0	0.0	0.0	0.0	0.0446055	0.0
Sin-CPnd_093-Ex1-10C-lcwgs-1-2	0.0	0.07853270000000001	0.0037847099999999997	0.059135999999999994	0.0	0.0	0.0	0.00047308800000000003	0.0714363	0.0	0.0	0.0756941	0.0	0.0	0.0	0.0	0.0	0.0	0.0	0.0	0.0	0.0	0.0	0.0	0.12252999999999999	0.0	0.0946177	0.000946177	0.0	0.0	0.0	0.0	0.0	0.0	0.0	0.000476068	0.126553	0.17969100000000002	0.0	0.0	0.0	0.0	0.197326	0.0	0.0	0.0	0.0	0.0	0.0	0.0	0.0	0.0	0.0	0.0	0.0	0.0	0.0	0.0	0.000572233	0.0	0.0	0.0	0.0	0.0	0.00433856	0.0	0.0	0.0	0.0	0.0006669019999999999	0.0	0.0	0.000697627	0.0	0.0	0.0	0.0	0.0	0.0	0.0	0.0427415	0.0	0.0	0.0	0.0	0.0	0.0	0.0	0.0	0.0	0.0	0.0	0.0	0.000981807	0.0	0.0	0.0	0.0	0.0	0.0	0.0	0.00112367	0.0	0.0011616200000000001	0.0	0.0	0.0	0.0	0.00126326	0.0	0.0	0.00132651	0.0	0.0	0.0	0.0	0.0	0.0	0.0	0.0801706	0.0	0.0	0.0	0.00161101	0.0	0.0	0.0	0.0	0.0	0.0	0.09742719999999999	0.0	0.0	0.0	0.0	0.0	0.0872358	0.151167	0.0	0.0	0.0	0.00215689	0.0	0.0	0.0	0.0	0.0	0.0	0.0713612	0.0
Sin-CPnd_094-Ex1-3H-lcwgs-1-2	0.0	0.0867428	0.00468411	0.0582911	0.0	0.0	0.0	0.000173486	0.0948966	0.0	0.000173486	0.09333520000000001	0.0	0.0	0.0	0.0	0.0	0.0	0.0	0.0	0.0	0.0	0.0	0.000173486	0.121613	0.0	0.0921208	0.00138788	0.0	0.0	0.0	0.000173486	0.0	0.000173521	0.0	0.000173602	0.13822800000000002	0.189524	0.00017377900000000002	0.0	0.0	0.0	0.192433	0.0	0.0	0.000349046	0.0	0.0	0.0	0.0	0.0	0.0	0.0	0.0	0.0	0.0	0.0	0.0	0.000354945	0.0	0.000178129	0.00017848	0.0	0.0	0.0030541599999999998	0.000180098	0.0	0.0	0.00018154	0.0	0.000182643	0.0	0.000183764	0.0	0.00018504399999999999	0.0	0.000372789	0.0	0.0	0.0	0.0428004	0.0	0.00019104099999999998	0.0	0.0	0.000193783	0.0	0.0	0.0	0.0	0.0	0.0	0.0	0.00121628	0.0	0.0	0.0	0.0	0.0	0.0	0.0	0.000214085	0.0	0.0	0.00021911	0.0	0.0	0.0	0.000679013	0.0	0.0	0.000697214	0.000234548	0.000236733	0.0	0.0	0.0	0.0	0.0	0.0952691	0.0	0.0	0.0	0.0	0.0	0.0	0.0	0.0	0.0	0.0	0.09448619999999999	0.0	0.0	0.000875238	0.0	0.0	0.08771319999999999	0.139346	0.0	0.0	0.0	0.0	0.0	0.0	0.0	0.000682186	0.0	0.0	0.06869489999999999	0.0
Sin-CPnd_095-Ex1-2B-lcwgs-1-2	0.0	0.0918959	0.00272958	0.0500423	0.0	0.0	0.0	0.0	0.0864367	0.0	0.0	0.0809776	0.0	0.0	0.0	0.0	0.0	0.0	0.0	0.0	0.0	0.0	0.0	0.0	0.12738	0.0	0.0791578	0.0	0.0	0.0	0.0	0.0	0.0	0.0	0.0009142769999999999	0.0	0.156535	0.164664	0.0	0.0	0.0	0.0	0.17246799999999998	0.0	0.0	0.0	0.0	0.0	0.0	0.0	0.0	0.0	0.0	0.0	0.0	0.0	0.0	0.0	0.0	0.0	0.0	0.0	0.0	0.0	0.004836	0.0	0.0	0.0	0.0	0.0	0.0	0.0	0.00270351	0.0	0.0	0.0	0.0	0.0	0.0	0.0	0.0379916	0.0	0.0	0.0	0.0	0.0	0.0033343899999999996	0.0	0.0	0.0	0.0	0.0	0.0	0.0	0.0	0.0	0.0	0.0	0.0	0.0	0.0	0.0	0.0	0.00220337	0.0	0.0	0.0	0.0	0.0	0.00245128	0.0	0.0	0.0	0.0	0.0	0.0	0.0	0.0	0.0	0.0733891	0.0	0.0	0.0	0.0	0.0	0.0	0.0	0.0	0.0	0.0	0.0905436	0.0	0.0	0.00383259	0.0	0.0	0.0691422	0.107911	0.0	0.0	0.0	0.0	0.0	0.0	0.0	0.0	0.0	0.0	0.0382974	0.0
Undetermined	3.97192e-05	0.128828	0.00592744	0.141585	2.86861e-05	1.7652999999999999e-06	0.0	0.000553422	0.0715255	0.0	5.20763e-05	0.0806499	0.0	0.00014828499999999998	0.0	3.97192e-06	0.0	1.7652999999999999e-06	0.0	9.70915e-06	0.0	0.0	8.826499999999999e-07	0.000795709	0.104889	0.000541064	0.0759759	0.0019281500000000002	0.00047972000000000005	0.0	0.0016412900000000001	0.00502272	0.000312017	0.00131043	0.000224543	0.00191916	0.144339	0.177316	8.0926e-05	0.00197171	0.00089886	3.7891e-05	0.192417	5.0842e-05	0.000159873	0.00402711	0.00990194	0.000782397	3.60673e-05	0.00017847700000000002	0.00035174699999999996	0.000184825	1.28194e-05	0.00035778700000000004	0.00022878400000000002	7.90762e-06	0.0	1.1767400000000001e-06	0.0059519099999999995	4.30101e-06	0.00282175	0.00093192	0.000436652	2.01972e-06	0.0055152099999999996	0.00482726	0.0	5.20869e-06	0.0026896100000000003	4.78505e-05	0.000377144	1.65656e-06	0.00289975	3.50087e-05	0.00139961	0.0110014	0.000296411	0.000359215	0.0	0.0	0.0454401	3.54242e-05	0.000108469	1.41382e-05	0.0	0.00041843199999999994	0.0074921599999999994	6.70929e-06	0.0	0.0019402000000000002	0.00093418	0.00012265100000000002	0.00029817499999999997	0.0022129899999999997	0.0	0.0	3.81373e-05	0.000413564	0.0	0.0	0.000167034	0.00343299	0.014248400000000001	0.00132499	0.000344056	1.4986299999999999e-05	0.0	1.34407e-05	0.00434915	0.00029198699999999995	0.0018884499999999999	0.0008856160000000001	0.011621	0.000246872	0.00017973999999999998	5.01373e-05	0.000641881	0.0	3.98074e-06	0.0952301	0.0	0.0	0.0024485699999999997	0.0	0.0	1.01266e-05	0.00033525	7.04304e-05	0.0	0.0	0.0947703	0.0	6.39951e-06	0.000594797	6.82548e-06	0.000112796	0.09219150000000001	0.143954	0.00010892399999999999	0.00239644	0.000548982	0.000361495	0.0012984	0.00010103699999999999	0.00064598	0.0012912	0.00013337199999999998	0.000205065	0.0635069	0.0
