Sample	1	2	3	4	5	6	7	8	9	10	11	12	13	14	15	16	17	18	19	20	21	22	23	24	25	26	27	28	29	30	31	32	33	34	35	36	37	38	39	40	41	42	43	44	45	46	47	48	49	50	51	52	53	54	55	56	57	58	59	60	61	62	63	64	65	66	67	68	69	70	71	72	73	74	75	76	77	78	79	80	81	82	83	84	85	86	87	88	89	90	91	92	93	94	95	96	97	98	99	100	101	102	103	104	105	106	107	108	109	110	111	112	113	114	115	116	117	118	119	120	121	122	123	124	125	126	127	128	129	130	131	132	133	134	135	136	137	138	139	140	141	142	143	144	145	146	147	148	149	150
Sin-APnd_001-Ex1-6G-lcwgs-1-2	39.3447	39.0729	39.377	39.3883	39.4284	39.4104	39.3074	39.3874	39.3855	39.3665	39.4171	39.2125	39.3501	39.316	39.3666	39.5348	39.5707	39.5187	39.4941	39.4964	39.5447	39.5103	39.4809	39.4705	39.4284	39.3679	39.3226	39.3917	39.4246	39.3617	39.3401	39.3676	39.3425	39.326	39.3345	39.3535	39.2965	39.2897	39.3705	39.3517	39.3403	39.3249	39.2282	39.2713	39.1747	38.9938	39.323	39.1865	39.2235	39.1202	39.2292	39.0637	38.9233	39.1487	39.0516	38.9478	38.8935	38.9427	38.9111	38.9096	38.8703	38.9002	38.8997	38.9489	38.818	39.0215	38.9386	38.86	38.7924	38.8204	38.9079	39.0133	39.0554	39.0745	39.0689	39.0512	39.0455	39.0472	39.0318	39.0325	39.0065	39.0168	39.0059	39.0014	38.9903	38.9844	38.9836	38.9632	38.9454	38.9232	38.9183	38.8981	38.8902	38.8675	38.8445	38.8189	38.8038	38.7591	38.7326	38.699	38.6448	38.5638	38.4711	38.3635	38.2637	38.1034	37.9817	37.882	37.762	37.6184	37.4631	37.2999	37.1107	36.9354	36.739	36.5166	36.2662	36.0751	35.8339	35.5917	35.3999	35.1213	34.8495	34.624	34.2907	33.9944	33.871	33.5382	33.3954	33.2165	32.8878	32.6064	32.4026	32.2518	32.0024	31.8206	31.5296	31.3225	31.1046	30.7262	30.5817	30.5841	30.5115	30.3804	30.3489	30.2619	30.2409	30.4578	31.0047	33.5745
Sin-APnd_002-Ex1-3G-lcwgs-1-2	39.3828	39.0888	39.3882	39.3954	39.4346	39.4186	39.3261	39.4065	39.3986	39.3831	39.4335	39.2273	39.3714	39.3315	39.385	39.5496	39.5877	39.5367	39.5195	39.5208	39.5668	39.5356	39.505	39.4946	39.4499	39.4014	39.36	39.4277	39.4586	39.3992	39.3816	39.4092	39.3787	39.3679	39.3775	39.3938	39.3395	39.3342	39.4119	39.3948	39.3836	39.3747	39.2775	39.3059	39.2321	39.0686	39.3771	39.2517	39.2823	39.1866	39.2883	39.1392	39.0115	39.2204	39.1265	39.0317	38.9795	39.0267	39.0028	38.9985	38.9554	38.9881	38.9911	39.0355	38.9201	39.1089	39.0369	38.9658	38.9003	38.9246	39.0059	39.0985	39.1387	39.1597	39.1543	39.1407	39.1365	39.138	39.1181	39.1223	39.0973	39.1066	39.0904	39.0897	39.0814	39.0763	39.0739	39.0576	39.0402	39.0275	39.0165	38.9973	38.9889	38.9697	38.9483	38.926	38.9176	38.8753	38.8491	38.8211	38.7691	38.7025	38.6175	38.5234	38.4312	38.2832	38.1668	38.0774	37.9659	37.8388	37.6937	37.5345	37.3572	37.1823	36.9923	36.7777	36.5267	36.3367	36.0956	35.854	35.6625	35.3904	35.1073	34.8844	34.5554	34.2605	34.1129	33.7789	33.6104	33.4229	33.0982	32.8206	32.5902	32.4253	32.1556	31.9823	31.6844	31.4666	31.2322	30.8349	30.6829	30.6689	30.5731	30.4367	30.3957	30.3151	30.289	30.4743	30.977	33.5251
Sin-APnd_003-Ex1-3H-lcwgs-1-2	39.3726	39.1194	39.4178	39.4078	39.4558	39.4091	39.3355	39.3976	39.4075	39.3957	39.4425	39.2468	39.3843	39.3489	39.397	39.558	39.5948	39.5462	39.5304	39.5286	39.5716	39.5409	39.5126	39.5052	39.4606	39.4124	39.3692	39.4376	39.4622	39.4083	39.3886	39.4161	39.3842	39.3758	39.387	39.403	39.3461	39.3398	39.4185	39.3994	39.387	39.3775	39.2802	39.3165	39.238	39.0691	39.382	39.2573	39.2934	39.1954	39.2935	39.148	39.0273	39.2279	39.1322	39.047	38.9895	39.0329	39.0097	39.0019	38.9586	38.9894	38.9889	39.0333	38.9163	39.1107	39.0398	38.9627	38.897	38.9187	38.9982	39.0918	39.1319	39.1518	39.1465	39.1342	39.1306	39.1339	39.1163	39.1199	39.0926	39.1027	39.087	39.0848	39.0765	39.0699	39.0682	39.0519	39.0362	39.0228	39.0121	38.9938	38.9877	38.9651	38.9464	38.9235	38.9103	38.8724	38.8461	38.818	38.7684	38.6994	38.6157	38.5181	38.4259	38.275	38.1592	38.0674	37.9571	37.8251	37.678	37.521	37.3458	37.1723	36.9782	36.7688	36.516	36.3319	36.0842	35.8446	35.6609	35.3815	35.1018	34.8822	34.5582	34.2659	34.1296	33.7875	33.6336	33.4547	33.1264	32.8549	32.6341	32.4722	32.2108	32.0382	31.7318	31.5357	31.2949	30.9075	30.7595	30.7735	30.697	30.5376	30.5153	30.4378	30.4053	30.6109	31.0879	33.5794
Sin-APnd_004-Ex1-4A-lcwgs-1-2	39.3315	39.0971	39.371	39.3954	39.4096	39.3855	39.3096	39.3676	39.3881	39.3757	39.4195	39.2193	39.3563	39.3248	39.3752	39.5423	39.5726	39.5218	39.4926	39.4919	39.5383	39.5066	39.4809	39.4711	39.4297	39.3666	39.3197	39.3841	39.4166	39.3525	39.3306	39.3547	39.3308	39.3186	39.3282	39.3511	39.2856	39.2762	39.3567	39.3362	39.3212	39.3081	39.2097	39.2545	39.151	38.9711	39.3087	39.1701	39.2055	39.0987	39.2074	39.0348	38.8929	39.1247	39.0262	38.9219	38.8602	38.8998	38.869	38.866	38.8257	38.8545	38.8475	38.8959	38.7547	38.9832	38.8915	38.8073	38.7339	38.7623	38.8518	38.9648	39.0038	39.0147	39.0108	38.9886	38.9795	38.9849	38.9741	38.9671	38.9376	38.9436	38.9312	38.9261	38.911	38.909	38.9091	38.8856	38.864	38.8279	38.8252	38.8023	38.7957	38.7735	38.7474	38.7163	38.6981	38.6506	38.6258	38.5881	38.5328	38.4375	38.3381	38.2249	38.123	37.9506	37.8333	37.7285	37.6069	37.4614	37.3065	37.1367	36.9372	36.7601	36.5517	36.3374	36.0952	35.9051	35.656	35.4152	35.2107	34.9237	34.6418	34.4279	34.0675	33.7897	33.6848	33.3811	33.2269	33.0421	32.7104	32.4125	32.2179	32.0755	31.8498	31.679	31.3955	31.1898	30.9557	30.5637	30.424	30.445	30.399	30.3004	30.2411	30.1565	30.1515	30.389	31.0023	33.6286
Sin-APnd_005-Ex1-4B-lcwgs-1-2	39.3364	39.1189	39.391	39.4032	39.4189	39.4061	39.3499	39.3917	39.4003	39.3796	39.4273	39.2211	39.3666	39.3223	39.3757	39.5368	39.5763	39.5234	39.4936	39.504	39.5516	39.5165	39.4872	39.4678	39.4281	39.3606	39.321	39.3934	39.4184	39.3567	39.3368	39.3662	39.3346	39.3286	39.3382	39.353	39.2929	39.286	39.3676	39.3535	39.3332	39.323	39.2238	39.2612	39.175	39.0146	39.3265	39.189	39.2272	39.1214	39.2276	39.0637	38.9241	39.1512	39.0542	38.9488	38.8984	38.9471	38.9174	38.9154	38.8741	38.9052	38.9049	38.9521	38.8288	39.028	38.9546	38.8841	38.8177	38.8452	38.9261	39.0197	39.0601	39.0785	39.0741	39.059	39.054	39.0554	39.0403	39.0415	39.0146	39.023	39.0094	39.0058	38.9982	38.9927	38.9909	38.9673	38.9526	38.9352	38.9267	38.9063	38.8991	38.8785	38.8557	38.8321	38.8207	38.7783	38.7525	38.7206	38.6693	38.5929	38.5055	38.4099	38.3192	38.1685	38.061	37.9657	37.8622	37.734	37.5926	37.4381	37.2693	37.1034	36.9195	36.7153	36.4782	36.2975	36.0636	35.8341	35.6542	35.3881	35.111	34.8965	34.5776	34.2847	34.1526	33.8328	33.6708	33.4862	33.1584	32.8822	32.6581	32.5052	32.2384	32.0536	31.7513	31.5334	31.3051	30.932	30.7736	30.7752	30.6983	30.5434	30.5009	30.4119	30.3926	30.5666	31.0687	33.5883
Sin-APnd_006-Ex1-4C-lcwgs-1-2	39.3402	39.1135	39.3896	39.4063	39.4646	39.4482	39.3518	39.4052	39.4107	39.4001	39.4462	39.2437	39.3852	39.3429	39.3948	39.5547	39.5906	39.5416	39.5177	39.5222	39.567	39.5352	39.5061	39.4933	39.4515	39.3956	39.3541	39.4224	39.4491	39.3887	39.3692	39.3981	39.3716	39.3588	39.3697	39.3859	39.3294	39.3206	39.401	39.3847	39.3681	39.3556	39.2603	39.2986	39.2209	39.0491	39.3612	39.2333	39.2618	39.163	39.2671	39.1008	38.9595	39.1857	39.105	38.9926	38.9548	39.007	38.9748	38.9741	38.9327	38.9584	38.9626	39.0113	38.893	39.0813	39.0093	38.9401	38.8769	38.9022	38.9817	39.075	39.1149	39.1328	39.1294	39.1179	39.1151	39.1178	39.1019	39.1056	39.0784	39.0876	39.0737	39.0723	39.0646	39.06	39.0559	39.0382	39.0231	39.011	38.9995	38.9825	38.9753	38.9529	38.9309	38.9096	38.8963	38.8596	38.8321	38.8038	38.7514	38.6813	38.5956	38.4972	38.4074	38.2583	38.1449	38.0563	37.9499	37.8246	37.682	37.5354	37.3663	37.2091	37.0273	36.828	36.5921	36.4195	36.1902	35.9673	35.7936	35.5369	35.2748	35.077	34.7613	34.4886	34.356	34.0336	33.8764	33.7093	33.3889	33.1188	32.9017	32.7499	32.5032	32.3133	32.029	31.8222	31.5952	31.2165	31.0693	31.0742	30.9895	30.8345	30.7906	30.7229	30.6928	30.8525	31.331	33.789
Sin-APnd_007-Ex1-4D-lcwgs-1-2	39.3164	39.106	39.3759	39.3743	39.4186	39.4002	39.299	39.3605	39.3787	39.363	39.411	39.2071	39.3449	39.308	39.3585	39.5301	39.5672	39.5147	39.4864	39.4933	39.5397	39.5032	39.4729	39.4622	39.4225	39.358	39.314	39.3826	39.4114	39.3479	39.3247	39.3536	39.3298	39.3153	39.3264	39.3472	39.292	39.2829	39.3609	39.3431	39.3259	39.3129	39.2161	39.262	39.1649	38.9829	39.3186	39.1826	39.2144	39.1096	39.2182	39.0461	38.9033	39.1336	39.0437	38.9377	38.8891	38.9357	38.9004	38.8976	38.8558	38.8768	38.8805	38.9314	38.8038	39.0102	38.933	38.8566	38.7899	38.8175	38.9007	39.0026	39.044	39.0638	39.0604	39.0475	39.044	39.0464	39.032	39.0337	39.0073	39.0155	39.0007	38.9958	38.9842	38.9822	38.9795	38.9582	38.9421	38.9246	38.9147	38.8928	38.8829	38.8603	38.8358	38.8087	38.7919	38.7481	38.7185	38.6837	38.623	38.5384	38.4366	38.3208	38.211	38.0385	37.9045	37.7881	37.6617	37.512	37.347	37.1734	36.9805	36.7993	36.5958	36.3725	36.1186	35.929	35.6935	35.4526	35.2663	34.9971	34.7228	34.5114	34.1843	33.8973	33.7708	33.4429	33.299	33.1168	32.7863	32.5221	32.3154	32.1665	31.9141	31.7377	31.446	31.2456	31.0185	30.6495	30.5012	30.4979	30.4302	30.2955	30.2789	30.1864	30.2105	30.4698	31.0362	33.6378
Sin-APnd_008-Ex1-4E-lcwgs-1-2	39.3195	39.1122	39.3873	39.3944	39.4131	39.3946	39.3281	39.379	39.3906	39.3734	39.4185	39.2137	39.3527	39.3155	39.3664	39.5347	39.5705	39.52	39.4907	39.4947	39.5413	39.5061	39.4772	39.4637	39.4208	39.3559	39.3142	39.3822	39.4129	39.3523	39.3288	39.354	39.3266	39.3147	39.3248	39.3455	39.2823	39.2731	39.3547	39.337	39.3214	39.3071	39.2086	39.2518	39.1505	38.9737	39.3039	39.1648	39.1995	39.0906	39.2008	39.0285	38.8843	39.1169	39.0157	38.9107	38.8537	38.9003	38.868	38.8658	38.8239	38.8493	38.8474	38.8988	38.7638	38.9775	38.895	38.8187	38.7497	38.7772	38.8625	38.9679	39.0071	39.0239	39.0194	39.0019	38.9962	38.9963	38.9822	38.9813	38.953	38.9631	38.9484	38.9462	38.9335	38.9307	38.9273	38.9062	38.8876	38.8634	38.8546	38.8355	38.8249	38.8032	38.7793	38.7487	38.7325	38.6876	38.658	38.6211	38.5634	38.4783	38.3763	38.2672	38.1614	37.9885	37.866	37.7581	37.6376	37.4963	37.344	37.1776	36.9928	36.8253	36.6301	36.4172	36.1747	35.9953	35.7633	35.5376	35.3604	35.096	34.8335	34.6345	34.3082	34.0395	33.9131	33.6023	33.4666	33.2923	32.9816	32.709	32.5128	32.3729	32.1173	31.959	31.6777	31.4767	31.2621	30.8914	30.7415	30.7481	30.6846	30.5385	30.5206	30.4587	30.4329	30.6627	31.2082	33.7507
Sin-APnd_009-Ex1-4F-lcwgs-1-2	39.3303	39.0941	39.3983	39.4	39.4574	39.4247	39.3479	39.3944	39.3975	39.3808	39.4307	39.2263	39.3684	39.3265	39.3792	39.545	39.58	39.5288	39.5001	39.5075	39.5526	39.5187	39.4903	39.4748	39.4342	39.3729	39.3323	39.4005	39.4275	39.3676	39.3443	39.3723	39.3455	39.3324	39.3442	39.3637	39.3032	39.297	39.3758	39.3599	39.3432	39.3276	39.2309	39.2707	39.1841	39.0131	39.3339	39.1983	39.23	39.1245	39.2335	39.0577	38.9119	39.1471	39.0584	38.9475	38.9036	38.956	38.9256	38.9241	38.8812	38.9099	38.9108	38.9585	38.8351	39.0339	38.9588	38.8891	38.8256	38.8533	38.934	39.0312	39.0706	39.0869	39.0814	39.0688	39.064	39.0659	39.0512	39.0535	39.0254	39.0339	39.021	39.0183	39.0069	39.0046	39.0011	38.9804	38.9656	38.9484	38.9381	38.919	38.9094	38.8884	38.8661	38.8397	38.8262	38.7841	38.7577	38.7286	38.6709	38.5956	38.503	38.3994	38.3005	38.1463	38.0277	37.9372	37.8254	37.6858	37.5413	37.3812	37.2035	37.0339	36.8415	36.6366	36.3939	36.2042	35.9764	35.7374	35.5523	35.2848	35.0188	34.7979	34.4769	34.193	34.0603	33.7264	33.573	33.3854	33.0551	32.7837	32.5766	32.4223	32.1647	31.9782	31.6763	31.4677	31.2301	30.8434	30.6927	30.6893	30.6183	30.4681	30.4431	30.3567	30.3301	30.5268	31.0933	33.6481
Sin-APnd_010-Ex1-4G-lcwgs-1-2	39.3405	39.069	39.3757	39.3861	39.4265	39.4056	39.3006	39.3818	39.3809	39.3617	39.4109	39.2026	39.3451	39.3104	39.3621	39.5339	39.5684	39.5163	39.4895	39.494	39.5398	39.5066	39.4773	39.4652	39.4239	39.3632	39.318	39.3856	39.4201	39.3551	39.3349	39.3615	39.3368	39.3213	39.3304	39.3511	39.293	39.2829	39.3656	39.3486	39.3339	39.3193	39.2221	39.2646	39.1704	38.9898	39.3177	39.1782	39.2158	39.1099	39.2224	39.0515	38.9094	39.1405	39.045	38.9352	38.8816	38.9314	38.9	38.8997	38.8597	38.8877	38.8884	38.9374	38.8053	39.0121	38.9272	38.8491	38.7803	38.8112	38.8995	39.0055	39.0468	39.0634	39.0601	39.042	39.0337	39.0376	39.0219	39.0213	38.9961	39.0067	38.9939	38.989	38.9787	38.975	38.973	38.951	38.9335	38.9122	38.903	38.8853	38.8768	38.8547	38.8317	38.805	38.7892	38.7482	38.7195	38.6857	38.6345	38.5496	38.4543	38.3475	38.2436	38.081	37.9571	37.8565	37.7355	37.5934	37.4417	37.2756	37.0847	36.9059	36.7086	36.4944	36.2378	36.0486	35.802	35.5586	35.3679	35.0859	34.8087	34.5979	34.2466	33.9566	33.8369	33.5164	33.3593	33.1663	32.8348	32.5398	32.3344	32.1988	31.9495	31.7638	31.4565	31.2415	31.0219	30.6242	30.4724	30.4925	30.4302	30.288	30.2617	30.1611	30.1569	30.379	30.9502	33.5698
Sin-APnd_011-Ex1-4H-lcwgs-1-2	39.33	39.0972	39.4	39.3908	39.4405	39.3915	39.3105	39.3714	39.3843	39.3691	39.413	39.2106	39.3511	39.3127	39.3646	39.5325	39.5681	39.5161	39.488	39.4915	39.538	39.5035	39.476	39.4632	39.4213	39.3571	39.3142	39.3824	39.4116	39.3502	39.328	39.3533	39.327	39.3155	39.3266	39.347	39.2855	39.2776	39.3584	39.34	39.3219	39.3088	39.211	39.254	39.1565	38.984	39.3119	39.1706	39.2082	39.0976	39.2087	39.0352	38.8927	39.1247	39.0265	38.9198	38.8662	38.9151	38.8856	38.8811	38.8379	38.8665	38.8644	38.913	38.7831	38.9926	38.9153	38.8394	38.7755	38.8	38.8847	38.984	39.0237	39.0418	39.0351	39.0194	39.0153	39.0169	39.0012	39.0026	38.9748	38.9819	38.9676	38.9659	38.9526	38.9474	38.9459	38.9271	38.9099	38.8867	38.8799	38.8594	38.8505	38.8281	38.8025	38.7777	38.7618	38.7151	38.6903	38.6548	38.6004	38.5196	38.4262	38.3191	38.2195	38.0579	37.937	37.8436	37.7337	37.5974	37.4505	37.2945	37.1182	36.9485	36.7616	36.5514	36.3139	36.1318	35.9039	35.6788	35.4954	35.2275	34.9627	34.7565	34.432	34.1524	34.0263	33.7056	33.5626	33.3855	33.0642	32.7963	32.582	32.4336	32.1777	32.0033	31.7168	31.5066	31.2817	30.9083	30.7546	30.7579	30.6837	30.5423	30.5127	30.4375	30.4099	30.5975	31.1224	33.6585
Sin-APnd_012-Ex1-5A-lcwgs-1-2	39.353	39.1197	39.3847	39.4088	39.424	39.4019	39.3358	39.3909	39.4096	39.3971	39.4424	39.2476	39.3808	39.3489	39.3957	39.5539	39.5855	39.5371	39.5135	39.5121	39.5571	39.5252	39.4992	39.4922	39.449	39.3926	39.347	39.4102	39.4388	39.3796	39.3593	39.3832	39.3582	39.3472	39.3556	39.3761	39.3137	39.3087	39.3839	39.3656	39.3524	39.3414	39.2455	39.2852	39.1949	39.0186	39.3439	39.2106	39.2429	39.1403	39.2444	39.0834	38.949	39.1711	39.0744	38.9766	38.9201	38.9643	38.9377	38.9317	38.8897	38.9176	38.9142	38.9621	38.8327	39.0437	38.9648	38.8834	38.8128	38.8407	38.9252	39.0269	39.0648	39.0801	39.077	39.0591	39.0538	39.0577	39.0422	39.038	39.0108	39.0205	39.0055	39.001	38.9902	38.9826	38.9836	38.9655	38.9466	38.9202	38.9141	38.8942	38.8846	38.8623	38.8392	38.8085	38.7961	38.7522	38.7294	38.6949	38.6406	38.559	38.4657	38.3586	38.2628	38.1044	37.9879	37.8901	37.7804	37.6422	37.4974	37.3376	37.1543	36.9844	36.7852	36.5767	36.3419	36.1606	35.9253	35.6949	35.5131	35.2397	34.9719	34.7574	34.4187	34.1297	34.0164	33.7058	33.5678	33.4004	33.0739	32.7911	32.5857	32.4547	32.2112	32.0402	31.7438	31.5431	31.3195	30.9382	30.787	30.8192	30.7388	30.6221	30.5892	30.5063	30.4962	30.7126	31.2426	33.7473
Sin-APnd_013-Ex1-5B-lcwgs-1-2	39.3172	39.1157	39.3852	39.4066	39.4229	39.4098	39.3463	39.3883	39.4001	39.3811	39.428	39.2254	39.3647	39.3254	39.3779	39.5371	39.5744	39.522	39.4944	39.4993	39.5485	39.5122	39.4836	39.4677	39.4265	39.3589	39.3166	39.3854	39.4133	39.3539	39.3346	39.3581	39.3288	39.3226	39.331	39.3503	39.2832	39.2823	39.3574	39.3413	39.3259	39.316	39.2168	39.2584	39.1582	38.9962	39.3174	39.1772	39.217	39.108	39.2172	39.052	38.9138	39.1408	39.0367	38.9393	38.8772	38.9196	38.8931	38.8881	38.846	38.8767	38.8744	38.9197	38.7887	39.006	38.9286	38.8511	38.7858	38.8127	38.8984	38.9963	39.0351	39.0505	39.0445	39.028	39.0214	39.0214	39.0062	39.0043	38.9754	38.9822	38.9686	38.9663	38.9524	38.9475	38.9452	38.924	38.9038	38.8778	38.869	38.849	38.8382	38.8181	38.7895	38.762	38.7447	38.6962	38.6667	38.628	38.5705	38.4814	38.3792	38.2689	38.1575	37.9881	37.8618	37.7532	37.6315	37.4789	37.3233	37.155	36.9613	36.7793	36.5752	36.3628	36.108	35.925	35.6803	35.4403	35.2502	34.979	34.7044	34.4972	34.1565	33.8763	33.7571	33.4441	33.2981	33.123	32.7885	32.5188	32.3175	32.1861	31.9315	31.7579	31.4806	31.2716	31.0492	30.6697	30.5276	30.5186	30.4766	30.3468	30.3226	30.2356	30.2262	30.4678	31.0579	33.6851
Sin-APnd_014-Ex1-5C-lcwgs-1-2	39.3337	39.1219	39.3895	39.4124	39.4667	39.4504	39.3511	39.4062	39.4136	39.4018	39.447	39.2475	39.3859	39.3502	39.3981	39.5528	39.5864	39.5362	39.5105	39.5124	39.5588	39.5268	39.5004	39.489	39.4454	39.3882	39.3449	39.4084	39.4381	39.3789	39.3601	39.3825	39.3582	39.3493	39.3584	39.3751	39.3112	39.3096	39.3835	39.3664	39.3534	39.3412	39.2442	39.2838	39.1917	39.0261	39.3438	39.2112	39.2462	39.1424	39.2453	39.0869	38.9555	39.1745	39.0737	38.9789	38.9205	38.96	38.9324	38.9297	38.8853	38.9191	38.914	38.9589	38.8299	39.0431	38.9618	38.8803	38.8127	38.8404	38.9233	39.0242	39.0588	39.0757	39.0701	39.0538	39.0447	39.0474	39.0332	39.0294	39.0008	39.0064	38.9942	38.9872	38.9744	38.9713	38.9694	38.9481	38.9278	38.9002	38.8926	38.8702	38.8582	38.8373	38.8107	38.783	38.7659	38.7218	38.6962	38.6564	38.6007	38.5119	38.414	38.3096	38.2051	38.0509	37.9375	37.8297	37.7127	37.5706	37.4213	37.255	37.0684	36.8841	36.6866	36.4746	36.2321	36.0439	35.8015	35.5671	35.3664	35.0869	34.8057	34.6034	34.2634	33.9759	33.8506	33.5364	33.38	33.2015	32.87	32.593	32.3856	32.2452	32.0133	31.8438	31.5487	31.346	31.1119	30.7527	30.6	30.6043	30.5533	30.4126	30.3731	30.3026	30.2684	30.4892	31.0839	33.67
Sin-APnd_015-Ex1-5D-lcwgs-1-2	39.3379	39.1289	39.3887	39.3916	39.435	39.4167	39.316	39.3806	39.3981	39.3843	39.4319	39.2343	39.3691	39.3348	39.3829	39.5449	39.5802	39.5304	39.5049	39.5082	39.5536	39.5207	39.4933	39.4833	39.441	39.3804	39.3372	39.4043	39.4326	39.371	39.3509	39.3749	39.3488	39.3388	39.3505	39.3678	39.3082	39.3053	39.3776	39.3596	39.3449	39.3333	39.2393	39.2763	39.1874	39.0131	39.3393	39.2004	39.2388	39.1326	39.2374	39.0747	38.9401	39.1633	39.0622	38.9676	38.9106	38.9564	38.9318	38.9254	38.8829	38.915	38.9084	38.955	38.8268	39.0392	38.9638	38.8808	38.8146	38.8414	38.9257	39.0244	39.063	39.0781	39.0742	39.0588	39.0533	39.0559	39.0426	39.0408	39.0127	39.0179	39.0072	39.0013	38.9896	38.9857	38.9859	38.9639	38.9478	38.921	38.9161	38.8941	38.8853	38.865	38.8416	38.8118	38.7966	38.7548	38.73	38.6925	38.6415	38.5571	38.4629	38.3567	38.259	38.102	37.9827	37.8851	37.7714	37.6318	37.4855	37.3278	37.1402	36.9703	36.777	36.573	36.3241	36.1417	35.9038	35.6658	35.4821	35.2027	34.9334	34.7232	34.3837	34.1034	33.9897	33.6619	33.5145	33.351	33.0148	32.7412	32.5375	32.3864	32.1396	31.9642	31.6784	31.4685	31.2509	30.8707	30.7114	30.7325	30.6681	30.5346	30.4964	30.411	30.3755	30.6092	31.1366	33.6745
Sin-APnd_016-Ex1-5E-lcwgs-1-2	39.326	39.126	39.392	39.4039	39.4226	39.4084	39.3431	39.3937	39.4045	39.3883	39.4332	39.2333	39.3678	39.3323	39.3805	39.5406	39.5753	39.5249	39.4982	39.4993	39.548	39.5135	39.4849	39.4723	39.4292	39.3653	39.3218	39.3887	39.4187	39.3585	39.3397	39.3615	39.3353	39.3256	39.3336	39.3536	39.2881	39.2859	39.3616	39.3432	39.3297	39.3189	39.2213	39.2616	39.1582	38.9908	39.3162	39.1767	39.217	39.1073	39.2148	39.0515	38.9211	39.1396	39.0322	38.941	38.8714	38.9109	38.8864	38.8806	38.8379	38.8701	38.8642	38.912	38.7751	38.9974	38.914	38.833	38.7634	38.7901	38.8786	38.9803	39.0189	39.0332	39.0281	39.0076	38.999	39.0025	38.9895	38.9847	38.9549	38.9616	38.9461	38.9425	38.9304	38.9256	38.9228	38.9007	38.8812	38.8498	38.8439	38.8208	38.808	38.7866	38.7622	38.7282	38.7081	38.6624	38.6329	38.5934	38.5345	38.4396	38.336	38.2195	38.1099	37.9396	37.8145	37.7054	37.5776	37.4258	37.2666	37.0986	36.8938	36.7144	36.5111	36.2869	36.0433	35.8541	35.615	35.3711	35.1827	34.9031	34.6379	34.421	34.0779	33.8041	33.6804	33.3663	33.2158	33.0385	32.7137	32.4407	32.247	32.1061	31.868	31.6904	31.4074	31.2085	30.9979	30.6218	30.4593	30.4867	30.4236	30.3035	30.2666	30.2058	30.1912	30.4419	31.0495	33.6711
Sin-APnd_017-Ex1-5F-lcwgs-1-2	39.3314	39.1052	39.4019	39.4138	39.4667	39.4355	39.3599	39.4074	39.4121	39.3951	39.4429	39.246	39.3816	39.3455	39.3937	39.5532	39.5862	39.5361	39.5094	39.5127	39.5579	39.5259	39.4979	39.4861	39.4439	39.385	39.3423	39.4083	39.4363	39.3774	39.3567	39.3795	39.3551	39.346	39.3557	39.3744	39.31	39.3086	39.3824	39.3654	39.3515	39.3389	39.2425	39.2807	39.1879	39.0208	39.3428	39.2069	39.2442	39.139	39.2431	39.0796	38.9462	39.1684	39.0677	38.9731	38.9151	38.9567	38.9316	38.9283	38.885	38.9161	38.9115	38.9591	38.8292	39.0422	38.966	38.8871	38.8199	38.8463	38.9295	39.0266	39.0648	39.0812	39.0751	39.0577	39.053	39.0557	39.0416	39.0391	39.0111	39.0162	39.003	38.998	38.9889	38.9828	38.9822	38.9619	38.9463	38.9196	38.9115	38.8917	38.88	38.8606	38.8368	38.8089	38.7924	38.7492	38.7247	38.6885	38.6351	38.5498	38.4569	38.3508	38.2515	38.0933	37.9788	37.8776	37.7655	37.6249	37.4824	37.3181	37.1397	36.9737	36.783	36.5727	36.3275	36.1447	35.9172	35.6826	35.5033	35.242	34.9704	34.7639	34.4484	34.1736	34.056	33.7422	33.5919	33.4188	33.0934	32.8384	32.6257	32.4954	32.239	32.0725	31.7957	31.5832	31.3748	30.9966	30.863	30.856	30.8004	30.6601	30.6199	30.5705	30.5195	30.7247	31.2504	33.7769
Sin-APnd_018-Ex1-5G-lcwgs-1-2	39.3291	39.0708	39.3764	39.39	39.4334	39.4173	39.3173	39.395	39.3929	39.374	39.4256	39.2217	39.3584	39.3215	39.3725	39.5387	39.5746	39.5237	39.4987	39.5057	39.5513	39.5171	39.4864	39.4742	39.4326	39.371	39.3277	39.3971	39.4301	39.3672	39.3468	39.3712	39.3479	39.3332	39.3421	39.3634	39.3055	39.3007	39.3763	39.3601	39.3478	39.3344	39.2396	39.2786	39.1875	39.0129	39.3361	39.2001	39.2371	39.135	39.2417	39.0794	38.945	39.166	39.068	38.9682	38.9149	38.9611	38.9327	38.9294	38.8892	38.917	38.9178	38.9672	38.8394	39.0431	38.9685	38.8893	38.8237	38.8503	38.936	39.0342	39.0756	39.0949	39.0895	39.0758	39.0691	39.0708	39.0538	39.0564	39.0278	39.0367	39.0256	39.021	39.0115	39.0045	39.0041	38.9806	38.966	38.945	38.9374	38.9144	38.9073	38.883	38.859	38.8331	38.8153	38.7709	38.7416	38.7067	38.6489	38.5617	38.4668	38.3538	38.245	38.0752	37.946	37.8377	37.7054	37.5563	37.3975	37.222	37.028	36.8464	36.6474	36.4252	36.1641	35.9747	35.7216	35.4841	35.2969	35.0166	34.7488	34.5317	34.2056	33.9241	33.7814	33.4535	33.3072	33.1199	32.7927	32.534	32.3205	32.1644	31.9161	31.7344	31.4615	31.2533	31.0177	30.6426	30.5029	30.5001	30.4192	30.282	30.2645	30.1701	30.1763	30.428	30.9962	33.6472
Sin-APnd_019-Ex1-5H-lcwgs-1-2	39.3258	39.1083	39.405	39.3997	39.4501	39.4034	39.3192	39.3819	39.3963	39.3805	39.4275	39.2289	39.3654	39.3293	39.3782	39.5413	39.576	39.5242	39.4981	39.5005	39.5474	39.5138	39.4861	39.4739	39.4319	39.3696	39.3253	39.3931	39.4203	39.3599	39.3403	39.364	39.3372	39.3269	39.3351	39.3572	39.2924	39.2889	39.3642	39.3474	39.3313	39.3182	39.2215	39.2648	39.1645	38.994	39.3209	39.1816	39.2203	39.1099	39.2176	39.0506	38.913	39.1402	39.0366	38.9388	38.8775	38.9222	38.8952	38.8895	38.8469	38.8761	38.8712	38.9186	38.7856	39.0041	38.9253	38.8443	38.7771	38.8055	38.8899	38.99	39.0288	39.0447	39.0398	39.0226	39.0165	39.0178	39.0047	39.0022	38.9744	38.9787	38.9654	38.9603	38.9485	38.9442	38.9417	38.9197	38.9026	38.8748	38.8667	38.8451	38.8343	38.8136	38.7859	38.7572	38.7372	38.6885	38.6631	38.6241	38.5699	38.4745	38.3736	38.2594	38.155	37.9817	37.8544	37.7419	37.6212	37.4717	37.3117	37.1409	36.949	36.7655	36.563	36.3413	36.0912	35.9042	35.6589	35.4232	35.227	34.9486	34.6768	34.471	34.1304	33.8484	33.7267	33.4075	33.2633	33.0815	32.7627	32.4856	32.2802	32.1452	31.901	31.7286	31.4524	31.2454	31.0302	30.6524	30.5069	30.5082	30.4489	30.3247	30.2856	30.2081	30.2113	30.4538	31.0649	33.6766
Sin-APnd_020-Ex1-6A-lcwgs-1-2	39.3518	39.1159	39.3789	39.4072	39.4222	39.398	39.3222	39.3813	39.4015	39.39	39.4349	39.2383	39.3693	39.3414	39.39	39.5487	39.5801	39.5293	39.5045	39.4966	39.5465	39.5154	39.4903	39.4813	39.4365	39.3769	39.3286	39.3909	39.4238	39.365	39.3409	39.3603	39.3332	39.3253	39.3338	39.3557	39.287	39.2803	39.3606	39.3347	39.3261	39.3145	39.2184	39.2586	39.1521	38.9703	39.3128	39.1728	39.2135	39.1053	39.215	39.0461	38.9079	39.1339	39.0297	38.9337	38.8677	38.9076	38.881	38.8739	38.835	38.8717	38.8579	38.904	38.761	38.9927	38.9007	38.8085	38.7357	38.7624	38.8517	38.966	39.0075	39.0183	39.0127	38.988	38.9793	38.9818	38.9674	38.963	38.9345	38.9407	38.9291	38.9244	38.9062	38.9025	38.9041	38.8848	38.8591	38.8161	38.8158	38.794	38.7866	38.7669	38.7457	38.7057	38.689	38.6409	38.6226	38.5776	38.532	38.4367	38.3397	38.2324	38.1337	37.9718	37.864	37.7641	37.6555	37.514	37.3623	37.1975	36.9992	36.8063	36.5946	36.3873	36.1425	35.9536	35.6941	35.4401	35.2171	34.9045	34.6109	34.395	33.9979	33.6809	33.5827	33.2494	33.1018	32.9244	32.5744	32.2386	32.0393	31.9155	31.6782	31.495	31.1985	30.9932	30.7511	30.3463	30.1992	30.2463	30.2007	30.1025	30.0464	29.9386	29.8924	30.1414	30.7479	33.4522
Sin-APnd_021-Ex1-6B-lcwgs-1-2	39.3173	39.1139	39.3872	39.4064	39.4216	39.4059	39.3347	39.3824	39.3959	39.3762	39.4215	39.2173	39.359	39.3233	39.3763	39.5391	39.5768	39.5246	39.4938	39.4977	39.547	39.5135	39.4883	39.4699	39.4291	39.3588	39.3155	39.3863	39.4156	39.3559	39.3327	39.3586	39.3271	39.3211	39.3301	39.3452	39.2774	39.2731	39.3541	39.3345	39.3209	39.3072	39.2064	39.2493	39.147	38.9816	39.3054	39.1636	39.2028	39.0914	39.202	39.0304	38.8891	39.1215	39.0185	38.9143	38.8491	38.8935	38.8653	38.8619	38.8207	38.8536	38.8472	38.8934	38.7566	38.9775	38.8882	38.8065	38.735	38.7644	38.8534	38.962	39.0019	39.0144	39.0097	38.9867	38.9794	38.9815	38.9669	38.9621	38.9365	38.9447	38.9307	38.9268	38.9149	38.9075	38.9073	38.8884	38.8656	38.8348	38.8287	38.8106	38.8013	38.7786	38.7575	38.7234	38.7068	38.6608	38.6392	38.6029	38.5479	38.4618	38.3632	38.255	38.1562	37.9898	37.874	37.7779	37.6662	37.521	37.3783	37.2123	37.0208	36.841	36.6425	36.4299	36.1896	36.0043	35.7575	35.5152	35.3173	35.0263	34.7524	34.5452	34.1687	33.8839	33.789	33.4666	33.3255	33.1326	32.7917	32.4879	32.305	32.1678	31.94	31.7587	31.467	31.2538	31.0372	30.6394	30.4678	30.5231	30.4784	30.3466	30.3162	30.1929	30.161	30.4067	30.9899	33.6175
Sin-APnd_022-Ex1-6C-lcwgs-1-2	39.2999	39.0911	39.3774	39.3999	39.4565	39.4369	39.3256	39.3845	39.397	39.3858	39.4309	39.2292	39.368	39.3332	39.3834	39.5476	39.5816	39.5305	39.5039	39.5056	39.5525	39.5207	39.4943	39.4816	39.4404	39.3785	39.3321	39.3991	39.4295	39.3694	39.3466	39.3698	39.346	39.3348	39.3429	39.3624	39.2961	39.2905	39.3706	39.349	39.3389	39.3225	39.2236	39.2663	39.1679	38.993	39.3224	39.1865	39.2221	39.1181	39.2244	39.0522	38.9091	39.1398	39.0438	38.9372	38.8814	38.923	38.8918	38.8892	38.8491	38.8756	38.87	38.9204	38.781	39.0016	38.9112	38.8244	38.7544	38.7796	38.8669	38.9781	39.0181	39.0305	39.0284	39.0082	38.999	39.0025	38.9894	38.9859	38.9566	38.9643	38.9546	38.9486	38.934	38.9345	38.9281	38.9084	38.8895	38.8575	38.8549	38.8297	38.8203	38.8002	38.7759	38.7428	38.7271	38.6799	38.6592	38.6193	38.5694	38.477	38.3776	38.27	38.164	38.0036	37.8852	37.7868	37.6636	37.5224	37.3728	37.2134	37.0175	36.8479	36.6496	36.4388	36.2001	36.0171	35.7846	35.5511	35.3636	35.0857	34.8209	34.6101	34.2874	34.0111	33.9092	33.5789	33.4464	33.2796	32.9517	32.6972	32.4984	32.3674	32.129	31.9703	31.6933	31.5138	31.2848	30.9565	30.7801	30.8106	30.7737	30.6394	30.5801	30.5253	30.4995	30.7098	31.2491	33.8182
Sin-APnd_023-Ex1-6D-lcwgs-1-2	39.3225	39.1107	39.3836	39.3897	39.4334	39.4132	39.3079	39.3705	39.3852	39.3721	39.4226	39.2203	39.3588	39.3241	39.3752	39.5415	39.5784	39.5248	39.4977	39.4983	39.5487	39.5165	39.4909	39.479	39.4367	39.3716	39.3261	39.3944	39.424	39.3626	39.3397	39.3661	39.339	39.3302	39.3401	39.3579	39.2971	39.2909	39.3668	39.3429	39.3307	39.317	39.2229	39.262	39.1672	38.9884	39.3222	39.184	39.2165	39.1079	39.2175	39.0394	38.8907	39.1315	39.0381	38.9292	38.8772	38.9233	38.8949	38.8914	38.85	38.8789	38.8759	38.9227	38.7923	39.0057	38.9236	38.8424	38.7794	38.8	38.8868	38.9896	39.0319	39.0486	39.0413	39.0273	39.0217	39.0264	39.0074	39.0119	38.9838	38.9887	38.9766	38.9741	38.9586	38.9577	38.9553	38.9381	38.9171	38.8948	38.8877	38.8688	38.8576	38.8382	38.8187	38.7905	38.77	38.7294	38.7012	38.669	38.6169	38.5384	38.4431	38.341	38.2408	38.0793	37.9558	37.8654	37.7565	37.6176	37.4715	37.3146	37.1327	36.9619	36.7671	36.5716	36.3146	36.1471	35.9072	35.6647	35.4743	35.1976	34.9466	34.7328	34.4161	34.1289	34.0166	33.6867	33.5472	33.3727	33.0438	32.7775	32.562	32.4364	32.1777	32.0267	31.7368	31.533	31.3174	30.9531	30.8042	30.8169	30.7861	30.6183	30.5829	30.5096	30.4749	30.6643	31.2029	33.7301
Sin-APnd_024-Ex1-6E-lcwgs-1-2	39.2948	39.0979	39.3838	39.3963	39.4167	39.403	39.3351	39.3838	39.3925	39.3772	39.4253	39.2231	39.3604	39.3221	39.3717	39.5407	39.5778	39.5253	39.4997	39.4999	39.549	39.5155	39.4881	39.4736	39.4341	39.3685	39.3232	39.3921	39.4217	39.3637	39.3422	39.3661	39.3385	39.3292	39.3362	39.3576	39.2932	39.2893	39.3665	39.3461	39.3322	39.3206	39.2263	39.2645	39.1684	38.9928	39.3217	39.1843	39.2188	39.1112	39.2217	39.0495	38.9047	39.1375	39.042	38.9351	38.8814	38.931	38.8986	38.8963	38.8548	38.8859	38.8828	38.9309	38.8024	39.0084	38.9266	38.8462	38.7879	38.8074	38.8917	38.9937	39.0372	39.0555	39.0466	39.0331	39.0262	39.0271	39.0112	39.0135	38.9869	38.9941	38.98	38.9752	38.9645	38.9612	38.9586	38.9402	38.9215	38.8987	38.8913	38.8717	38.8598	38.8383	38.8163	38.7883	38.7676	38.7284	38.7001	38.6616	38.6114	38.5322	38.4333	38.3285	38.2291	38.0659	37.9437	37.8407	37.7306	37.5936	37.4371	37.2752	37.0897	36.9196	36.7183	36.5115	36.2513	36.0798	35.8345	35.593	35.4078	35.1309	34.8631	34.6555	34.3298	34.0272	33.912	33.5702	33.4098	33.2466	32.9193	32.653	32.4254	32.2669	32.0246	31.8604	31.5635	31.3627	31.1523	30.7575	30.6299	30.6391	30.5752	30.4162	30.3989	30.2979	30.2725	30.4899	31.0363	33.6026
Sin-APnd_025-Ex1-6F-lcwgs-1-2	39.3304	39.0965	39.3971	39.4072	39.4611	39.4324	39.3558	39.4015	39.406	39.3894	39.4397	39.2446	39.3782	39.3407	39.3886	39.5514	39.587	39.5381	39.5131	39.5164	39.561	39.5283	39.4993	39.4877	39.4474	39.389	39.3455	39.4142	39.4406	39.3826	39.3604	39.3879	39.3613	39.3484	39.3581	39.3748	39.3174	39.3125	39.3896	39.3693	39.3582	39.3436	39.2489	39.2891	39.2027	39.0232	39.3481	39.2172	39.2498	39.1494	39.253	39.0914	38.9544	39.1763	39.0843	38.9854	38.9371	38.9846	38.9567	38.952	38.9108	38.938	38.9387	38.9867	38.8634	39.0594	38.9828	38.9061	38.8386	38.8627	38.944	39.0437	39.0879	39.1048	39.1012	39.0907	39.0842	39.0859	39.0704	39.0739	39.0457	39.0537	39.0395	39.0374	39.0283	39.0237	39.0183	39.0004	38.9833	38.9655	38.9574	38.9355	38.9301	38.9078	38.8867	38.8594	38.8436	38.8042	38.7781	38.7447	38.6936	38.6185	38.53	38.4264	38.3303	38.1777	38.0575	37.9664	37.8535	37.7124	37.5647	37.4052	37.2207	37.0449	36.8482	36.6349	36.382	36.186	35.9343	35.7035	35.5083	35.2259	34.9571	34.733	34.3959	34.09	33.9477	33.612	33.4511	33.2632	32.9298	32.66	32.4251	32.2773	32.0165	31.8268	31.5567	31.3527	31.1176	30.7306	30.5841	30.5878	30.5109	30.371	30.3198	30.2316	30.2021	30.4271	30.9399	33.5191
Sin-CPnd_013-Ex1-4E-lcwgs-1-2	38.9589	38.7163	39.2647	39.3168	39.3266	39.3301	39.3637	39.361	39.3884	39.3654	39.3469	39.046	39.3884	39.2028	39.3734	39.5599	39.589	39.5272	39.3831	39.5289	39.5475	39.5351	39.5095	39.468	39.4238	39.4008	39.3535	39.4317	39.574	39.4317	39.3566	39.4185	39.407	39.4365	39.4364	39.3544	39.393	39.3281	39.3985	39.4328	39.5184	39.4265	39.3303	39.2634	39.248	39.1892	39.41	39.1959	39.2779	39.091	39.2254	39.0881	39.011	39.187	39.0781	39.0015	39.0602	38.9231	39.0297	38.9103	38.9247	39.0449	38.9937	38.9779	38.8787	39.2453	39.0366	39.0455	39.0407	38.9757	39.0438	39.2411	39.107	39.2466	39.1324	39.174	39.2024	39.0748	39.1826	39.2368	39.2106	38.9532	39.0474	38.9766	39.023	39.1015	39.1249	39.1552	39.0208	39.0669	39.0641	39.0903	38.9059	39.0281	38.9775	38.9018	39.0309	38.9736	38.7684	38.8518	38.8983	38.988	38.6569	38.601	38.6917	38.4493	38.3665	38.4318	38.0319	38.1317	37.9991	38.0165	37.9359	37.8204	37.6213	37.4561	37.0681	37.2455	36.9586	36.4495	36.8937	36.2951	35.9895	35.9532	35.69	35.5022	35.1486	34.9568	34.7736	34.5438	34.2427	34.059	33.4904	33.8499	33.0019	33.3058	32.8304	32.0167	32.2341	32.0396	31.6847	31.5312	31.474	30.9048	31.0732	31.0446	31.0906	31.0263	31.2808	33.2908
Sin-CPnd_015-Ex1-4A-lcwgs-1-2	39.2938	38.9345	39.3196	39.3405	39.4007	39.3622	39.2437	39.3476	39.3855	39.3498	39.4276	39.1438	39.3704	39.3521	39.3909	39.5468	39.6234	39.5415	39.5344	39.5658	39.5942	39.5845	39.537	39.4858	39.5128	39.435	39.3879	39.5277	39.4645	39.4223	39.4466	39.4574	39.4496	39.4548	39.4838	39.4598	39.3836	39.4003	39.4359	39.4729	39.387	39.4513	39.3815	39.4192	39.2548	39.179	39.4814	39.3626	39.41	39.2011	39.3547	39.1789	39.0898	39.2897	39.1628	39.0847	39.0074	39.0925	39.0447	39.0449	38.9776	39.1611	39.1073	39.1185	39.0429	39.1615	39.1115	39.084	38.9268	39.0421	39.072	39.1577	39.2418	39.3061	39.1621	39.2056	39.2797	39.2569	39.1836	39.2311	39.1384	39.2032	39.1636	39.1864	39.1032	39.1206	39.1888	39.1499	39.2154	39.1113	39.1087	39.1892	39.0802	39.1849	39.0685	39.0518	39.121	39.0821	38.9546	38.9846	38.946	38.9036	38.8089	38.7709	38.6176	38.6492	38.4702	38.4126	38.3623	38.1596	38.1646	37.7429	37.8117	37.6844	37.4334	37.2792	36.988	36.6751	36.5609	36.2428	36.0368	35.8268	35.5813	35.2231	35.119	34.5762	34.7284	33.9814	33.8207	33.3848	33.2925	33.0271	32.6094	32.3895	32.4729	31.9344	31.875	31.573	30.9977	30.5827	30.2849	30.606	30.0907	30.3906	30.3515	30.1683	30.0983	29.581	30.3525	32.9032
Sin-CPnd_018-Ex1-11A-lcwgs-1-2	39.2456	39.0036	39.3446	39.3762	39.4029	39.3745	39.313	39.3755	39.3822	39.3728	39.4321	39.2048	39.3593	39.3116	39.3671	39.5676	39.6138	39.5672	39.539	39.5595	39.595	39.5543	39.5261	39.5154	39.4886	39.4419	39.4125	39.4813	39.5104	39.4453	39.4366	39.467	39.4354	39.4189	39.4187	39.4612	39.3951	39.3928	39.4618	39.4522	39.4396	39.4278	39.34	39.3642	39.3083	39.144	39.4431	39.322	39.3575	39.2515	39.3607	39.2019	39.0743	39.3037	39.2124	39.1047	39.0588	39.126	39.0892	39.0765	39.0625	39.0804	39.0898	39.1196	38.9787	39.1994	39.1233	39.0478	38.954	38.9855	39.0811	39.1655	39.2064	39.237	39.2351	39.2074	39.2077	39.1857	39.1977	39.1963	39.1881	39.185	39.1642	39.1566	39.1672	39.154	39.1678	39.1342	39.1518	39.1278	39.1311	39.1112	39.0992	39.0806	39.0422	39.0151	39.037	39.0035	38.9849	38.9726	38.9123	38.8501	38.7524	38.6608	38.6086	38.4504	38.3623	38.2781	38.1501	38.0415	37.9223	37.8428	37.6193	37.447	37.3217	37.0807	36.7938	36.6616	36.3849	36.0852	35.8818	35.6352	35.3774	35.1211	34.7652	34.4024	34.2373	33.8637	33.6819	33.4405	33.1059	32.8376	32.5393	32.3465	31.9727	31.799	31.5911	31.3006	31.056	30.6854	30.4748	30.4415	30.2916	30.1023	30.0966	29.9751	29.8622	30.104	30.5405	33.199
Sin-CPnd_019-Ex1-1H-lcwgs-1-2	39.3499	39.0428	39.3999	39.3713	39.4367	39.3586	39.3094	39.3596	39.3588	39.3617	39.4223	39.2047	39.355	39.2895	39.3523	39.5283	39.5938	39.5645	39.5196	39.5613	39.583	39.532	39.511	39.5163	39.4648	39.4111	39.4083	39.4717	39.5126	39.446	39.4012	39.4509	39.3981	39.403	39.412	39.4443	39.3701	39.3919	39.4614	39.4409	39.4235	39.4274	39.3185	39.3756	39.3121	39.1662	39.4306	39.3095	39.3693	39.2807	39.3462	39.2145	39.0553	39.3079	39.2118	39.0905	39.0772	39.1329	39.1265	39.121	39.0539	39.0901	39.1024	39.1454	39.0554	39.2034	39.1441	39.0712	39.0229	39.0822	39.1166	39.2181	39.2849	39.2722	39.2671	39.2818	39.2824	39.2578	39.2286	39.2653	39.2049	39.1963	39.2438	39.193	39.2068	39.1982	39.2184	39.1892	39.2162	39.1718	39.2063	39.105	39.1732	39.1874	39.1543	39.1687	39.1177	39.0401	39.0576	39.0751	38.9829	38.9463	38.88	38.818	38.7097	38.6075	38.5243	38.4162	38.3544	38.1971	38.1026	38.0025	37.8528	37.7652	37.5089	37.2803	37.1278	36.9323	36.6073	36.4134	36.2375	36.033	35.8176	35.546	35.3089	34.9064	34.7993	34.2587	34.1677	33.9575	33.6163	33.3078	33.1832	32.8587	32.5568	32.4721	32.108	31.9209	31.5567	31.2028	31.2018	30.9415	31.1049	30.7042	30.6966	30.7508	30.5483	30.6331	30.919	33.3434
Sin-CPnd_020-Ex1-12E-lcwgs-1-2	39.2732	39.0717	39.4051	39.3993	39.4142	39.4229	39.348	39.4	39.4095	39.3888	39.4409	39.2471	39.394	39.3334	39.3795	39.5599	39.6069	39.557	39.5386	39.5478	39.5975	39.5447	39.5153	39.5138	39.4677	39.417	39.3804	39.4513	39.4738	39.4334	39.4028	39.4389	39.3994	39.3921	39.4155	39.4131	39.3748	39.3633	39.4428	39.4313	39.4139	39.3971	39.3169	39.3409	39.2675	39.1166	39.4157	39.291	39.3182	39.2091	39.3179	39.1699	39.0133	39.254	39.172	39.0493	39.0162	39.0831	39.0373	39.0326	38.9943	39.0333	39.0543	39.0879	38.972	39.1412	39.0857	39.0397	38.9766	39.0066	39.0551	39.1532	39.1813	39.2038	39.1994	39.2011	39.1864	39.2045	39.199	39.1943	39.1736	39.1877	39.1694	39.1495	39.1727	39.1702	39.1663	39.1331	39.1236	39.1456	39.1145	39.0849	39.1049	39.0768	39.0429	39.0455	39.0533	39.0115	38.9838	38.9521	38.896	38.8623	38.7815	38.718	38.6139	38.5192	38.4032	38.3362	38.2588	38.1604	38.022	37.8925	37.7531	37.5725	37.4587	37.263	37.025	36.8339	36.6514	36.4375	36.3143	36.0383	35.7956	35.5828	35.3463	35.0005	34.9096	34.5055	34.4075	34.2316	33.8594	33.6612	33.4545	33.2584	32.9703	32.685	32.4444	32.2366	31.9986	31.5882	31.492	31.4489	31.2564	31.1333	31.062	30.9945	30.9148	31.0485	31.379	33.7716
Sin-CPnd_021-Ex1-3D-lcwgs-1-2	39.3338	39.0725	39.4743	39.4332	39.4438	39.3938	39.3524	39.41	39.4211	39.3816	39.3701	39.205	39.3773	39.3237	39.364	39.6146	39.6372	39.561	39.5631	39.5969	39.5977	39.5509	39.5764	39.5017	39.4511	39.4639	39.4542	39.506	39.5232	39.4851	39.4905	39.4621	39.4729	39.4539	39.5367	39.502	39.4336	39.4205	39.5278	39.469	39.4543	39.4933	39.4738	39.4531	39.3933	39.2054	39.4667	39.4119	39.4322	39.3407	39.4807	39.2381	39.1032	39.3762	39.2419	39.0983	39.1904	39.2473	39.205	39.206	39.0955	39.1592	39.1511	39.289	39.1742	39.262	39.2868	39.1398	39.1189	39.1024	39.237	39.2946	39.4029	39.3771	39.3741	39.3636	39.3641	39.3238	39.3158	39.3225	39.3227	39.3163	39.292	39.2259	39.2816	39.2746	39.3387	39.2488	39.2465	39.3409	39.325	39.1861	39.3741	39.0779	39.1816	39.0623	39.223	39.1113	39.1629	39.0583	39.1279	39.1733	38.8632	38.807	38.7764	38.6814	38.5429	38.5201	38.286	38.2235	38.2229	38.0803	37.9237	37.6373	37.3828	37.3969	36.9736	36.8533	36.8178	36.4467	36.1905	36.0945	35.8541	35.6944	35.4024	35.017	34.7713	34.2978	34.0195	33.5863	33.3643	32.9302	32.8766	32.5513	31.9618	32.136	31.4131	31.367	31.4129	30.5895	30.3756	30.1682	30.5107	29.8106	29.7834	29.5336	29.8163	29.9439	30.6835	32.868
Sin-CPnd_022-Ex1-1D-lcwgs-1-2	39.1675	38.9011	39.3381	39.3139	39.3658	39.3555	39.279	39.3412	39.3337	39.3354	39.3819	39.1376	39.3104	39.2665	39.3228	39.5642	39.6043	39.5313	39.538	39.5282	39.5804	39.5526	39.5172	39.5257	39.449	39.4166	39.4164	39.502	39.5194	39.4718	39.4285	39.4646	39.4134	39.4061	39.4278	39.4564	39.4098	39.3682	39.4497	39.4635	39.4715	39.4651	39.3229	39.3744	39.3234	39.1623	39.4803	39.3427	39.3839	39.2928	39.3689	39.2218	39.0876	39.2984	39.2175	39.1313	39.0663	39.1524	39.1485	39.1111	39.0859	39.1281	39.1277	39.1783	39.0737	39.2654	39.1774	39.034	38.9975	39.0558	39.0987	39.2037	39.2845	39.2708	39.2479	39.2455	39.2627	39.269	39.241	39.2824	39.2395	39.2546	39.2368	39.2281	39.2314	39.2111	39.2471	39.2406	39.2073	39.2094	39.1946	39.166	39.1734	39.108	39.1629	39.1165	39.1229	39.0973	39.056	39.0815	39.0127	38.9398	38.9121	38.8269	38.7863	38.5683	38.5273	38.4868	38.3591	38.2682	38.1287	37.9992	37.8775	37.7199	37.5678	37.3302	37.0955	36.8729	36.6423	36.3441	36.161	35.8806	35.5706	35.3025	35.0594	34.6822	34.4914	34.1622	33.8767	33.7038	33.3117	33.0252	32.8022	32.5152	32.2327	32.0529	31.6635	31.585	31.0971	30.7136	30.4557	30.4858	30.4197	30.2374	30.1488	30.1426	30.0107	29.9962	30.4539	33.1289
Sin-CPnd_023-Ex1-12B-lcwgs-1-2	39.2236	39.0341	39.3735	39.3904	39.4059	39.4044	39.3212	39.3869	39.4033	39.3698	39.4232	39.215	39.3638	39.3126	39.3806	39.5549	39.5971	39.5534	39.5156	39.5243	39.5719	39.5351	39.5109	39.4913	39.4659	39.4042	39.3392	39.4384	39.4644	39.3953	39.3767	39.4209	39.3801	39.3619	39.3948	39.4058	39.3442	39.3358	39.4262	39.4068	39.3905	39.3899	39.2797	39.3043	39.2372	39.0855	39.3834	39.2616	39.297	39.1828	39.2833	39.1507	39.0072	39.2137	39.1447	39.0266	38.9985	39.0367	39.0011	39.0079	38.9654	39.014	38.9987	39.0595	38.9197	39.1104	39.038	38.9931	38.9291	38.9526	39.0199	39.111	39.1444	39.1594	39.1676	39.1319	39.1517	39.1489	39.1238	39.1579	39.1117	39.1111	39.1339	39.1327	39.1182	39.1119	39.1067	39.0907	39.0932	39.0667	39.0825	39.0566	39.0375	39.0252	39.0165	38.9568	39.0035	38.9709	38.9612	38.9445	38.8822	38.8033	38.722	38.6493	38.597	38.4595	38.3355	38.2381	38.1409	38.0651	37.9497	37.8259	37.636	37.4927	37.3474	37.12	36.8663	36.6725	36.4455	36.3192	36.1252	35.8016	35.5754	35.311	34.976	34.68	34.5917	34.2147	34.1007	33.884	33.5095	33.3051	32.9929	33.0386	32.6634	32.3496	32.1602	31.9316	31.5974	31.1471	31.0077	30.9882	30.8516	30.7034	30.7168	30.545	30.4731	30.5017	30.8711	33.4096
Sin-CPnd_024-Ex1-12C-lcwgs-1-2	39.2533	39.0577	39.3778	39.3886	39.4791	39.4302	39.3423	39.4008	39.414	39.3977	39.4461	39.2298	39.3863	39.3574	39.3956	39.574	39.6154	39.5636	39.5199	39.5566	39.6094	39.5546	39.5343	39.5239	39.4687	39.4327	39.3807	39.4522	39.4865	39.4455	39.393	39.441	39.4039	39.3958	39.4048	39.4329	39.3807	39.385	39.4502	39.4391	39.4196	39.424	39.3003	39.3331	39.2848	39.1178	39.4177	39.289	39.3258	39.2327	39.3434	39.1854	39.0459	39.2561	39.178	39.0681	39.0327	39.0869	39.0594	39.0576	39.0238	39.0396	39.0376	39.1263	38.9946	39.174	39.1009	39.0192	38.977	39.0103	39.0443	39.1385	39.2063	39.2261	39.2081	39.1944	39.1912	39.1855	39.1582	39.1669	39.1645	39.1481	39.1564	39.1442	39.1356	39.1507	39.1862	39.1151	39.1264	39.1186	39.1121	39.0759	39.0809	39.0355	39.0359	39.0105	39.0184	38.9811	38.9576	38.9441	38.8998	38.8397	38.7581	38.691	38.6173	38.421	38.3592	38.2538	38.2237	38.0941	37.9667	37.8336	37.7069	37.5575	37.3939	37.2441	36.9222	36.8037	36.5751	36.39	36.1626	35.976	35.6946	35.5495	35.187	34.8701	34.6506	34.3391	34.1497	34.0665	33.7654	33.424	33.1099	32.9245	32.6362	32.5255	32.1445	31.9211	31.7683	31.3615	31.139	31.1239	31.0111	30.7979	30.7972	30.5605	30.5426	30.7273	30.954	33.4384
Sin-CPnd_025-Ex1-3B-lcwgs-1-2	39.3181	39.0355	39.3864	39.4037	39.4408	39.4082	39.348	39.3539	39.3839	39.4023	39.4313	39.2553	39.3444	39.3261	39.3462	39.569	39.6079	39.5676	39.5257	39.525	39.5939	39.5456	39.5307	39.5178	39.4792	39.3946	39.3726	39.4533	39.4947	39.4657	39.4356	39.5149	39.4655	39.4382	39.4512	39.4617	39.4364	39.4131	39.4915	39.5314	39.4318	39.4599	39.3957	39.393	39.3301	39.1781	39.4627	39.3497	39.4019	39.2905	39.3855	39.2564	39.1414	39.2872	39.2228	39.1184	39.1005	39.1409	39.144	39.0964	39.0926	39.1451	39.084	39.0935	39.0763	39.2459	39.2022	39.111	39.0875	39.0171	39.1458	39.2252	39.2775	39.3281	39.2545	39.2329	39.293	39.2273	39.2743	39.2486	39.2477	39.2596	39.2056	39.23	39.2016	39.2202	39.2672	39.2231	39.1981	39.1782	39.1848	39.1549	39.1676	39.1159	39.1449	39.112	39.1738	39.0942	39.0703	39.0511	38.9366	38.9269	38.8829	38.7579	38.7434	38.6857	38.6349	38.4861	38.3699	38.3559	38.0798	38.0771	37.9147	37.7082	37.6079	37.3113	37.0119	36.9621	36.6856	36.4754	36.4251	35.8781	35.6808	35.4245	35.103	34.7622	34.565	34.087	33.9748	33.8013	33.2001	32.9399	32.7491	32.4921	32.2737	31.9082	31.6779	31.6098	31.1246	30.7966	30.4629	30.712	30.5834	30.1012	30.269	29.8718	30.0909	30.1604	30.5545	33.2968
Sin-CPnd_028-Ex1-12H-lcwgs-1-2	39.2797	39.0172	39.4043	39.3762	39.4521	39.3952	39.3254	39.3694	39.4107	39.3722	39.4322	39.2091	39.3728	39.3206	39.3788	39.562	39.6056	39.5549	39.5346	39.5476	39.5892	39.5567	39.5274	39.5083	39.4657	39.4277	39.382	39.4561	39.49	39.4382	39.4182	39.4374	39.4096	39.3887	39.4125	39.4376	39.3802	39.3855	39.4595	39.4308	39.4212	39.4038	39.3201	39.3476	39.2785	39.0977	39.42	39.3099	39.3463	39.2365	39.33	39.174	39.0314	39.257	39.1678	39.0731	39.0368	39.0907	39.0699	39.0484	39.0193	39.0632	39.0534	39.0994	38.9933	39.1622	39.0986	39.0305	38.9687	39.0086	39.0608	39.1507	39.1995	39.2295	39.2108	39.2006	39.1993	39.1942	39.1799	39.1763	39.1639	39.1905	39.1589	39.1566	39.144	39.1527	39.1436	39.1251	39.1264	39.116	39.0849	39.0961	39.0852	39.0644	39.0606	39.0314	39.0397	38.9976	38.9626	38.9459	38.8994	38.8533	38.7999	38.713	38.6139	38.4949	38.4203	38.3383	38.2552	38.1382	38.0166	37.8841	37.745	37.6022	37.4365	37.2185	37.0069	36.8133	36.5793	36.3696	36.2169	35.9631	35.7022	35.4815	35.1909	34.9141	34.7153	34.3565	34.1745	34.0074	33.7225	33.4697	33.2318	33.0268	32.6606	32.503	32.2042	32.0348	31.7372	31.3602	31.1967	31.1813	31.0673	30.9255	30.9294	30.8195	30.7231	30.8652	31.1281	33.6253
Sin-CPnd_029-Ex1-4D-lcwgs-1-2	39.3086	39.0397	39.3908	39.3649	39.4064	39.4383	39.3541	39.3832	39.3729	39.4266	39.4227	39.2279	39.3739	39.3113	39.3956	39.5711	39.6247	39.6036	39.5557	39.5635	39.5994	39.5497	39.4952	39.5383	39.5136	39.4212	39.3995	39.5139	39.5142	39.4949	39.4428	39.4808	39.4525	39.4027	39.4508	39.471	39.4218	39.4077	39.4743	39.5156	39.4292	39.4427	39.3633	39.3743	39.3729	39.2066	39.5223	39.3403	39.4041	39.3081	39.3983	39.2785	39.0366	39.3416	39.2421	39.1424	39.0757	39.1429	39.1091	39.1179	39.07	39.0422	39.1328	39.1782	39.0631	39.2239	39.1511	39.1321	38.9802	39.0717	39.1376	39.1774	39.2369	39.2797	39.3037	39.3514	39.2272	39.3155	39.2875	39.2358	39.216	39.2597	39.1823	39.2283	39.1696	39.2178	39.1529	39.1421	39.2451	39.2351	39.2427	39.1369	39.2537	39.2139	39.1836	39.1308	39.0119	39.1214	39.0786	39.0288	39.0139	38.9461	38.9703	38.846	38.82	38.5269	38.577	38.7654	38.7186	38.3567	38.3259	38.0343	37.845	37.8614	37.5198	37.5012	37.1957	37.1371	36.814	36.8738	36.5486	36.163	35.6893	35.9559	35.508	34.957	34.9285	34.4554	34.294	33.8602	33.732	33.1549	33.1089	32.5351	32.5749	32.4771	32.0816	32.0112	31.5204	31.1579	30.5734	30.7328	30.2119	30.3964	30.2667	30.5562	30.4141	30.1974	30.8559	33.187
Sin-CPnd_031-Ex1-3G-lcwgs-1-2	39.3304	39.0216	39.3714	39.3986	39.4855	39.41	39.3352	39.4731	39.3724	39.3649	39.4386	39.2339	39.3325	39.338	39.3728	39.5971	39.6268	39.5985	39.5854	39.5603	39.6485	39.5492	39.5196	39.5696	39.5396	39.4962	39.4365	39.531	39.5506	39.4362	39.4658	39.5158	39.4941	39.4577	39.4603	39.4406	39.4883	39.3951	39.5185	39.4934	39.4877	39.5138	39.3386	39.416	39.3411	39.1503	39.4975	39.3734	39.3604	39.3556	39.4351	39.2777	39.1738	39.2824	39.3019	39.1335	39.1325	39.2139	39.1392	39.1604	39.1479	39.1474	39.1976	39.1722	39.1008	39.2163	39.1596	39.1347	39.0848	39.0983	39.1495	39.2786	39.2318	39.2688	39.2871	39.3683	39.2533	39.2574	39.2922	39.2641	39.2035	39.3098	39.2238	39.3043	39.2428	39.299	39.2786	39.2578	39.2468	39.1709	39.2354	39.225	39.2014	39.1571	39.2196	39.1587	39.1074	39.1882	39.0409	39.1014	39.0811	39.0112	38.9347	38.8331	38.7858	38.6396	38.469	38.5057	38.5066	38.2809	38.2833	38.0463	37.9127	37.825	37.5319	37.4211	37.1385	36.9892	36.6507	36.2263	36.1555	35.8663	35.5196	35.2038	35.1345	34.5925	34.4597	34.2808	33.8788	33.9126	33.3766	33.1813	32.9961	32.8434	32.4424	32.1481	31.5356	31.449	30.9198	30.7671	30.8032	30.6742	30.6751	30.4075	30.0414	30.3993	30.23	30.48	30.6459	33.1315
Sin-CPnd_032-Ex1-3E-lcwgs-1-2	39.2987	38.9819	39.3529	39.3563	39.3955	39.3426	39.343	39.3755	39.3242	39.3603	39.3901	39.1486	39.3759	39.276	39.3522	39.525	39.5925	39.5721	39.5057	39.5323	39.5798	39.5486	39.5032	39.5018	39.5047	39.4145	39.4025	39.4741	39.4715	39.4228	39.4049	39.474	39.3797	39.4321	39.4149	39.4603	39.3861	39.4288	39.4626	39.4606	39.4298	39.4336	39.3367	39.3333	39.2999	39.1392	39.4726	39.3108	39.3567	39.2607	39.3298	39.2097	39.0583	39.2526	39.186	39.097	39.0357	39.115	39.0519	39.0507	39.0452	39.0022	39.0841	39.1205	39.0181	39.2123	39.0792	39.0091	39.0052	39.0559	39.079	39.1893	39.1431	39.2339	39.2459	39.1872	39.207	39.2062	39.1905	39.2676	39.147	39.1554	39.1924	39.1877	39.1722	39.1347	39.181	39.1681	39.1286	39.1248	39.1156	39.1442	39.1829	39.1036	39.1008	39.0641	39.0107	39.0686	38.9517	38.9996	38.9517	38.8856	38.8123	38.6838	38.6592	38.5936	38.4885	38.3975	38.308	38.1383	38.1069	37.8795	37.8047	37.6395	37.536	37.3637	37.0804	36.8496	36.6038	36.3507	36.1924	35.9164	35.7451	35.481	35.0251	34.8608	34.764	34.2057	33.9538	33.9413	33.6983	33.3147	33.0054	32.8872	32.5587	32.4245	31.9762	31.7535	31.4936	31.0889	30.7862	30.795	30.6609	30.581	30.561	30.3609	30.436	30.3892	30.9001	33.3662
Sin-CPnd_033-Ex1-1B-lcwgs-1-2	39.1763	38.9317	39.2276	39.3268	39.3716	39.2316	39.1921	39.2592	39.3144	39.2256	39.4565	39.1166	39.4259	39.2819	39.2819	39.5818	39.6192	39.5522	39.4772	39.56	39.5896	39.6015	39.565	39.3716	39.5699	39.4525	39.3864	39.4022	39.5324	39.4289	39.416	39.5038	39.3884	39.4103	39.4753	39.4176	39.4084	39.3654	39.4968	39.4408	39.4362	39.4104	39.243	39.3726	39.3258	39.1881	39.4924	39.3062	39.3542	39.2798	39.3753	39.216	39.0724	39.1973	39.1615	39.0316	39.0025	39.2452	39.1438	39.1789	39.0381	39.0443	39.107	39.2625	39.1956	39.1821	39.1917	39.0286	39.1063	39.0852	39.2493	39.2031	39.3627	39.4613	39.2595	39.1821	39.1036	39.1362	39.2537	39.3278	39.2839	39.2978	39.2383	39.2846	39.1258	39.3432	39.1791	39.174	39.2439	39.3046	38.9624	39.2205	39.1628	39.0707	39.2843	38.8694	39.0134	39.0547	38.9204	38.9764	39.2586	39.126	38.9576	38.7512	38.8815	38.5512	38.5359	38.3123	38.3418	38.1957	37.8658	37.7514	37.5605	37.4169	37.4595	37.5584	36.6094	36.0214	36.1479	35.8927	36.1272	35.8687	35.2777	35.1838	34.6581	34.4834	33.6164	33.7902	33.7419	33.3826	32.8673	32.472	31.761	31.4928	31.4083	31.3689	30.75	31.1345	30.8756	30.6291	29.401	29.7647	29.403	29.2956	27.8425	28.2168	28.0549	29.0743	29.4421	32.484
Sin-CPnd_034-Ex1-3C-lcwgs-1-2	39.321	39.0365	39.3946	39.3629	39.4123	39.4251	39.3601	39.4101	39.378	39.3631	39.4199	39.2265	39.3609	39.3569	39.4165	39.5527	39.6275	39.5559	39.534	39.5561	39.5663	39.5615	39.5282	39.5102	39.4739	39.456	39.4062	39.4991	39.5208	39.4664	39.47	39.4789	39.4736	39.4122	39.434	39.4347	39.3925	39.4291	39.4701	39.4791	39.4664	39.4834	39.3558	39.3758	39.3385	39.1545	39.4802	39.3696	39.3513	39.2463	39.3545	39.1997	39.1373	39.3364	39.1846	39.0923	39.0482	39.1872	39.1179	39.08	39.0862	39.1088	39.1417	39.1622	39.0103	39.2231	39.1372	39.0803	39.0367	39.1156	39.1609	39.1831	39.2757	39.2954	39.2401	39.2165	39.274	39.3021	39.2266	39.2991	39.3019	39.2551	39.1798	39.2118	39.2271	39.2373	39.2439	39.2219	39.1948	39.156	39.1711	39.1467	39.1372	39.1848	39.1741	39.1734	39.1183	39.1152	39.1053	39.0133	38.9891	38.9411	38.8773	38.7878	38.7806	38.6323	38.5095	38.4422	38.4694	38.3616	38.1647	38.0751	37.9754	37.7463	37.5677	37.3485	37.0285	36.9725	36.6564	36.3731	36.2343	35.9734	35.7658	35.4911	35.31	34.9874	34.8274	34.5298	34.1378	34.1695	33.6538	33.6386	33.4106	33.2383	33.0323	32.6894	32.3806	32.1639	31.8823	31.5024	31.1521	31.4491	30.9952	30.86	31.0816	31.0765	30.7576	30.891	31.4573	33.6086
Sin-CPnd_035-Ex1-12D-lcwgs-1-2	39.2898	39.0689	39.3885	39.3859	39.4391	39.422	39.3266	39.3916	39.4058	39.3858	39.4417	39.2261	39.3747	39.3362	39.3908	39.5746	39.6047	39.5673	39.5224	39.548	39.5839	39.5545	39.5332	39.5199	39.4832	39.4408	39.397	39.4598	39.489	39.4351	39.402	39.4382	39.4143	39.4023	39.4151	39.4337	39.3987	39.3814	39.4729	39.4418	39.4239	39.4153	39.3129	39.3546	39.2995	39.1221	39.4176	39.3074	39.3386	39.2488	39.3355	39.1793	39.0412	39.2642	39.1775	39.0738	39.0394	39.1013	39.0705	39.0645	39.0268	39.0579	39.0638	39.1298	39.0064	39.1682	39.1077	39.0365	38.9844	38.9906	39.0757	39.1614	39.1937	39.2259	39.2188	39.2166	39.2099	39.2021	39.1965	39.2032	39.173	39.1884	39.1731	39.1921	39.1753	39.1658	39.1542	39.1352	39.1522	39.1433	39.1318	39.1225	39.1079	39.0961	39.0786	39.0851	39.0715	39.0201	39.0023	38.986	38.9433	38.8948	38.8341	38.7527	38.6521	38.5517	38.4369	38.3718	38.2735	38.1889	38.0633	37.9288	37.7848	37.6734	37.5122	37.3297	37.1013	36.9334	36.6891	36.4891	36.3197	36.0887	35.8616	35.6135	35.3415	35.0963	34.9181	34.5678	34.3676	34.1975	33.8861	33.6799	33.4714	33.244	33.0008	32.7834	32.5041	32.2623	32.0127	31.5879	31.5032	31.4693	31.3799	31.1328	31.1592	31.0483	31.0234	31.1727	31.464	33.6954
Sin-CPnd_038-Ex1-11C-lcwgs-1-2	39.2456	38.9985	39.3716	39.3788	39.4395	39.4282	39.3262	39.3897	39.3977	39.3771	39.432	39.2232	39.3757	39.3175	39.3814	39.575	39.6141	39.5721	39.548	39.564	39.5937	39.5638	39.5435	39.5336	39.493	39.4548	39.4134	39.4977	39.5346	39.462	39.4407	39.4715	39.442	39.4353	39.4507	39.4783	39.4194	39.4224	39.5031	39.4696	39.4654	39.4611	39.3586	39.39	39.3238	39.164	39.4723	39.3553	39.3829	39.2872	39.3912	39.2414	39.1069	39.3176	39.2409	39.1467	39.1211	39.1418	39.1338	39.1452	39.0842	39.1131	39.1093	39.1639	39.0606	39.2086	39.1521	39.0846	39.0375	39.0565	39.1226	39.2149	39.2449	39.2719	39.2545	39.2489	39.2453	39.2491	39.2395	39.2495	39.2056	39.2222	39.2199	39.2107	39.2143	39.2132	39.1964	39.1922	39.18	39.1962	39.1785	39.1479	39.1238	39.121	39.1067	39.1108	39.085	39.0604	39.0532	39.0085	38.9876	38.9186	38.857	38.7701	38.6847	38.5878	38.4465	38.3759	38.2623	38.1596	38.0263	37.9029	37.7999	37.6195	37.4214	37.2431	36.9391	36.7619	36.5426	36.2935	36.0911	35.8008	35.4934	35.2773	34.9045	34.5702	34.4727	34.09	33.9043	33.6791	33.3116	32.9927	32.8547	32.6272	32.2133	32.0615	31.7591	31.5061	31.2204	30.8848	30.6465	30.6115	30.4888	30.2617	30.3387	30.1421	30.0238	30.2064	30.5555	33.1652
Sin-CPnd_039-Ex1-10F-lcwgs-1-2	39.3116	39.0182	39.403	39.3911	39.4471	39.4152	39.3438	39.4046	39.3951	39.3794	39.4286	39.2123	39.3753	39.3207	39.3842	39.5767	39.6174	39.5711	39.5461	39.5669	39.5991	39.5659	39.5288	39.5308	39.5012	39.4434	39.4098	39.4887	39.5216	39.4552	39.4389	39.4867	39.4341	39.4255	39.4467	39.465	39.399	39.3954	39.4862	39.4685	39.4668	39.4615	39.3518	39.3759	39.3308	39.1513	39.4553	39.3483	39.371	39.2691	39.3758	39.2315	39.1071	39.3094	39.2236	39.1253	39.0972	39.152	39.13	39.1234	39.0786	39.0974	39.0994	39.1679	39.0657	39.2252	39.1547	39.0996	39.0129	39.0556	39.1268	39.2176	39.2508	39.2606	39.2818	39.2582	39.258	39.2477	39.2449	39.2417	39.2071	39.2342	39.2281	39.2195	39.2241	39.2109	39.2226	39.2159	39.2095	39.1751	39.1693	39.1619	39.1526	39.1319	39.1168	39.0991	39.1292	39.0765	39.0438	39.0212	38.9897	38.9539	38.887	38.7781	38.7203	38.6198	38.4986	38.4302	38.3337	38.2217	38.1003	37.9546	37.8397	37.6705	37.5135	37.307	37.0191	36.8842	36.6553	36.386	36.2583	35.9945	35.7229	35.4897	35.1787	34.862	34.6581	34.3383	34.1579	33.9362	33.6698	33.3791	33.0818	32.9746	32.6031	32.3779	32.1034	31.8225	31.5638	31.1563	30.9943	30.9692	30.8871	30.6611	30.6423	30.5161	30.4458	30.5515	30.99	33.4483
Sin-CPnd_040-Ex1-11E-lcwgs-1-2	39.2158	38.996	39.3754	39.3873	39.4147	39.3819	39.3279	39.3791	39.3821	39.3612	39.4362	39.2134	39.3645	39.3087	39.3722	39.5777	39.6153	39.5634	39.536	39.5452	39.5899	39.5631	39.535	39.5167	39.485	39.4586	39.4145	39.4761	39.5205	39.4626	39.4303	39.4821	39.4468	39.4415	39.4472	39.4482	39.4212	39.3955	39.4942	39.4745	39.4532	39.4442	39.3412	39.3912	39.312	39.1695	39.4621	39.3234	39.3562	39.2716	39.3664	39.2261	39.1072	39.3133	39.2278	39.1241	39.0686	39.1234	39.1144	39.1014	39.0659	39.1011	39.0965	39.1557	39.0384	39.2148	39.143	39.0655	39.0121	39.0251	39.1169	39.1854	39.2329	39.2608	39.248	39.2271	39.2447	39.2339	39.2261	39.226	39.2046	39.2065	39.196	39.1649	39.1784	39.2007	39.1832	39.1526	39.1125	39.1592	39.1287	39.1378	39.1105	39.0953	39.0784	39.0786	39.0586	39.033	38.9854	39.0094	38.953	38.8951	38.7939	38.7413	38.6345	38.5046	38.3958	38.3362	38.2602	38.0885	37.9609	37.7927	37.7146	37.5387	37.3688	37.1957	36.8282	36.6659	36.3885	36.1752	35.962	35.6698	35.4227	35.2375	34.8207	34.5358	34.3232	33.8976	33.819	33.6019	33.2115	33.002	32.7188	32.463	32.1353	31.9215	31.6889	31.3925	31.0766	30.6537	30.466	30.5066	30.4031	30.157	30.1685	30.142	29.9643	30.2169	30.5623	33.1361
Sin-CPnd_042-Ex1-10D-lcwgs-1-2	39.2597	39.0298	39.3642	39.3683	39.4102	39.3847	39.2807	39.3501	39.3767	39.3294	39.4024	39.1912	39.3446	39.3061	39.344	39.5552	39.5927	39.5512	39.5237	39.5577	39.5834	39.5374	39.5176	39.4954	39.4755	39.4179	39.3846	39.4526	39.4893	39.4259	39.4132	39.4506	39.3963	39.4082	39.4059	39.4208	39.3927	39.3878	39.4463	39.446	39.413	39.4268	39.3289	39.3365	39.3024	39.1183	39.4334	39.3093	39.343	39.2433	39.3411	39.1908	39.0412	39.284	39.1696	39.0823	39.0364	39.1035	39.0614	39.0546	39.0377	39.0555	39.0516	39.0933	38.9789	39.1664	39.0889	39.0204	38.9637	38.9762	39.0765	39.1623	39.2056	39.2374	39.2058	39.1948	39.202	39.2007	39.1866	39.2231	39.1879	39.1766	39.1608	39.1729	39.165	39.1769	39.1644	39.1442	39.1403	39.1123	39.0951	39.1136	39.0842	39.0686	39.075	39.0367	39.0086	38.9794	38.9568	38.9626	38.8764	38.8611	38.7412	38.6482	38.5578	38.3859	38.3258	38.2374	38.0677	38.0256	37.8971	37.7443	37.5406	37.3908	37.2431	37.0014	36.7612	36.5879	36.2356	36.1292	35.9329	35.5491	35.359	35.0685	34.8129	34.5177	34.3809	33.8785	33.7201	33.5771	33.1782	32.9732	32.6928	32.4606	32.0888	31.9745	31.5935	31.4741	31.1408	30.6853	30.3995	30.5208	30.3693	30.258	30.2333	30.1339	29.9207	30.2406	30.3513	33.1154
Sin-CPnd_043-Ex1-1C-lcwgs-1-2	39.2804	38.9381	39.3497	39.3607	39.4319	39.3841	39.3322	39.3379	39.3692	39.3304	39.4135	39.1831	39.3608	39.2964	39.3642	39.5549	39.5972	39.5654	39.5392	39.5704	39.5846	39.5606	39.513	39.4901	39.4736	39.4411	39.3985	39.463	39.511	39.4317	39.424	39.455	39.4226	39.3876	39.4464	39.4459	39.3949	39.4164	39.4909	39.47	39.4459	39.4225	39.3409	39.3789	39.3243	39.1602	39.4821	39.3511	39.3917	39.2876	39.3895	39.2361	39.1117	39.3024	39.23	39.1353	39.0901	39.162	39.1181	39.1288	39.0788	39.1194	39.1163	39.1683	39.0214	39.2289	39.1562	39.0717	39.0111	39.053	39.1483	39.1962	39.2622	39.2819	39.2659	39.2574	39.2792	39.2627	39.236	39.2318	39.234	39.2307	39.1932	39.2179	39.2032	39.2077	39.1775	39.192	39.1816	39.1744	39.167	39.1567	39.1142	39.0989	39.1032	39.0995	39.0796	39.0779	39.0534	39.0154	38.9614	38.9427	38.8756	38.7955	38.7233	38.5864	38.5063	38.4576	38.3946	38.2485	38.1528	38.0258	37.8464	37.7228	37.5661	37.3393	37.0557	36.8799	36.6067	36.4015	36.1985	35.9307	35.599	35.3713	35.0535	34.7648	34.5981	34.1701	34.0158	33.7869	33.4536	33.0848	32.8894	32.709	32.2775	32.139	31.8288	31.4777	31.2287	30.828	30.7348	30.6892	30.5986	30.2609	30.2151	30.2862	30.1202	30.3306	30.5632	33.0443
Sin-CPnd_044-Ex1-2C-lcwgs-1-2	38.9514	38.8363	39.175	39.1533	39.2789	39.3652	39.1541	39.2739	39.3099	39.2596	39.3585	39.0205	39.1943	39.1918	39.206	39.4121	39.4749	39.4497	39.3417	39.443	39.4288	39.4062	39.3476	39.3953	39.3585	39.3191	39.1914	39.3668	39.3317	39.1951	39.2295	39.2621	39.1156	39.1536	39.1946	39.146	39.1816	39.1333	39.3002	39.1815	39.3281	39.2112	39.1342	39.1635	39.0504	38.9382	39.2741	39.0105	39.1129	39.0544	39.2107	39.1238	38.8808	39.1289	38.9559	38.9669	38.8985	38.8452	38.92	39.0834	38.8319	38.9099	39.0151	38.9621	38.9375	38.911	39.0759	38.9918	39.0347	38.8532	38.9482	39.1735	39.1638	39.1964	38.978	39.0876	39.1349	39.1581	39.1397	39.2531	39.1549	39.0429	39.2593	39.1345	38.9749	39.1439	39.1495	38.9532	39.1033	39.0583	39.1567	39.1281	39.0294	38.9969	38.9968	38.9192	38.9758	38.9377	39.0346	38.9098	38.7839	38.9542	38.5887	38.656	38.476	38.4092	38.5059	38.2958	38.2402	38.1048	38.2632	38.0369	38.0678	37.5928	37.6596	37.6088	36.8512	36.9884	37.1243	36.6606	36.0556	36.0572	36.0773	35.676	35.4324	34.8611	34.7133	34.2	33.5109	33.8311	33.9653	33.1802	33.7374	33.3556	32.6009	32.1404	31.8255	31.8525	31.36	30.9231	31.1421	31.0	31.2558	30.9867	31.5881	30.4778	31.339	31.0414	31.8245	33.1594
Sin-CPnd_045-Ex1-11H-lcwgs-1-2	39.3126	39.0009	39.387	39.3683	39.4319	39.3735	39.3106	39.3661	39.3837	39.3671	39.4226	39.2113	39.3625	39.3096	39.3723	39.5629	39.607	39.5572	39.5341	39.551	39.5943	39.558	39.5298	39.5143	39.4779	39.4389	39.4076	39.4847	39.5093	39.4537	39.432	39.4672	39.4336	39.4306	39.4451	39.4554	39.4061	39.4006	39.4827	39.4671	39.4543	39.4422	39.3437	39.3792	39.3233	39.1616	39.4578	39.3425	39.3739	39.284	39.3773	39.2355	39.1087	39.3115	39.2276	39.1342	39.0919	39.1522	39.1311	39.118	39.0802	39.1112	39.1153	39.1615	39.0613	39.2218	39.1614	39.0938	39.0348	39.0543	39.1237	39.2014	39.2494	39.2695	39.2683	39.264	39.259	39.2612	39.2449	39.2516	39.2273	39.2381	39.2203	39.2225	39.218	39.217	39.2104	39.1968	39.1871	39.1874	39.1713	39.1589	39.1564	39.1396	39.1187	39.1121	39.101	39.0772	39.0479	39.0366	38.987	38.9475	38.8735	38.7963	38.7274	38.6098	38.4975	38.4321	38.339	38.2289	38.1017	37.966	37.8156	37.6606	37.4868	37.28	37.02	36.8206	36.5845	36.345	36.1722	35.8958	35.6149	35.3744	35.0527	34.7331	34.5584	34.1718	34.0038	33.8015	33.4606	33.1827	32.9116	32.7274	32.3978	32.2053	31.8835	31.6789	31.4179	31.0124	30.8403	30.8325	30.7246	30.5301	30.4979	30.4048	30.3373	30.4717	30.818	33.3312
Sin-CPnd_049-Ex1-4C-lcwgs-1-2	39.3295	39.0616	39.3788	39.3999	39.4579	39.4266	39.3262	39.3931	39.3699	39.3893	39.467	39.1924	39.3192	39.2707	39.3748	39.542	39.6262	39.5102	39.5361	39.5452	39.5474	39.549	39.5506	39.4854	39.4533	39.4411	39.3548	39.405	39.4832	39.4336	39.4465	39.3942	39.4169	39.4324	39.3985	39.4051	39.3827	39.3929	39.4554	39.4561	39.4587	39.4635	39.3598	39.3097	39.2151	39.1571	39.4773	39.3807	39.3841	39.2194	39.3722	39.1964	39.1395	39.3151	39.2019	39.184	39.0177	39.0731	39.1437	39.1132	39.0571	39.0554	39.0509	39.1707	38.96	39.1955	39.0218	38.9865	38.9681	39.0403	38.986	39.1974	39.251	39.2388	39.1477	39.2292	39.1906	39.1465	39.0762	39.1555	39.0968	39.1734	39.2965	39.1543	39.1874	39.0972	39.2241	39.1637	39.0966	39.0502	39.1353	39.1369	39.1067	39.1065	39.0443	39.0842	39.1724	39.0097	39.0734	39.0733	38.9108	38.8865	38.832	38.6839	38.7493	38.3927	38.5169	38.3559	38.1893	38.073	38.0793	37.8903	37.7298	37.5312	37.344	37.1281	36.6058	36.6938	36.3488	36.2895	35.9353	35.6151	35.5264	35.0967	35.0085	34.4041	34.7522	34.0668	33.8632	33.7282	33.5282	33.0448	32.497	32.7137	31.8858	32.1562	32.091	31.5974	31.7842	30.7882	30.8782	30.5046	30.8398	29.9247	30.3072	30.043	29.9814	30.2646	31.0542	33.3451
Sin-CPnd_050-Ex1-9B-lcwgs-1-2	39.2548	39.0366	39.3799	39.39	39.4174	39.41	39.3288	39.375	39.3945	39.3752	39.412	39.2301	39.3728	39.3193	39.3731	39.5561	39.6031	39.5596	39.527	39.5488	39.5924	39.5488	39.525	39.4983	39.473	39.4335	39.3759	39.4653	39.4781	39.4262	39.4126	39.4376	39.4072	39.4057	39.4133	39.4209	39.3764	39.3757	39.4468	39.4488	39.4245	39.4033	39.3136	39.354	39.2625	39.1231	39.4245	39.2917	39.3367	39.2236	39.3377	39.1554	39.0605	39.2678	39.1696	39.0715	39.0252	39.0738	39.0489	39.0462	39.0133	39.0327	39.0481	39.0914	38.9716	39.1762	39.0918	39.0191	38.9389	38.9628	39.0427	39.1373	39.1735	39.2252	39.1955	39.2013	39.1862	39.1647	39.1488	39.1697	39.1406	39.1476	39.1351	39.1349	39.1229	39.1328	39.1483	39.1143	39.1161	39.0971	39.0544	39.0547	39.0752	39.0543	39.0091	39.0194	39.0073	38.9579	38.9391	38.9041	38.8394	38.7961	38.7201	38.6195	38.5409	38.4506	38.3222	38.2732	38.145	38.043	37.9391	37.6985	37.5977	37.4331	37.2531	37.0769	36.7568	36.6044	36.336	36.0983	35.9589	35.6349	35.3761	35.155	34.9107	34.5462	34.4192	33.9944	33.795	33.6659	33.3197	33.0497	32.7484	32.5573	32.2119	31.9563	31.7745	31.4817	31.3265	30.9162	30.7063	30.7858	30.5005	30.3942	30.223	30.3723	30.1628	30.1644	30.6608	33.2837
Sin-CPnd_051-Ex1-12G-lcwgs-1-2	39.2485	39.0342	39.3728	39.3771	39.439	39.4094	39.3201	39.4052	39.3856	39.3622	39.4213	39.1959	39.3645	39.3123	39.3692	39.5536	39.5991	39.5473	39.5175	39.5322	39.5731	39.549	39.5152	39.5007	39.4687	39.4203	39.3912	39.4543	39.4817	39.4243	39.4083	39.4298	39.4144	39.3947	39.4116	39.4264	39.378	39.3735	39.4474	39.4421	39.4159	39.4088	39.3223	39.3369	39.2879	39.1038	39.425	39.2953	39.3257	39.2329	39.3424	39.1723	39.0349	39.2558	39.1735	39.054	39.0217	39.0947	39.0488	39.0575	39.0031	39.0416	39.047	39.1146	38.9911	39.1591	39.0776	39.0265	38.9792	38.97	39.0586	39.1414	39.1939	39.2057	39.1851	39.1792	39.2029	39.1761	39.1742	39.1788	39.1462	39.1666	39.1463	39.1603	39.1368	39.1341	39.1409	39.1219	39.1123	39.1008	39.0599	39.0742	39.0635	39.0538	39.0348	39.0033	39.018	38.9751	38.9343	38.936	38.8711	38.8372	38.7397	38.6426	38.5723	38.4081	38.318	38.2707	38.1852	38.0393	37.909	37.7608	37.5962	37.4496	37.3261	37.1162	36.8189	36.6145	36.3897	36.1878	36.0718	35.7471	35.4928	35.2237	34.955	34.673	34.6342	34.155	33.9503	33.768	33.4967	33.274	32.9634	32.7921	32.515	32.3509	31.9931	31.8647	31.5281	31.0998	30.9604	30.8737	30.8593	30.5731	30.6262	30.5441	30.4628	30.7028	31.0479	33.5128
Sin-CPnd_053-Ex1-9G-lcwgs-1-2	39.2489	38.9997	39.3578	39.3752	39.4252	39.3993	39.301	39.3725	39.3787	39.3536	39.4098	39.1965	39.3405	39.2955	39.3563	39.5492	39.5853	39.5577	39.5129	39.5356	39.5843	39.5519	39.5174	39.5021	39.4687	39.4041	39.3788	39.4595	39.4787	39.4329	39.4082	39.4309	39.4008	39.3872	39.4042	39.4259	39.3928	39.3691	39.4465	39.4344	39.4322	39.4099	39.311	39.3551	39.2826	39.0938	39.4105	39.2826	39.3169	39.2269	39.3302	39.1624	39.0293	39.2627	39.1804	39.0712	39.0218	39.0855	39.0556	39.0481	39.0087	39.0364	39.0308	39.0817	38.9705	39.1511	39.0779	38.9918	38.936	38.9621	39.0377	39.1492	39.1798	39.2104	39.1984	39.1769	39.178	39.193	39.1881	39.1694	39.1545	39.1637	39.1522	39.1585	39.1623	39.1316	39.1367	39.1011	39.1004	39.1113	39.0812	39.059	39.0632	39.0425	39.0219	39.0016	38.9944	38.9608	38.9439	38.9152	38.8498	38.7839	38.7047	38.6297	38.5347	38.4337	38.3026	38.2515	38.1175	37.9569	37.8319	37.7489	37.5688	37.381	37.2147	36.992	36.683	36.6184	36.347	36.0581	35.8457	35.6105	35.3843	35.1559	34.7863	34.4313	34.3492	33.9569	33.7251	33.4801	33.1467	32.8469	32.6599	32.4684	32.0596	31.8666	31.5885	31.4114	31.0948	30.7299	30.4703	30.5331	30.2627	30.1475	30.1494	30.0663	29.9802	29.968	30.4383	33.2032
Sin-CPnd_058-Ex1-9D-lcwgs-1-2	39.273	39.0419	39.3657	39.383	39.4354	39.4112	39.3042	39.3676	39.3648	39.3705	39.4112	39.2132	39.3538	39.2991	39.3589	39.555	39.616	39.5428	39.5269	39.542	39.5711	39.5422	39.5212	39.5046	39.479	39.415	39.3698	39.4589	39.4702	39.4251	39.4066	39.4454	39.401	39.4124	39.4234	39.427	39.4002	39.3833	39.4481	39.4385	39.4269	39.3984	39.3184	39.3555	39.2812	39.1114	39.4246	39.29	39.3375	39.2373	39.3226	39.1477	39.0298	39.2396	39.1704	39.0678	39.0184	39.0928	39.0476	39.0577	39.006	39.0448	39.0591	39.0777	38.9614	39.1556	39.08	39.0065	38.9658	38.9706	39.0557	39.1392	39.1769	39.1896	39.1762	39.2128	39.1673	39.1581	39.1749	39.1629	39.1637	39.1628	39.1218	39.157	39.1395	39.1595	39.1213	39.1198	39.0897	39.0985	39.0732	39.0706	39.0486	39.0421	39.0159	39.0175	38.9905	38.9473	38.9364	38.9137	38.8439	38.8108	38.7089	38.606	38.5164	38.4034	38.2827	38.1904	38.0855	37.9456	37.8236	37.6746	37.4949	37.3235	37.1673	36.9996	36.6604	36.5097	36.3252	36.0881	35.8044	35.5547	35.2947	35.0102	34.6719	34.3846	34.3135	33.8315	33.7162	33.4696	33.1613	32.9086	32.5727	32.465	32.0718	31.9289	31.7552	31.3649	31.2477	30.5706	30.4471	30.5007	30.434	30.2002	30.1856	30.1535	29.8969	30.0596	30.4704	33.3692
Sin-CPnd_061-Ex1-9A-lcwgs-1-2	39.2711	39.0217	39.3747	39.3877	39.4054	39.3829	39.3092	39.3722	39.3896	39.3653	39.424	39.2051	39.3561	39.3053	39.377	39.5558	39.5983	39.5633	39.5298	39.5505	39.5801	39.5472	39.5192	39.4969	39.4807	39.4222	39.3765	39.4539	39.4696	39.4314	39.4022	39.4345	39.4039	39.3897	39.3954	39.4259	39.3938	39.3715	39.4519	39.4287	39.4122	39.418	39.3111	39.3527	39.2735	39.112	39.4175	39.3064	39.3285	39.2406	39.3329	39.1558	39.0293	39.253	39.1665	39.0304	39.0296	39.0822	39.0493	39.0343	39.0075	39.0299	39.0524	39.0842	38.945	39.1525	39.0728	39.0057	38.9437	38.9592	39.0308	39.1365	39.1756	39.1805	39.2132	39.1887	39.186	39.1887	39.1675	39.1755	39.125	39.1686	39.1546	39.1509	39.1245	39.1473	39.1558	39.131	39.1137	39.107	39.0959	39.1086	39.0818	39.0484	39.0492	39.0298	39.0295	38.9759	38.9832	38.9462	38.899	38.8581	38.7898	38.7108	38.6343	38.4951	38.3649	38.3028	38.2288	38.1063	37.9529	37.849	37.7152	37.5581	37.3797	37.1542	36.9133	36.7371	36.5574	36.2636	36.0884	35.8804	35.5626	35.3441	34.9825	34.786	34.5836	34.2503	34.0705	33.9051	33.5002	33.24	33.0026	32.8155	32.5494	32.4268	32.0058	31.8283	31.5935	31.0948	30.9946	31.0171	30.8206	30.6714	30.6599	30.5681	30.5467	30.5277	30.9331	33.4799
Sin-CPnd_062-Ex1-11D-lcwgs-1-2	39.2308	39.0211	39.3806	39.3814	39.4194	39.3879	39.288	39.3553	39.3914	39.3536	39.4247	39.1978	39.3577	39.3156	39.3744	39.565	39.6121	39.5524	39.5245	39.5555	39.5888	39.5462	39.5285	39.5096	39.4772	39.431	39.3891	39.4805	39.4982	39.4469	39.4164	39.4579	39.4369	39.4153	39.4335	39.4566	39.3999	39.3898	39.4633	39.4529	39.439	39.4236	39.3354	39.3688	39.3005	39.1308	39.4495	39.3045	39.3466	39.2614	39.3491	39.2014	39.063	39.2719	39.2034	39.1015	39.0643	39.1096	39.085	39.0743	39.0383	39.0621	39.066	39.1199	39.0065	39.1931	39.1015	39.0425	38.9833	38.9831	39.0685	39.1723	39.2192	39.2237	39.2061	39.2043	39.201	39.218	39.195	39.2103	39.1669	39.1839	39.1585	39.1791	39.1446	39.1614	39.1751	39.1199	39.1236	39.1138	39.1478	39.1029	39.0865	39.1004	39.0532	39.0125	39.0119	38.974	38.972	38.9511	38.8809	38.8388	38.7603	38.6712	38.587	38.4261	38.3194	38.2245	38.1347	38.0318	37.8458	37.7346	37.5907	37.433	37.217	37.0555	36.7603	36.5831	36.2888	36.0746	35.8319	35.5835	35.3277	35.0931	34.6644	34.4022	34.2399	33.8868	33.6768	33.547	33.2114	32.8665	32.6221	32.4705	32.041	31.8278	31.5954	31.305	31.0821	30.6762	30.5432	30.4981	30.3634	30.1662	30.0602	30.0021	29.9898	30.0739	30.5032	33.1884
Sin-CPnd_063-Ex1-9F-lcwgs-1-2	39.2745	39.0307	39.3891	39.3763	39.4598	39.4241	39.3414	39.3797	39.372	39.3701	39.4238	39.2106	39.3748	39.3024	39.3698	39.5773	39.6151	39.5542	39.5306	39.5438	39.5968	39.5555	39.5126	39.4987	39.4778	39.4279	39.3804	39.4551	39.5095	39.4412	39.4102	39.4385	39.416	39.395	39.4109	39.4396	39.3866	39.3917	39.4571	39.4463	39.4307	39.4274	39.3152	39.3654	39.3043	39.1195	39.4348	39.3032	39.3533	39.2608	39.35	39.1883	39.0556	39.2682	39.1889	39.075	39.0492	39.0927	39.0854	39.0813	39.0364	39.0799	39.0763	39.1094	39.0121	39.1849	39.1262	39.0548	38.981	39.0165	39.074	39.1748	39.1968	39.2036	39.2321	39.217	39.1903	39.232	39.1876	39.198	39.1816	39.1701	39.1733	39.1404	39.1506	39.1416	39.1796	39.1433	39.1416	39.12	39.1008	39.1012	39.098	39.0831	39.0403	39.0272	39.0164	39.002	38.9953	38.9596	38.9164	38.8751	38.7984	38.6685	38.6364	38.4663	38.3483	38.294	38.2127	38.1237	37.9413	37.8625	37.6705	37.5441	37.388	37.1545	36.9109	36.6618	36.5095	36.2265	36.131	35.8275	35.5691	35.3399	34.9993	34.6502	34.4887	34.1438	33.9983	33.8317	33.3472	33.1105	32.895	32.7118	32.3737	32.0865	31.8665	31.6081	31.3877	30.9514	30.8187	30.7688	30.774	30.424	30.433	30.4283	30.2372	30.4026	30.7358	33.393
Sin-CPnd_065-Ex1-11B-lcwgs-1-2	39.2172	39.004	39.3813	39.3973	39.4131	39.4004	39.3364	39.3746	39.3932	39.3673	39.4273	39.2094	39.3765	39.3181	39.3803	39.5732	39.6229	39.5646	39.5392	39.552	39.5964	39.5597	39.5361	39.5258	39.4953	39.4394	39.4004	39.4683	39.5058	39.46	39.4237	39.4629	39.4227	39.4179	39.4428	39.4649	39.4045	39.3979	39.4847	39.4519	39.438	39.4271	39.3313	39.3803	39.2978	39.1476	39.4401	39.3309	39.3536	39.2689	39.356	39.2232	39.0947	39.2975	39.2241	39.1303	39.0717	39.1236	39.0904	39.0931	39.0455	39.0872	39.0639	39.1197	39.003	39.1976	39.13	39.0452	38.991	39.0201	39.093	39.1756	39.2218	39.258	39.2363	39.2092	39.2169	39.2201	39.2042	39.2022	39.1886	39.1857	39.1749	39.1624	39.1665	39.1754	39.1552	39.1475	39.1468	39.1321	39.1196	39.0871	39.0972	39.0978	39.0454	39.0704	39.02	38.9882	38.9734	38.9626	38.9491	38.8585	38.7924	38.6997	38.6214	38.4807	38.3586	38.3007	38.196	38.0765	37.9221	37.7682	37.5905	37.4693	37.289	37.0573	36.8066	36.5985	36.3593	36.1027	35.9211	35.6251	35.2933	35.0345	34.7482	34.3843	34.2109	33.8111	33.6511	33.448	33.057	32.7778	32.5298	32.3821	31.9692	31.8187	31.4864	31.2746	30.9456	30.5561	30.4344	30.3367	30.2606	30.064	29.9642	29.922	29.9003	30.0229	30.4866	33.1064
Sin-CPnd_067-Ex1-9C-lcwgs-1-2	39.2861	39.0494	39.3871	39.3812	39.4584	39.4438	39.3444	39.3966	39.3992	39.3765	39.4408	39.2008	39.3786	39.3268	39.3918	39.5662	39.6214	39.5702	39.5406	39.5555	39.5868	39.5566	39.5236	39.509	39.4997	39.4483	39.3932	39.4728	39.4966	39.4429	39.4254	39.4543	39.4286	39.4168	39.422	39.444	39.3894	39.3951	39.4605	39.4451	39.4171	39.4117	39.3153	39.3493	39.3068	39.1333	39.4307	39.3185	39.3469	39.2341	39.3329	39.2039	39.0327	39.2734	39.1645	39.0855	39.0525	39.1064	39.0543	39.0674	39.0183	39.0616	39.0511	39.096	39.0016	39.1747	39.083	39.0207	38.977	39.0074	39.0772	39.1492	39.1722	39.2122	39.2128	39.185	39.199	39.2087	39.1698	39.1798	39.182	39.1922	39.1347	39.1673	39.1447	39.1626	39.1517	39.1509	39.1102	39.1058	39.0794	39.0862	39.1017	39.0803	39.0292	39.0304	39.0287	39.0501	38.9868	38.9561	38.9347	38.8597	38.7786	38.6782	38.6251	38.5046	38.3852	38.3094	38.1953	38.0763	37.9759	37.8748	37.6688	37.5066	37.3181	37.1068	36.9099	36.7748	36.4999	36.2731	36.1131	35.8818	35.5655	35.3397	35.0356	34.7653	34.5318	34.1499	33.9974	33.7539	33.465	33.2071	32.9215	32.7795	32.4842	32.2878	31.8455	31.6473	31.4578	31.0096	30.8483	30.8356	30.7357	30.4493	30.5404	30.3577	30.3161	30.4467	30.8102	33.5008
Sin-CPnd_074-Ex1-12A-lcwgs-1-2	39.2596	39.0329	39.3699	39.3918	39.4266	39.3879	39.3487	39.3921	39.403	39.3807	39.4418	39.2314	39.3725	39.3376	39.3814	39.5617	39.6148	39.5441	39.5194	39.5448	39.5797	39.5575	39.5097	39.5214	39.4794	39.4238	39.3718	39.4511	39.4834	39.4229	39.3983	39.4237	39.3998	39.3866	39.4098	39.414	39.3716	39.3612	39.4339	39.413	39.3978	39.4031	39.3008	39.337	39.2619	39.0941	39.3988	39.2808	39.3276	39.2211	39.3199	39.1723	39.0242	39.2629	39.16	39.0637	39.0229	39.0505	39.0173	39.0241	38.9917	39.0326	39.0433	39.0964	38.9713	39.1536	39.0825	39.0184	38.9251	38.9678	39.0499	39.1321	39.1729	39.1774	39.2097	39.1644	39.1695	39.1949	39.158	39.1704	39.13	39.1616	39.1392	39.1444	39.1297	39.1131	39.1247	39.0931	39.137	39.0994	39.0496	39.0802	39.0661	39.0419	39.0468	38.9984	39.0167	38.9821	38.9488	38.9239	38.887	38.8167	38.7444	38.647	38.5719	38.4706	38.3609	38.2923	38.2092	38.0952	37.9706	37.8648	37.7384	37.526	37.3838	37.1821	36.9492	36.7659	36.5343	36.3169	36.153	35.919	35.6217	35.4249	35.1153	34.8494	34.6961	34.3414	34.2317	33.9903	33.6267	33.3418	33.172	33.0309	32.7014	32.5294	32.1878	31.9961	31.738	31.3392	31.1748	31.1692	31.1559	30.9275	30.9055	30.6611	30.6371	30.8108	31.2593	33.5611
Sin-CPnd_075-Ex1-11G-lcwgs-1-2	39.2031	38.9976	39.3619	39.373	39.4227	39.3902	39.2915	39.3749	39.375	39.3496	39.4099	39.2005	39.3346	39.2937	39.3736	39.5609	39.6056	39.5547	39.5366	39.548	39.5876	39.5513	39.521	39.5029	39.4828	39.4284	39.4031	39.4705	39.4989	39.448	39.4197	39.456	39.4302	39.4105	39.4121	39.4491	39.387	39.3981	39.4686	39.4552	39.4448	39.4339	39.3469	39.3716	39.309	39.1268	39.4403	39.3369	39.3708	39.2584	39.3671	39.2242	39.0911	39.3056	39.2197	39.108	39.065	39.1298	39.0905	39.0922	39.0372	39.0865	39.0842	39.135	39.0103	39.1859	39.129	39.0626	39.0003	39.0093	39.0967	39.183	39.2404	39.2572	39.2497	39.2345	39.2225	39.2218	39.2159	39.2099	39.2099	39.1972	39.185	39.1894	39.1882	39.1954	39.1858	39.1639	39.1482	39.1374	39.141	39.1124	39.116	39.1049	39.0829	39.0774	39.0494	39.031	38.9768	38.9526	38.947	38.8589	38.7901	38.6543	38.5787	38.4363	38.3424	38.2671	38.1386	38.0346	37.8584	37.7126	37.5401	37.3879	37.1619	36.9656	36.6469	36.4713	36.164	35.9208	35.7136	35.4415	35.1116	34.8466	34.4718	34.1512	34.0261	33.5736	33.3667	33.2203	32.847	32.5643	32.2743	32.1239	31.6933	31.4931	31.1677	30.9208	30.6887	30.2071	30.1041	30.0584	29.9323	29.6982	29.7708	29.686	29.4804	29.6486	30.1689	32.967
Sin-CPnd_076-Ex1-10E-lcwgs-1-2	39.3108	39.068	39.3926	39.3889	39.413	39.3868	39.3496	39.3887	39.4044	39.3822	39.4209	39.221	39.3656	39.3113	39.3881	39.567	39.6032	39.5544	39.525	39.552	39.5878	39.5568	39.5225	39.512	39.476	39.4412	39.4047	39.4756	39.5066	39.4442	39.428	39.4707	39.4294	39.4192	39.4302	39.4435	39.3943	39.3925	39.4633	39.4474	39.4388	39.425	39.3264	39.3593	39.3038	39.1501	39.445	39.3148	39.3445	39.2435	39.3478	39.2136	39.07	39.2811	39.2049	39.1072	39.0558	39.124	39.0893	39.0853	39.0592	39.0978	39.0983	39.142	39.0189	39.1957	39.1318	39.0701	39.015	39.0205	39.1241	39.1947	39.2213	39.2551	39.2601	39.2479	39.2509	39.2414	39.2465	39.2442	39.2034	39.2149	39.2029	39.1981	39.2005	39.1981	39.2036	39.1945	39.1531	39.1716	39.1665	39.1479	39.1599	39.131	39.1228	39.096	39.0908	39.064	39.0375	39.031	38.9596	38.9217	38.8612	38.773	38.6953	38.5855	38.4528	38.4106	38.3316	38.2176	38.0967	37.9229	37.8194	37.6379	37.5114	37.2939	37.0711	36.8873	36.6197	36.4446	36.2404	35.9909	35.7141	35.4498	35.2308	34.8676	34.6912	34.3331	34.1431	33.9961	33.6203	33.3926	33.1535	32.9138	32.625	32.4532	32.1441	31.9426	31.7048	31.3306	31.1153	31.1184	31.0241	30.7926	30.7642	30.6646	30.6333	30.764	31.1244	33.5679
Sin-CPnd_079-Ex1-9H-lcwgs-1-2	39.2354	39.0181	39.3784	39.3589	39.4514	39.3947	39.3049	39.3788	39.3713	39.3545	39.4142	39.2145	39.3369	39.289	39.3474	39.5679	39.5843	39.5439	39.527	39.5448	39.5781	39.5353	39.5136	39.4833	39.4621	39.4036	39.3779	39.4482	39.4694	39.4238	39.396	39.4286	39.3997	39.3876	39.3893	39.4293	39.383	39.3611	39.4412	39.4356	39.405	39.3925	39.3021	39.3439	39.2812	39.1091	39.415	39.2891	39.3242	39.2166	39.3247	39.1742	39.0177	39.2361	39.1664	39.0474	39.0173	39.0684	39.0488	39.029	39.0101	39.0224	39.0353	39.0578	38.949	39.1323	39.0744	39.0148	38.9142	38.9762	39.0347	39.1094	39.169	39.1912	39.1691	39.1832	39.1668	39.1619	39.1699	39.1448	39.1318	39.1176	39.1306	39.1315	39.1282	39.1061	39.1086	39.1031	39.0877	39.0612	39.0611	39.0657	39.0421	39.0288	39.0178	38.9999	38.9963	38.9666	38.9312	38.907	38.8822	38.8013	38.6865	38.6329	38.5677	38.4114	38.3051	38.1652	38.1014	37.9285	37.8257	37.6472	37.5171	37.3982	37.1422	36.9553	36.7342	36.5089	36.3245	36.0794	35.9372	35.6096	35.2853	35.0458	34.7615	34.3484	34.256	33.8469	33.6722	33.4704	33.2737	32.8271	32.6086	32.4712	32.0948	31.9226	31.5909	31.4052	31.0992	30.752	30.4968	30.4795	30.235	30.0994	30.1141	30.0544	29.8517	30.012	30.5138	33.2994
Sin-CPnd_080-Ex1-2E-lcwgs-1-2	39.3607	39.0277	39.3877	39.4036	39.4465	39.4103	39.3175	39.3941	39.4564	39.3667	39.4941	39.2343	39.4385	39.2647	39.2623	39.53	39.6295	39.6005	39.5578	39.5731	39.5562	39.5582	39.5259	39.4764	39.4877	39.4796	39.433	39.5175	39.5449	39.3917	39.4296	39.3925	39.4425	39.405	39.4547	39.4335	39.3689	39.3997	39.4789	39.4343	39.4435	39.3889	39.3605	39.4172	39.3397	39.1799	39.4295	39.3205	39.3232	39.2132	39.3959	39.087	39.0849	39.2847	39.1505	39.0955	39.1082	39.1377	39.1303	39.1363	39.005	39.0674	39.0533	39.0653	39.0504	39.0739	39.0791	39.0314	38.9557	38.9698	39.0176	39.2235	39.1715	39.2739	39.2131	39.205	39.2564	39.216	39.1495	39.1016	39.1671	39.1985	39.1971	39.1825	39.1807	39.2399	39.1585	39.1523	39.166	39.1776	39.1612	39.1232	39.0995	39.1387	39.1182	39.053	39.1119	39.0861	38.9712	39.0125	38.9021	38.8947	38.929	38.7379	38.5861	38.5143	38.4859	38.4457	38.3557	38.1431	38.0524	37.9582	37.7869	37.815	37.5562	37.2129	37.1296	37.0012	36.8205	36.3966	36.3823	36.0955	35.8532	35.6533	35.4596	35.0108	34.8258	34.4837	34.5342	34.475	34.0255	33.9761	33.4457	33.2839	32.6573	32.7943	32.3729	32.2561	31.9215	31.2978	31.1912	31.6098	31.2455	31.2417	31.1767	31.0787	31.0087	30.962	31.3783	33.7765
Sin-CPnd_081-Ex1-10G-lcwgs-1-2	39.2615	38.9956	39.3595	39.3739	39.4224	39.3996	39.2856	39.3829	39.3777	39.3454	39.3954	39.1802	39.3451	39.2812	39.3552	39.5652	39.5991	39.5627	39.534	39.5491	39.5852	39.5624	39.5249	39.5031	39.4865	39.4395	39.4046	39.4665	39.4999	39.444	39.4202	39.4435	39.4163	39.4167	39.4279	39.4432	39.4051	39.3901	39.4728	39.4615	39.4362	39.4306	39.335	39.3593	39.3043	39.1226	39.4342	39.3168	39.3488	39.2612	39.3608	39.2149	39.0903	39.2955	39.1993	39.0998	39.0563	39.1158	39.0865	39.0858	39.039	39.0773	39.0839	39.1256	39.0215	39.1916	39.1173	39.0473	38.995	38.9766	39.0795	39.176	39.2212	39.2507	39.2356	39.2196	39.2134	39.2207	39.2044	39.2167	39.1885	39.1929	39.1957	39.1931	39.1684	39.1788	39.1806	39.1535	39.1603	39.1373	39.1487	39.1218	39.1326	39.1016	39.0899	39.0884	39.0841	39.022	39.0257	39.014	38.9412	38.8887	38.8434	38.7519	38.6738	38.5385	38.4499	38.3475	38.2679	38.1616	38.0396	37.8488	37.731	37.5748	37.3807	37.1588	36.8924	36.7422	36.4839	36.2213	36.0541	35.7794	35.5139	35.2785	34.9237	34.6158	34.3952	34.0771	33.8543	33.6933	33.3695	33.0524	32.7768	32.5318	32.3359	31.997	31.7571	31.5066	31.2613	30.8495	30.623	30.6793	30.5553	30.378	30.3546	30.3044	30.174	30.2504	30.6913	33.3469
Sin-CPnd_085-Ex1-4H-lcwgs-1-2	39.2211	38.9513	39.3696	39.3414	39.4207	39.3585	39.2828	39.3567	39.3595	39.3509	39.4288	39.1859	39.344	39.2837	39.3368	39.556	39.6179	39.5583	39.535	39.5592	39.5973	39.5554	39.5234	39.506	39.4629	39.4317	39.4068	39.4902	39.5079	39.4633	39.4388	39.4768	39.4245	39.4307	39.4437	39.4615	39.4271	39.4094	39.4886	39.464	39.457	39.4422	39.3295	39.3717	39.3277	39.1543	39.4584	39.3403	39.3757	39.2886	39.3774	39.2361	39.0948	39.308	39.2331	39.1264	39.0651	39.1378	39.1229	39.1223	39.0884	39.1135	39.1125	39.148	39.0606	39.2169	39.1473	39.0778	39.0213	39.0478	39.1224	39.2041	39.2408	39.2632	39.2639	39.2527	39.2441	39.2557	39.2496	39.2339	39.203	39.2061	39.2161	39.2005	39.2114	39.2004	39.1892	39.1783	39.1739	39.1659	39.1547	39.1362	39.1446	39.1017	39.107	39.099	39.0965	39.0666	39.0389	39.0333	38.9756	38.952	38.8725	38.7899	38.7355	38.6017	38.4909	38.4296	38.3308	38.2224	38.1093	37.9745	37.8604	37.6967	37.5285	37.2917	37.0581	36.8636	36.6848	36.4144	36.226	35.9825	35.6909	35.4351	35.0973	34.7795	34.6041	34.2	34.0859	33.8634	33.5148	33.2286	32.9402	32.7824	32.3935	32.2508	31.8968	31.7069	31.3666	30.9824	30.8101	30.7803	30.6206	30.4642	30.3804	30.3012	30.2453	30.3903	30.7166	33.2774
Sin-CPnd_088-Ex1-2D-lcwgs-1-2	39.2542	38.9832	39.2916	39.3881	39.3842	39.4159	39.2428	39.3775	39.3509	39.2469	39.4258	39.1523	39.3405	39.263	39.3306	39.5319	39.5751	39.4711	39.4716	39.546	39.5491	39.4721	39.4232	39.4867	39.4365	39.3176	39.4066	39.3754	39.4638	39.3998	39.3171	39.4643	39.3546	39.3685	39.2997	39.3505	39.3094	39.2105	39.3888	39.3376	39.3127	39.3066	39.171	39.2881	39.1775	39.0903	39.3031	39.1399	39.2853	39.1313	39.2256	39.1278	38.9647	39.1521	39.0213	38.9998	38.9249	39.0077	38.9474	38.942	38.9498	38.8259	38.8578	38.985	38.9039	39.1513	39.0085	38.8912	38.8991	38.9062	38.9057	39.0871	39.009	39.1443	39.222	39.2296	39.0669	39.2168	39.1127	39.1889	39.2095	39.1473	39.1248	39.0815	39.1577	39.1596	39.1917	39.1069	39.0339	39.1202	39.0506	39.1041	38.902	39.0541	39.0338	39.1552	39.0375	39.0869	39.0378	38.9052	38.9268	38.7519	38.8873	38.6015	38.7057	38.6091	38.464	38.3596	38.313	38.0622	38.2746	37.9493	37.8664	37.5626	37.776	37.4151	37.2894	36.7487	36.6874	36.3902	36.274	36.1347	35.8476	35.5202	35.6166	34.8446	34.9641	34.5915	34.4079	33.4869	33.8894	33.3293	32.8647	32.7949	32.406	31.6548	32.1736	31.0799	31.4306	30.0548	31.0337	31.0524	31.6016	30.2429	30.3768	30.2431	29.0526	30.041	30.7904	32.8245
Sin-CPnd_089-Ex1-9E-lcwgs-1-2	39.2715	39.0319	39.3934	39.3828	39.4046	39.3935	39.3406	39.3795	39.3815	39.3817	39.4271	39.2039	39.3682	39.3061	39.3676	39.5569	39.5973	39.5569	39.5221	39.545	39.5842	39.5466	39.5176	39.4982	39.4612	39.4194	39.3794	39.4669	39.5073	39.4236	39.4062	39.4319	39.4087	39.3961	39.411	39.4492	39.3778	39.382	39.454	39.4381	39.4226	39.419	39.3194	39.3429	39.273	39.1286	39.4335	39.2989	39.3368	39.2347	39.3379	39.1686	39.0286	39.2529	39.1781	39.0632	39.027	39.0981	39.0669	39.0635	39.0095	39.0558	39.0477	39.106	38.9829	39.1564	39.0995	39.0415	38.9612	38.991	39.0791	39.1643	39.1993	39.2215	39.2091	39.2023	39.1987	39.1953	39.1893	39.1903	39.1657	39.1898	39.1789	39.1796	39.1502	39.1495	39.1632	39.1603	39.1234	39.113	39.1146	39.1132	39.0982	39.0733	39.0688	39.052	39.0432	38.9831	38.9845	38.9899	38.9413	38.8856	38.7823	38.7441	38.6581	38.5178	38.4184	38.3409	38.2407	38.1424	38.0183	37.8758	37.7529	37.6157	37.4227	37.2674	36.9892	36.8446	36.6195	36.4063	36.2035	35.9431	35.7029	35.4431	35.1975	34.8439	34.7245	34.3995	34.1959	34.0071	33.6588	33.382	33.1977	32.9718	32.6996	32.4483	32.183	31.9472	31.7215	31.3222	31.1335	31.1069	31.0333	30.7472	30.8102	30.733	30.7172	30.7073	31.1027	33.5013
Sin-CPnd_090-Ex1-12F-lcwgs-1-2	39.306	39.027	39.419	39.3985	39.4771	39.4465	39.3733	39.4162	39.4151	39.4055	39.4594	39.2471	39.4026	39.3491	39.4106	39.5888	39.6314	39.5788	39.5589	39.5714	39.6146	39.5814	39.5559	39.5393	39.4929	39.4693	39.4368	39.5168	39.5345	39.4829	39.4513	39.4875	39.4601	39.4573	39.4628	39.4828	39.4255	39.4243	39.4958	39.4894	39.4715	39.4596	39.3559	39.3978	39.3503	39.1818	39.4748	39.3612	39.3833	39.2944	39.394	39.2338	39.0925	39.3139	39.2376	39.1309	39.1064	39.1658	39.1298	39.1296	39.0923	39.1205	39.1274	39.1663	39.0648	39.2235	39.1646	39.0972	39.0413	39.0595	39.1332	39.2135	39.2452	39.2625	39.2557	39.2524	39.2487	39.2483	39.2353	39.24	39.2191	39.2266	39.2166	39.2112	39.2046	39.1951	39.1913	39.1786	39.1697	39.1764	39.1579	39.1448	39.1377	39.1218	39.1102	39.0979	39.0857	39.0601	39.0374	39.0197	38.9718	38.9218	38.8666	38.7886	38.7252	38.607	38.5153	38.4479	38.3627	38.2619	38.1495	38.0225	37.8839	37.7534	37.6043	37.4245	37.1647	37.0032	36.7954	36.5781	36.4184	36.173	35.9188	35.6877	35.4029	35.1057	34.9406	34.5751	34.4227	34.2346	33.9328	33.6698	33.4187	33.2404	32.9354	32.7546	32.4559	32.2394	32.0096	31.624	31.4632	31.4463	31.3535	31.1689	31.1374	31.0083	30.9748	31.06	31.4005	33.7297
Sin-CPnd_092-Ex1-11F-lcwgs-1-2	39.2452	38.9856	39.3805	39.3815	39.4566	39.4143	39.3435	39.3729	39.4024	39.379	39.432	39.2298	39.3586	39.3099	39.3745	39.5773	39.6206	39.5713	39.529	39.5599	39.5887	39.564	39.5425	39.5347	39.4961	39.4553	39.4166	39.4874	39.5284	39.463	39.4235	39.4671	39.4352	39.4421	39.4469	39.4678	39.4192	39.4041	39.4921	39.4729	39.4624	39.4358	39.3505	39.387	39.3164	39.1577	39.4559	39.3379	39.3568	39.29	39.3811	39.2287	39.1019	39.3149	39.2305	39.1149	39.0915	39.152	39.1228	39.0947	39.059	39.111	39.1047	39.1398	39.0426	39.2199	39.1491	39.0895	39.0261	39.0413	39.0987	39.1954	39.2355	39.2357	39.2683	39.2427	39.2371	39.256	39.2309	39.2219	39.2094	39.2193	39.1989	39.1941	39.1941	39.2032	39.1721	39.154	39.1479	39.1453	39.1391	39.1158	39.1099	39.1018	39.0802	39.0602	39.068	39.057	38.9995	38.9771	38.9245	38.8881	38.8072	38.6901	38.6446	38.4909	38.3475	38.3295	38.2021	38.0717	37.9364	37.7977	37.6601	37.4998	37.2576	37.0072	36.8198	36.5886	36.3077	36.1378	35.9497	35.5808	35.2703	35.0811	34.7413	34.4196	34.1648	33.8213	33.69	33.4612	33.0976	32.8204	32.5384	32.33	32.1221	31.7481	31.3888	31.1996	30.9544	30.5522	30.3877	30.4445	30.2103	29.9561	29.7957	29.9476	29.7555	29.9414	30.3264	33.0487
Sin-CPnd_093-Ex1-10C-lcwgs-1-2	39.294	39.0257	39.3686	39.3908	39.4485	39.433	39.3346	39.3877	39.4001	39.3693	39.4338	39.2335	39.375	39.3284	39.3818	39.5852	39.6213	39.5782	39.5459	39.5582	39.599	39.5704	39.5377	39.5317	39.4976	39.4511	39.407	39.489	39.5252	39.4664	39.4511	39.4795	39.4389	39.4457	39.4489	39.466	39.4206	39.4131	39.4952	39.4747	39.4653	39.4477	39.3581	39.3747	39.3503	39.1928	39.4744	39.3508	39.3953	39.2964	39.3906	39.2293	39.0943	39.319	39.2357	39.1393	39.0908	39.1543	39.1255	39.124	39.1007	39.1176	39.1174	39.1794	39.0608	39.2274	39.1407	39.1116	39.038	39.0576	39.1292	39.2197	39.2458	39.2804	39.2798	39.2778	39.2593	39.2707	39.264	39.255	39.2224	39.2576	39.2266	39.2388	39.2219	39.2146	39.2287	39.2025	39.1831	39.1914	39.1694	39.1665	39.1677	39.1291	39.136	39.1345	39.1416	39.0876	39.0534	39.0189	38.9924	38.9263	38.8749	38.8126	38.714	38.6067	38.5077	38.4505	38.3674	38.2431	38.1112	37.9847	37.8569	37.7516	37.544	37.3768	37.1055	36.9135	36.6967	36.4355	36.2627	36.0009	35.7158	35.4792	35.2031	34.8801	34.6881	34.3022	34.2288	33.9965	33.6649	33.3915	33.1061	32.937	32.5864	32.3794	32.0776	31.793	31.5833	31.1922	31.0283	31.0441	30.8609	30.6656	30.6421	30.5058	30.4771	30.5907	30.978	33.3708
Sin-CPnd_094-Ex1-3H-lcwgs-1-2	39.2554	38.9451	39.3819	39.3545	39.4235	39.3662	39.2801	39.357	39.3571	39.3477	39.4087	39.1933	39.3419	39.2833	39.3465	39.5576	39.6078	39.5572	39.5171	39.5527	39.5902	39.5635	39.5214	39.4983	39.4726	39.4404	39.3984	39.4917	39.5047	39.4566	39.4313	39.4749	39.4357	39.4251	39.4432	39.4524	39.4129	39.4101	39.4862	39.4771	39.4612	39.4501	39.3487	39.3847	39.3308	39.149	39.461	39.3454	39.379	39.279	39.3788	39.2402	39.1004	39.3054	39.2265	39.1264	39.0884	39.1484	39.1269	39.124	39.0852	39.1087	39.1166	39.1593	39.0657	39.2214	39.1657	39.0911	39.0264	39.0603	39.1276	39.2086	39.2555	39.2751	39.2576	39.26	39.2603	39.2586	39.2465	39.246	39.2325	39.2357	39.2245	39.2259	39.2242	39.2018	39.2158	39.1949	39.1896	39.2006	39.185	39.1675	39.1606	39.1449	39.1318	39.1186	39.1121	39.0842	39.0632	39.0534	39.0029	38.9668	38.9037	38.8279	38.7506	38.6238	38.5288	38.4552	38.3664	38.2748	38.1376	38.0148	37.8579	37.6961	37.5456	37.3516	37.0786	36.9073	36.6724	36.4528	36.2577	35.9793	35.7148	35.4666	35.1676	34.8451	34.6766	34.2807	34.0898	33.9034	33.5504	33.2626	32.9787	32.781	32.4853	32.266	31.9299	31.6891	31.4446	31.0304	30.8492	30.8378	30.7118	30.5397	30.4823	30.3891	30.3154	30.4525	30.772	33.3412
Sin-CPnd_095-Ex1-2B-lcwgs-1-2	39.3529	39.0973	39.41	39.3979	39.4616	39.4321	39.3796	39.4134	39.4157	39.3935	39.456	39.2478	39.3889	39.3404	39.3993	39.5614	39.6047	39.5564	39.516	39.5344	39.5961	39.5535	39.5271	39.5049	39.4611	39.4258	39.3871	39.4563	39.4925	39.4362	39.4016	39.443	39.4096	39.375	39.3948	39.4025	39.3842	39.3529	39.418	39.4043	39.4039	39.3482	39.3023	39.3508	39.2608	39.0934	39.3691	39.2259	39.2568	39.1723	39.2592	39.0854	38.9664	39.1724	39.1162	38.9758	38.969	39.0097	39.0144	38.9987	38.9676	38.9553	38.9717	39.0434	38.9046	39.0793	39.0276	38.9893	38.9172	38.9383	39.0088	39.0849	39.1299	39.1748	39.1395	39.1506	39.1454	39.1357	39.1262	39.1285	39.1319	39.1254	39.1262	39.1235	39.1093	39.1097	39.115	39.0845	39.1073	39.0709	39.0775	39.0481	39.0687	39.0409	38.9774	38.9831	39.0031	38.9596	38.9423	38.9262	38.9042	38.8354	38.7494	38.7029	38.611	38.5016	38.4045	38.3678	38.2553	38.1379	38.0569	37.9136	37.7421	37.6299	37.4151	37.3246	37.072	36.8351	36.5637	36.3805	36.2812	35.9948	35.7191	35.4133	35.2653	34.9552	34.7321	34.3981	34.2513	34.1148	33.7447	33.5443	33.2399	33.0583	32.6674	32.5753	32.264	32.1582	31.8404	31.4152	31.3423	31.2121	31.1328	30.9739	30.9873	30.8868	30.8756	30.9006	31.274	33.676
Undetermined	38.8066	38.3449	38.6218	38.4865	38.794	38.7844	38.6159	38.71	38.8012	38.7326	38.8653	38.4991	38.7406	38.6219	38.7641	38.9771	39.136	39.0376	38.9216	39.0155	39.1277	39.0446	39.0045	38.9278	38.9559	38.5851	38.5402	38.6748	38.7598	38.6214	38.5615	38.6379	38.5609	38.5983	38.6048	38.6087	38.5626	38.5742	38.657	38.6233	38.6014	38.5952	38.4786	38.496	38.3737	38.1933	38.6713	38.4616	38.5483	38.3835	38.5451	38.3133	38.1281	38.4468	38.2935	38.1578	38.0707	38.1164	38.0809	38.0698	38.029	38.0702	38.0654	38.1312	37.9802	38.2918	38.1947	38.0939	38.0169	38.0493	38.1666	38.3004	38.3607	38.3976	38.3936	38.3762	38.3807	38.3792	38.3566	38.3659	38.3348	38.3434	38.3255	38.3294	38.3182	38.3198	38.3159	38.2963	38.277	38.2676	38.2507	38.2262	38.2175	38.188	38.1574	38.1284	38.1105	38.0576	38.013	37.9787	37.902	37.8085	37.6824	37.5597	37.445	37.2545	37.1092	37.0085	36.8794	36.7329	36.5614	36.3926	36.1921	36.0199	35.8176	35.5925	35.3118	35.1226	34.8631	34.6249	34.4309	34.1436	33.8479	33.6289	33.2893	32.9857	32.8362	32.4762	32.3102	32.1028	31.7699	31.5019	31.2442	31.0689	30.7813	30.5684	30.2829	30.0398	29.7836	29.3715	29.1947	29.1645	29.0742	28.8775	28.8312	28.7445	28.7277	28.9416	29.571	32.5879
