Sample	1	2	3	4	5	6	7	8	9	10	11	12	13	14	15	16	17	18	19	20	21	22	23	24	25	26	27	28	29	30	31	32	33	34	35	36	37	38	39	40	41	42	43	44	45	46	47	48	49	50	51	52	53	54	55	56	57	58	59	60	61	62	63	64	65	66	67	68	69	70	71	72	73	74	75	76	77	78	79	80	81	82	83	84	85	86	87	88	89	90	91	92	93	94	95	96	97	98	99	100	101	102	103	104	105	106	107	108	109	110	111	112	113	114	115	116	117	118	119	120	121	122	123	124	125	126	127	128	129	130	131	132	133	134	135	136	137	138	139	140	141	142	143	144	145	146	147	148	149	150
Sin-APnd_001-Ex1-6G-lcwgs-1-2	38.9108	39.0576	39.1195	39.1482	39.2028	39.2259	39.193	39.2053	39.2271	39.1811	39.1691	39.1498	39.1637	39.1566	39.1	39.1966	39.1805	39.1947	39.187	39.1678	39.1793	39.1551	39.1806	39.1624	39.1582	38.9356	38.9297	38.8828	38.9032	38.8877	38.9042	38.8856	38.8469	38.893	38.8629	38.8636	38.854	38.8528	38.8616	38.8481	38.8519	38.8384	38.8448	38.8242	38.7806	38.8136	38.8008	38.7796	38.7587	38.7325	38.7003	38.6909	38.6821	38.6224	38.6406	38.6182	38.571	38.4836	38.4804	38.4283	38.3186	38.3069	38.2189	38.1361	38.038	37.9378	37.7675	37.7369	37.5612	37.4773	37.3421	37.2066	37.09	36.9504	36.7676	36.5868	36.478	36.3125	36.1398	35.93	35.7726	35.5702	35.3515	35.1224	34.9071	34.651	34.4545	34.2521	34.0409	33.8642	33.6196	33.4126	33.2286	33.0153	32.7825	32.5681	32.404	32.1927	31.9916	31.8375	31.6521	31.4365	31.2858	31.083	30.8862	30.7592	30.5884	30.4746	30.2958	30.1026	29.99	29.8679	29.7593	29.633	29.4917	29.3737	29.2859	29.1922	29.1097	28.9145	28.8661	28.7986	28.7121	28.6505	28.5331	28.4964	28.4337	28.4618	28.4075	28.4803	28.4358	28.3098	28.2571	28.4168	28.2387	28.3418	28.4163	28.4597	28.4939	28.5281	28.5011	28.4862	28.5924	28.5761	28.5904	28.6223	28.7601	28.8006	28.9102	28.9771
Sin-APnd_002-Ex1-3G-lcwgs-1-2	38.9546	39.0942	39.166	39.1948	39.253	39.2716	39.2536	39.2643	39.2957	39.2697	39.2675	39.2508	39.2669	39.2587	39.2034	39.2859	39.274	39.288	39.2868	39.2738	39.2805	39.2583	39.2829	39.2736	39.2693	39.0827	39.0771	39.034	39.0504	39.0384	39.0529	39.0386	38.9993	39.0424	39.0154	39.014	39.0095	39.0066	39.0117	39.0014	39.0	38.991	38.9963	38.9766	38.9322	38.9651	38.9527	38.9274	38.9046	38.8747	38.8372	38.8183	38.8017	38.7337	38.7398	38.7048	38.6523	38.557	38.5379	38.4724	38.3512	38.327	38.2291	38.135	38.0257	37.9141	37.7336	37.6939	37.5122	37.417	37.2777	37.1339	37.0063	36.8639	36.6749	36.4887	36.377	36.2049	36.0291	35.8169	35.6575	35.451	35.237	35.0068	34.7974	34.5442	34.3529	34.1534	33.9406	33.7653	33.5267	33.3219	33.1391	32.9306	32.701	32.4902	32.3277	32.1125	31.907	31.748	31.5625	31.3437	31.1928	30.9912	30.7945	30.6691	30.4986	30.3939	30.2241	30.0403	29.9385	29.8277	29.731	29.6143	29.4749	29.3677	29.2858	29.1962	29.1188	28.9296	28.8837	28.8288	28.7541	28.7048	28.5998	28.5782	28.5304	28.5651	28.5276	28.6218	28.5856	28.4728	28.4337	28.6072	28.4381	28.5515	28.6394	28.6954	28.743	28.7862	28.7703	28.7599	28.8864	28.876	28.9021	28.9438	29.0895	29.1347	29.2546	29.3255
Sin-APnd_003-Ex1-3H-lcwgs-1-2	38.9287	39.0887	39.1652	39.1949	39.255	39.2738	39.2534	39.2652	39.2978	39.2713	39.2672	39.2506	39.267	39.2587	39.2012	39.2838	39.2712	39.2867	39.2876	39.2717	39.2795	39.2583	39.2851	39.2756	39.2689	39.08	39.0699	39.0227	39.0414	39.0273	39.043	39.0301	38.9896	39.0253	38.9917	38.9833	38.9645	38.9406	38.9441	38.9465	38.9588	38.9628	38.9771	38.9646	38.9201	38.9525	38.9422	38.9221	38.9045	38.8862	38.8576	38.8496	38.8436	38.7881	38.8121	38.7939	38.7572	38.6797	38.682	38.6416	38.5426	38.5428	38.4732	38.4077	38.328	38.2455	38.0933	38.0837	37.9333	37.8745	37.769	37.6609	37.5723	37.4673	37.3162	37.1695	37.0991	36.9669	36.8318	36.6544	36.5366	36.3733	36.1948	36.0077	35.8342	35.6194	35.4662	35.3033	35.1276	34.9878	34.7743	34.6153	34.4402	34.2661	34.0515	33.8648	33.7082	33.4949	33.3246	33.1481	32.9774	32.7412	32.6041	32.4084	32.2078	32.0683	31.8671	31.7256	31.5424	31.3157	31.1814	31.0612	30.9483	30.8064	30.6241	30.5372	30.4192	30.35	30.2277	30.0629	29.9869	29.9155	29.8323	29.7613	29.6694	29.594	29.5541	29.5643	29.522	29.5877	29.5378	29.4203	29.3676	29.5125	29.3187	29.4055	29.471	29.5116	29.5304	29.5493	29.5088	29.4803	29.572	29.5407	29.5377	29.565	29.6673	29.6894	29.7667	29.8123
Sin-APnd_004-Ex1-4A-lcwgs-1-2	38.9488	39.1234	39.2017	39.223	39.2769	39.2888	39.2532	39.2623	39.2956	39.257	39.2422	39.2258	39.2352	39.2355	39.1791	39.2604	39.2403	39.2553	39.2534	39.2289	39.239	39.2211	39.2494	39.233	39.2285	39.0331	39.028	38.9786	38.9988	38.9866	39.0011	38.9819	38.9484	38.9969	38.9717	38.976	38.9599	38.9654	38.97	38.9547	38.9559	38.9409	38.9415	38.9183	38.8707	38.8977	38.8837	38.857	38.8302	38.7918	38.7418	38.7164	38.7028	38.627	38.6321	38.6	38.5326	38.4255	38.3953	38.3182	38.1821	38.145	38.0308	37.9248	37.7957	37.6718	37.4739	37.4212	37.2202	37.114	36.9611	36.8114	36.6764	36.5189	36.3173	36.1245	36.0	35.82	35.6395	35.416	35.251	35.0366	34.8058	34.5717	34.3524	34.0772	33.8839	33.6781	33.4579	33.2796	33.0133	32.8033	32.5905	32.3798	32.1131	31.906	31.7029	31.4687	31.2596	31.0509	30.857	30.6112	30.4429	30.2182	29.9918	29.8001	29.528	29.3408	29.0749	28.7911	28.5916	28.4086	28.2483	28.0792	27.9132	27.7297	27.633	27.5131	27.3909	27.2145	27.1322	27.043	26.9417	26.8736	26.7634	26.7062	26.6612	26.6661	26.6335	26.7068	26.6537	26.5548	26.501	26.6657	26.5158	26.6294	26.7189	26.7987	26.8616	26.9234	26.9294	26.9395	27.0779	27.0675	27.1355	27.1887	27.3645	27.4537	27.5682	27.7184
Sin-APnd_005-Ex1-4B-lcwgs-1-2	39.0289	39.2035	39.2928	39.3046	39.3519	39.3685	39.3308	39.3195	39.3549	39.2904	39.2916	39.239	39.2527	39.2534	39.1734	39.2562	39.239	39.268	39.2807	39.259	39.2788	39.2789	39.3169	39.3001	39.2898	39.1273	39.1065	39.0276	39.0513	39.0327	39.0626	39.0627	39.0085	38.9988	38.8482	38.8083	38.7525	38.7725	38.7409	38.6588	38.6549	38.7045	38.7852	38.8195	38.7769	38.8373	38.8338	38.8304	38.8059	38.7969	38.7707	38.7774	38.7916	38.7414	38.772	38.7782	38.7448	38.6568	38.6484	38.5875	38.471	38.4636	38.3844	38.3077	38.2117	38.1139	37.9467	37.9174	37.742	37.6696	37.5513	37.4403	37.3473	37.2394	37.094	36.9499	36.8792	36.7466	36.619	36.4452	36.3264	36.1656	35.9977	35.8245	35.6601	35.4664	35.3225	35.1791	35.0211	34.9066	34.7197	34.5873	34.4433	34.3045	34.1347	33.996	33.8893	33.7278	33.6063	33.4867	33.3823	33.2103	33.1096	32.9311	32.6885	32.3694	31.8904	31.3153	30.6676	29.9991	29.4584	29.0331	28.6955	28.3958	28.1359	27.9882	27.8628	27.8083	27.73	27.6184	27.6093	27.5956	27.567	27.5552	27.522	27.524	27.5431	27.5999	27.6291	27.7606	27.7756	27.721	27.7393	27.9632	27.8737	28.0269	28.1564	28.2519	28.3406	28.418	28.4629	28.4953	28.6631	28.6914	28.7453	28.8394	29.0035	29.0964	29.2365	29.3551
Sin-APnd_006-Ex1-4C-lcwgs-1-2	38.9361	39.1067	39.1877	39.2062	39.2679	39.283	39.2581	39.2656	39.2975	39.2631	39.2588	39.2392	39.2563	39.2456	39.1859	39.2677	39.2539	39.2694	39.2685	39.2511	39.2588	39.2355	39.2615	39.2507	39.2453	39.0487	39.0427	39.0004	39.0176	39.005	39.018	39.0048	38.9669	39.0076	38.9765	38.9692	38.9572	38.956	38.9562	38.9508	38.9547	38.9467	38.9557	38.9389	38.8983	38.9368	38.9294	38.912	38.8967	38.8749	38.8476	38.8421	38.8397	38.7815	38.8055	38.7916	38.7571	38.6869	38.6967	38.6624	38.5717	38.5799	38.5182	38.4639	38.3931	38.3217	38.183	38.1835	38.0429	37.9938	37.8957	37.7937	37.7091	37.6089	37.4632	37.3207	37.2531	37.1231	36.9896	36.8178	36.7091	36.5384	36.3599	36.1723	35.992	35.7676	35.6072	35.4241	35.2416	35.0813	34.8475	34.651	34.4674	34.2664	34.0345	33.8228	33.6306	33.4029	33.1795	32.965	32.7697	32.481	32.3073	32.0516	31.823	31.6445	31.3867	31.2233	31.0146	30.7466	30.5556	30.3863	30.206	30.0458	29.8433	29.6591	29.527	29.381	29.2352	29.0162	28.9059	28.7978	28.6624	28.5481	28.4316	28.3048	28.23	28.2037	28.122	28.1571	28.0758	27.9344	27.8239	27.9343	27.7407	27.7898	27.838	27.873	27.8665	27.8775	27.8284	27.7933	27.8643	27.8114	27.855	27.8353	27.9465	27.9935	28.055	28.1292
Sin-APnd_007-Ex1-4D-lcwgs-1-2	38.9717	39.1391	39.2191	39.2389	39.2933	39.3099	39.2828	39.2857	39.3162	39.2795	39.2719	39.2485	39.2607	39.256	39.1955	39.2761	39.2634	39.278	39.2785	39.2608	39.2689	39.2488	39.2746	39.2622	39.2565	39.0708	39.0642	39.0184	39.0369	39.0248	39.038	39.0252	38.9915	39.0395	39.0123	39.0138	39.0081	39.005	39.0052	38.9939	38.9947	38.9838	38.987	38.9663	38.9204	38.9506	38.9362	38.9116	38.8851	38.8537	38.8118	38.7931	38.7836	38.7192	38.7281	38.6968	38.6426	38.5436	38.5213	38.455	38.3303	38.3025	38.2015	38.1046	37.9911	37.8755	37.692	37.6468	37.4576	37.3637	37.2206	37.0775	36.9542	36.8158	36.6279	36.4494	36.3401	36.177	36.0112	35.8003	35.6509	35.4474	35.2386	35.0146	34.8153	34.5624	34.3833	34.1924	33.9971	33.8298	33.6033	33.4178	33.2405	33.06	32.8291	32.6553	32.5013	32.3095	32.1307	32.0001	31.8533	31.6448	31.5111	31.331	31.1331	30.9985	30.7913	30.6144	30.4228	30.177	30.032	29.879	29.7727	29.6403	29.4793	29.368	29.2891	29.2084	29.1172	28.9559	28.9066	28.8703	28.7876	28.73	28.6616	28.6243	28.5901	28.6193	28.5942	28.6951	28.6668	28.5599	28.5261	28.7261	28.5673	28.6879	28.7897	28.8504	28.9067	28.9661	28.9591	28.9554	29.0943	29.0959	29.118	29.1724	29.3287	29.3963	29.4972	29.5838
Sin-APnd_008-Ex1-4E-lcwgs-1-2	38.915	39.0868	39.1648	39.1904	39.2458	39.2616	39.2357	39.2404	39.2709	39.2329	39.2239	39.2035	39.2137	39.2087	39.1517	39.2328	39.2178	39.2315	39.2312	39.2108	39.22	39.2001	39.2276	39.2115	39.2048	38.9992	38.9938	38.9424	38.962	38.9487	38.9627	38.9454	38.9036	38.9372	38.907	38.9079	38.8899	38.8747	38.8582	38.8154	38.8052	38.8013	38.8198	38.8139	38.7625	38.7983	38.7841	38.7658	38.7454	38.7326	38.7055	38.704	38.7035	38.6471	38.6715	38.6574	38.6149	38.5289	38.5194	38.4654	38.3537	38.3402	38.2536	38.1721	38.073	37.9757	37.8011	37.7742	37.6037	37.5258	37.3971	37.2707	37.1614	37.0337	36.8627	36.6943	36.6001	36.4476	36.2917	36.0971	35.957	35.7713	35.5717	35.3664	35.1716	34.9413	34.7744	34.6033	34.4127	34.2697	34.0404	33.871	33.6957	33.5245	33.3194	33.1506	32.9938	32.7853	32.6194	32.4703	32.3186	32.1108	31.9785	31.8013	31.6224	31.4762	31.2895	31.1563	30.9708	30.7307	30.6004	30.4804	30.3734	30.2592	30.1012	30.0125	29.9092	29.8462	29.7534	29.6057	29.5346	29.4789	29.4055	29.3451	29.2664	29.224	29.1838	29.2162	29.1988	29.2779	29.2352	29.1215	29.0891	29.2718	29.1233	29.2278	29.31	29.3709	29.4137	29.4554	29.4463	29.4426	29.5668	29.5551	29.5593	29.6229	29.7518	29.7976	29.9154	29.9918
Sin-APnd_009-Ex1-4F-lcwgs-1-2	38.9709	39.1312	39.2055	39.2276	39.283	39.2974	39.2735	39.2799	39.3092	39.2741	39.2673	39.2494	39.2613	39.254	39.1973	39.2786	39.2652	39.2769	39.2751	39.2582	39.2653	39.2433	39.2668	39.253	39.2475	39.0562	39.0517	39.007	39.0238	39.0112	39.0239	39.009	38.9711	39.0122	38.9814	38.9762	38.9616	38.9588	38.968	38.9642	38.9689	38.9615	38.966	38.9496	38.9049	38.9366	38.9252	38.9032	38.8823	38.8559	38.8219	38.8069	38.7935	38.7271	38.7384	38.7088	38.6582	38.569	38.5606	38.5065	38.3948	38.3782	38.2893	38.2055	38.1035	38.0042	37.8373	37.8096	37.6382	37.5619	37.4386	37.3157	37.2122	37.0918	36.9227	36.7627	36.6712	36.5252	36.3674	36.1829	36.0457	35.8594	35.6615	35.4494	35.2562	35.0242	34.8579	34.6815	34.5021	34.3489	34.1308	33.9539	33.7805	33.5853	33.3794	33.1958	33.0393	32.8496	32.6628	32.518	32.3491	32.133	32.004	31.8142	31.6414	31.5187	31.3529	31.2562	31.1066	30.9041	30.8082	30.698	30.5927	30.4586	30.3075	30.2259	30.1376	30.0483	29.9565	29.7899	29.7254	29.6702	29.5882	29.5304	29.4276	29.3735	29.3351	29.3565	29.3189	29.4062	29.376	29.2665	29.2168	29.3824	29.2092	29.322	29.417	29.4741	29.5124	29.5556	29.531	29.5184	29.6539	29.6404	29.6549	29.7162	29.8546	29.8881	29.9964	30.0885
Sin-APnd_010-Ex1-4G-lcwgs-1-2	38.9336	39.1086	39.1858	39.2065	39.2615	39.278	39.2491	39.2559	39.2863	39.2474	39.2364	39.2169	39.2299	39.2259	39.1677	39.2477	39.2323	39.2494	39.249	39.2305	39.239	39.2192	39.2468	39.2329	39.2281	39.0303	39.0241	38.9772	38.996	38.9835	38.9986	38.983	38.9437	38.9916	38.9633	38.9628	38.9534	38.9507	38.9604	38.9468	38.9468	38.9357	38.9393	38.9198	38.8752	38.9076	38.8961	38.8722	38.8497	38.8182	38.7799	38.7645	38.7554	38.6928	38.7074	38.6817	38.631	38.5398	38.5296	38.4709	38.3548	38.3392	38.2477	38.163	38.0606	37.9595	37.7872	37.758	37.5802	37.499	37.3683	37.2375	37.1241	36.9887	36.8121	36.6387	36.5376	36.379	36.2143	36.0133	35.8662	35.6708	35.464	35.2454	35.0413	34.7988	34.6145	34.4283	34.2277	34.0632	33.8349	33.6405	33.4647	33.2669	33.0474	32.8467	32.6905	32.4952	32.3053	32.1626	31.9893	31.7833	31.6397	31.4411	31.2421	31.0947	30.8881	30.7301	30.5019	30.2628	30.1107	29.9577	29.8301	29.6865	29.5358	29.4108	29.326	29.2385	29.1606	28.9793	28.9368	28.8787	28.8031	28.7481	28.6417	28.6145	28.5677	28.601	28.5638	28.6524	28.6154	28.5011	28.4601	28.6292	28.4622	28.5756	28.6543	28.7078	28.7493	28.787	28.7698	28.7578	28.8735	28.8622	28.8825	28.919	29.0585	29.1023	29.2145	29.2829
Sin-APnd_011-Ex1-4H-lcwgs-1-2	38.9152	39.0709	39.1463	39.1705	39.226	39.2417	39.2201	39.2271	39.2533	39.2155	39.2034	39.1851	39.1947	39.1895	39.1354	39.2153	39.2008	39.2146	39.2134	39.1943	39.2037	39.181	39.2055	39.1917	39.185	38.9727	38.9663	38.9174	38.9352	38.922	38.9355	38.9184	38.878	38.9156	38.8853	38.8758	38.8538	38.838	38.8427	38.8436	38.8544	38.8525	38.8629	38.8478	38.8023	38.8313	38.816	38.7922	38.7687	38.7415	38.7032	38.6849	38.6688	38.6001	38.6072	38.5713	38.5127	38.411	38.3867	38.3195	38.1919	38.1598	38.0551	37.9537	37.833	37.7117	37.5232	37.4748	37.2828	37.1835	37.0363	36.8869	36.7579	36.6087	36.4136	36.2252	36.107	35.9313	35.7557	35.5359	35.3806	35.1702	34.9496	34.7213	34.5056	34.2588	34.0807	33.8997	33.7088	33.5669	33.3337	33.1718	32.9955	32.8286	32.6205	32.4461	32.3094	32.1225	31.9792	31.8387	31.6971	31.4925	31.3845	31.214	31.0462	30.9431	30.7903	30.6901	30.5487	30.3586	30.2648	30.1677	30.077	29.9631	29.8104	29.7431	29.6533	29.5997	29.4991	29.354	29.2997	29.2512	29.1835	29.1307	29.0604	29.0095	28.9989	29.0274	29.0118	29.1083	29.0826	28.9904	28.9648	29.1555	28.9959	29.1206	29.2254	29.2972	29.3566	29.4074	29.4048	29.4094	29.546	29.5427	29.5698	29.638	29.7816	29.8446	29.9577	30.0474
Sin-APnd_012-Ex1-5A-lcwgs-1-2	38.9375	39.0875	39.1525	39.1795	39.2309	39.2495	39.2161	39.2322	39.2587	39.2177	39.2051	39.1906	39.2009	39.1964	39.1429	39.2331	39.2176	39.2298	39.2231	39.2037	39.211	39.1868	39.2115	39.1967	39.1936	38.985	38.9821	38.9376	38.9552	38.9418	38.9541	38.9355	38.8984	38.9413	38.9148	38.9166	38.9031	38.9058	38.9113	38.8999	38.9008	38.8899	38.8927	38.8747	38.8308	38.8607	38.849	38.826	38.808	38.7822	38.749	38.7377	38.7307	38.6702	38.686	38.6648	38.616	38.531	38.5232	38.4725	38.3634	38.3485	38.2633	38.1812	38.0828	37.987	37.8159	37.7861	37.6163	37.5325	37.3998	37.2646	37.1444	37.0057	36.8221	36.6432	36.538	36.3764	36.2092	36.0044	35.8517	35.6536	35.4425	35.2243	35.0236	34.7659	34.5866	34.3893	34.1796	34.0046	33.7494	33.5403	33.3348	33.1188	32.8528	32.6355	32.4228	32.1787	31.9556	31.7301	31.5191	31.2547	31.0655	30.8307	30.6033	30.4304	30.1921	30.0585	29.8511	29.6207	29.4586	29.3064	29.1636	29.0011	28.8234	28.6207	28.5045	28.3557	28.2073	27.9986	27.88	27.7565	27.626	27.5227	27.3754	27.2812	27.1947	27.1644	27.0888	27.1175	27.0254	26.8808	26.7764	26.8977	26.7085	26.7665	26.8012	26.8403	26.8455	26.8619	26.8187	26.7811	26.8696	26.8121	26.8345	26.8363	26.958	26.9965	27.0573	27.162
Sin-APnd_013-Ex1-5B-lcwgs-1-2	38.9306	39.073	39.1425	39.174	39.2264	39.2479	39.2147	39.2229	39.2474	39.203	39.1937	39.1688	39.1829	39.1737	39.1143	39.2121	39.1938	39.2097	39.202	39.1811	39.1965	39.1726	39.1992	39.1787	39.1743	38.9571	38.9479	38.895	38.9202	38.9029	38.9217	38.9	38.8608	38.8955	38.8427	38.846	38.8257	38.8308	38.8305	38.8055	38.81	38.8092	38.8267	38.8105	38.7647	38.7972	38.7862	38.7653	38.7481	38.7277	38.6971	38.6857	38.6738	38.6049	38.6144	38.5865	38.5292	38.4309	38.4116	38.3447	38.2191	38.1871	38.0798	37.9742	37.8497	37.7242	37.5279	37.4703	37.2681	37.1583	36.9966	36.8323	36.6892	36.5213	36.3126	36.1035	35.9695	35.7718	35.5786	35.3342	35.1511	34.9179	34.667	34.4157	34.1774	33.8973	33.695	33.4888	33.2692	33.1085	32.8509	32.6653	32.4735	32.2904	32.0711	31.8928	31.7524	31.5514	31.4027	31.2572	31.132	30.9314	30.8053	30.6474	30.4829	30.3692	30.2161	30.093	29.9438	29.7393	29.6195	29.5048	29.4071	29.3063	29.1606	29.0756	28.9857	28.9363	28.8413	28.699	28.6594	28.607	28.5442	28.4902	28.4338	28.3942	28.3714	28.4077	28.3973	28.504	28.4787	28.3801	28.3601	28.5748	28.4395	28.5742	28.6897	28.771	28.8447	28.9067	28.9185	28.935	29.0889	29.1015	29.1382	29.2125	29.3789	29.4631	29.5885	29.6953
Sin-APnd_014-Ex1-5C-lcwgs-1-2	38.9535	39.0876	39.155	39.1848	39.2329	39.254	39.2212	39.2334	39.2545	39.2067	39.1962	39.1741	39.1878	39.18	39.1204	39.2178	39.199	39.2136	39.2057	39.1834	39.1981	39.1753	39.2017	39.183	39.1802	38.9728	38.9647	38.9143	38.9389	38.9214	38.94	38.92	38.8873	38.9324	38.8933	38.8859	38.8599	38.8657	38.8656	38.8596	38.871	38.8622	38.8719	38.8546	38.8123	38.848	38.84	38.8183	38.7966	38.7622	38.7227	38.7032	38.6851	38.6093	38.6131	38.5789	38.5143	38.4147	38.3922	38.3248	38.1976	38.1608	38.0542	37.9503	37.8271	37.7034	37.5201	37.468	37.2719	37.172	37.0269	36.8787	36.7535	36.6026	36.4072	36.2185	36.1002	35.9238	35.7432	35.5238	35.3752	35.1521	34.9187	34.6756	34.4398	34.1617	33.9544	33.7304	33.5167	33.3287	33.0587	32.8383	32.628	32.4093	32.1562	31.9308	31.7312	31.5057	31.2889	31.0823	30.8973	30.6164	30.4509	30.2014	29.9738	29.7905	29.5267	29.3386	29.095	28.7999	28.5884	28.4016	28.2102	28.0464	27.8554	27.6847	27.5701	27.438	27.3193	27.1265	27.047	26.9732	26.8668	26.797	26.7106	26.626	26.6065	26.614	26.5853	26.6723	26.6354	26.5466	26.4924	26.6892	26.5493	26.6737	26.8036	26.8997	26.9785	27.0504	27.0716	27.1075	27.2583	27.2662	27.3723	27.4309	27.6225	27.7403	27.8723	28.0245
Sin-APnd_015-Ex1-5D-lcwgs-1-2	38.9833	39.1131	39.1798	39.2076	39.2574	39.276	39.2434	39.2581	39.2804	39.24	39.2311	39.2127	39.2232	39.2166	39.1623	39.2552	39.242	39.2522	39.2452	39.227	39.2356	39.2131	39.2364	39.2216	39.2165	39.0163	39.0103	38.9684	38.9871	38.9732	38.9862	38.9678	38.9327	38.9776	38.9486	38.9497	38.9409	38.9402	38.9418	38.9338	38.9359	38.924	38.9288	38.9092	38.8667	38.8968	38.8825	38.8611	38.8416	38.8166	38.7838	38.7717	38.7646	38.7019	38.7139	38.687	38.6362	38.5458	38.5308	38.4735	38.3571	38.3349	38.2383	38.1453	38.0341	37.9234	37.7394	37.6953	37.5117	37.4134	37.2659	37.1174	36.9857	36.8341	36.6341	36.4444	36.3256	36.1502	35.9728	35.7546	35.5956	35.3809	35.1555	34.9188	34.7042	34.4338	34.241	34.0351	33.8225	33.6427	33.3985	33.1931	33.003	32.806	32.5577	32.3604	32.1944	31.9905	31.7936	31.6522	31.4945	31.2703	31.125	30.9433	30.7463	30.6345	30.4743	30.3575	30.235	30.0526	29.9643	29.854	29.7772	29.6701	29.519	29.4126	29.3335	29.2473	29.152	28.9764	28.9201	28.8729	28.7754	28.7093	28.6271	28.5762	28.5239	28.5403	28.4928	28.5779	28.5341	28.4113	28.3604	28.547	28.3732	28.4772	28.5761	28.6191	28.6641	28.7154	28.6889	28.6787	28.8036	28.8015	28.8191	28.8557	29.0154	29.0807	29.176	29.2628
Sin-APnd_016-Ex1-5E-lcwgs-1-2	38.9839	39.1171	39.1841	39.2163	39.2662	39.2858	39.254	39.2635	39.2857	39.2414	39.2294	39.2074	39.2172	39.2088	39.1536	39.2491	39.2319	39.2441	39.2371	39.2146	39.231	39.2077	39.2317	39.211	39.206	39.0052	38.9975	38.9468	38.9712	38.9536	38.9709	38.9499	38.9096	38.9453	38.909	38.9143	38.8982	38.8866	38.8722	38.8279	38.8204	38.8163	38.8332	38.819	38.7636	38.796	38.7803	38.7585	38.7346	38.7189	38.6834	38.6704	38.6536	38.5806	38.5891	38.5537	38.4861	38.3716	38.3323	38.246	38.0999	38.0486	37.9251	37.7959	37.6504	37.5055	37.2916	37.2173	37.0004	36.8761	36.7051	36.533	36.3847	36.208	35.9898	35.778	35.6369	35.4368	35.2423	35.0029	34.8282	34.5995	34.3605	34.1165	33.8846	33.6163	33.4248	33.2361	33.0239	32.8768	32.6236	32.4453	32.2667	32.0963	31.8932	31.7307	31.5834	31.3864	31.2326	31.1075	30.9752	30.7907	30.6727	30.5148	30.358	30.2383	30.0906	29.9827	29.8262	29.6138	29.5125	29.4123	29.3259	29.2354	29.1003	29.0304	28.9496	28.8956	28.8266	28.6905	28.6477	28.6151	28.5654	28.5328	28.4788	28.4603	28.4587	28.5163	28.5262	28.645	28.6344	28.5461	28.5459	28.7903	28.6709	28.8226	28.9559	29.0517	29.1462	29.2234	29.2497	29.2836	29.4571	29.4789	29.5235	29.6217	29.7997	29.8889	30.0384	30.1601
Sin-APnd_017-Ex1-5F-lcwgs-1-2	38.9875	39.1258	39.1927	39.2212	39.2699	39.2884	39.2606	39.2713	39.2944	39.2514	39.2409	39.2219	39.2323	39.2249	39.169	39.2615	39.248	39.2573	39.2497	39.2301	39.2419	39.2172	39.2392	39.2216	39.2178	39.0177	39.0123	38.9669	38.9862	38.9715	38.9857	38.9674	38.9297	38.9723	38.9408	38.9382	38.92	38.9215	38.9314	38.9257	38.9314	38.9221	38.9267	38.9096	38.8636	38.894	38.8803	38.858	38.8377	38.81	38.7714	38.7559	38.7402	38.667	38.6716	38.6353	38.5735	38.4744	38.4516	38.3828	38.2529	38.2163	38.1091	38.0006	37.8743	37.7495	37.5583	37.5041	37.3109	37.2075	37.0596	36.9146	36.7874	36.6403	36.4482	36.2631	36.1473	35.9756	35.7954	35.588	35.4316	35.221	34.995	34.7604	34.5395	34.283	34.1033	33.9106	33.7194	33.5578	33.3275	33.135	32.9609	32.7575	32.5481	32.3591	32.1993	32.018	31.8322	31.698	31.5332	31.3282	31.1993	31.0189	30.8522	30.7394	30.5931	30.5076	30.3788	30.1897	30.1078	30.0054	29.9111	29.7873	29.6463	29.5698	29.4868	29.3949	29.3146	29.1458	29.0944	29.0393	28.9684	28.9149	28.8203	28.7751	28.7532	28.7851	28.7588	28.8628	28.844	28.742	28.704	28.91	28.7536	28.8881	29.0137	29.0841	29.1558	29.2191	29.2139	29.2244	29.383	29.3892	29.4234	29.4982	29.668	29.7292	29.8581	29.9741
Sin-APnd_018-Ex1-5G-lcwgs-1-2	38.9709	39.1213	39.1909	39.2187	39.2719	39.2936	39.2643	39.2734	39.2973	39.2561	39.2482	39.2271	39.2418	39.2316	39.1746	39.2673	39.2535	39.2682	39.261	39.2445	39.2548	39.2312	39.2556	39.2399	39.2346	39.0402	39.0329	38.9897	39.0101	38.9946	39.0097	38.9923	38.9532	38.9979	38.9682	38.9688	38.9618	38.9588	38.9664	38.9524	38.955	38.9434	38.9494	38.9293	38.8859	38.9182	38.9068	38.8837	38.8617	38.833	38.7969	38.7821	38.7675	38.7013	38.7096	38.6775	38.6235	38.5267	38.5077	38.4409	38.3174	38.2867	38.1812	38.0758	37.9563	37.8331	37.6421	37.5865	37.3873	37.2784	37.1213	36.9603	36.8202	36.6564	36.4479	36.2423	36.1118	35.9198	35.7237	35.4882	35.3088	35.0764	34.8273	34.5715	34.3358	34.055	33.8389	33.6232	33.3929	33.2047	32.9472	32.7292	32.5384	32.3197	32.0893	31.8715	31.7109	31.5115	31.3175	31.1803	31.0071	30.808	30.6629	30.4804	30.2947	30.1819	30.0238	29.9239	29.7532	29.5686	29.4631	29.3521	29.2541	29.1401	29.0114	28.9132	28.8377	28.7585	28.6929	28.5106	28.4781	28.4266	28.3527	28.3079	28.2075	28.1855	28.1491	28.1847	28.1533	28.2457	28.2193	28.1087	28.0748	28.2759	28.1136	28.2443	28.3487	28.4142	28.479	28.5316	28.5314	28.5383	28.6765	28.682	28.7194	28.7759	28.942	29.0099	29.1414	29.2377
Sin-APnd_019-Ex1-5H-lcwgs-1-2	38.946	39.0936	39.1612	39.1885	39.242	39.2601	39.2329	39.2428	39.2673	39.227	39.2151	39.197	39.209	39.2027	39.1493	39.2412	39.2263	39.2354	39.2279	39.2092	39.2195	39.1944	39.2187	39.201	39.1956	38.9867	38.9833	38.9367	38.9563	38.9408	38.9542	38.9346	38.8942	38.9358	38.9064	38.9033	38.8859	38.8809	38.8873	38.8803	38.887	38.8797	38.8849	38.8686	38.8223	38.8523	38.8391	38.8176	38.8006	38.7773	38.7463	38.7354	38.7252	38.6615	38.6765	38.649	38.5972	38.5069	38.4955	38.4403	38.3248	38.3038	38.2103	38.119	38.0078	37.8991	37.7182	37.678	37.4965	37.4028	37.2609	37.1137	36.9852	36.8367	36.6402	36.4538	36.3331	36.1563	35.9782	35.7538	35.5933	35.3792	35.1476	34.9111	34.6878	34.4263	34.2368	34.0431	33.8407	33.689	33.4416	33.266	33.0771	32.8977	32.6717	32.4834	32.3344	32.1357	31.9782	31.8256	31.673	31.4555	31.3339	31.1616	30.9902	30.8991	30.7643	30.6937	30.5893	30.4251	30.3562	30.2785	30.2	30.0977	29.945	29.8775	29.7818	29.7236	29.6165	29.4597	29.3991	29.3399	29.2599	29.1938	29.1092	29.0385	29.0099	29.03	28.9921	29.0702	29.0302	28.9216	28.8774	29.0523	28.8773	28.9848	29.0831	29.1351	29.1815	29.2198	29.1968	29.1936	29.3112	29.3033	29.322	29.37	29.5086	29.5644	29.6664	29.7502
Sin-APnd_020-Ex1-6A-lcwgs-1-2	38.9724	39.1142	39.1751	39.2065	39.2556	39.2729	39.2284	39.2421	39.2685	39.2208	39.2026	39.1824	39.191	39.1889	39.1305	39.2266	39.2045	39.2217	39.211	39.1857	39.2046	39.1815	39.2098	39.1885	39.1856	38.9829	38.9742	38.9222	38.9503	38.9317	38.9491	38.924	38.8963	38.9464	38.9198	38.9281	38.9087	38.916	38.9196	38.9028	38.9073	38.8887	38.8923	38.8712	38.8222	38.8519	38.8391	38.8132	38.7863	38.7444	38.6991	38.6798	38.6734	38.6011	38.6185	38.6025	38.5404	38.4396	38.4228	38.3535	38.2294	38.2055	38.0984	37.9969	37.874	37.7519	37.5543	37.4947	37.2878	37.1776	37.0171	36.8614	36.7287	36.5665	36.3584	36.1595	36.0296	35.845	35.6552	35.4221	35.2509	35.0251	34.7886	34.5466	34.3217	34.039	33.8453	33.6297	33.4062	33.2232	32.9524	32.7383	32.5201	32.2995	32.0303	31.8186	31.6088	31.3727	31.1575	30.9462	30.7508	30.5023	30.33	30.102	29.8706	29.6662	29.378	29.1644	28.8753	28.5653	28.3387	28.1362	27.9583	27.7764	27.6016	27.4125	27.3141	27.1864	27.0613	26.8849	26.8001	26.7086	26.602	26.5309	26.4159	26.3503	26.2978	26.2945	26.2599	26.3221	26.2647	26.1662	26.1092	26.2764	26.1325	26.2457	26.3432	26.4263	26.4922	26.5627	26.5744	26.5973	26.7386	26.7402	26.8202	26.8807	27.0675	27.1685	27.2973	27.464
Sin-APnd_021-Ex1-6B-lcwgs-1-2	38.8973	39.0677	39.1353	39.1643	39.2213	39.2404	39.1976	39.2094	39.2393	39.1904	39.1773	39.1539	39.1705	39.1638	39.1031	39.2025	39.1779	39.1958	39.1859	39.1613	39.1797	39.1589	39.1897	39.1663	39.1619	38.9382	38.9262	38.8689	38.8974	38.8772	38.8991	38.8748	38.838	38.8722	38.8089	38.8129	38.7861	38.7937	38.7914	38.7598	38.7674	38.7682	38.7881	38.775	38.7255	38.7599	38.7465	38.725	38.7096	38.6878	38.6563	38.6522	38.6459	38.5847	38.6048	38.5866	38.5365	38.4476	38.4392	38.3876	38.2772	38.2665	38.1787	38.0981	37.998	37.9035	37.7312	37.702	37.5282	37.4512	37.3246	37.194	37.0833	36.9482	36.7769	36.6039	36.5044	36.3461	36.1896	35.9842	35.8407	35.6463	35.4407	35.2286	35.0229	34.7797	34.6058	34.4273	34.2321	34.0848	33.8501	33.6793	33.4977	33.3221	33.1012	32.9284	32.7835	32.576	32.4146	32.2569	32.114	31.9005	31.7692	31.5847	31.4002	31.2502	31.0503	30.8782	30.6754	30.4242	30.2616	30.1156	29.9884	29.8624	29.6962	29.5863	29.4798	29.4259	29.3149	29.1652	29.1152	29.0558	28.9815	28.9149	28.8492	28.7925	28.7537	28.7799	28.7555	28.8401	28.7989	28.6872	28.6506	28.8238	28.6697	28.7774	28.8568	28.914	28.9541	28.9928	28.976	28.9642	29.0825	29.0734	29.0818	29.1249	29.2587	29.3108	29.4111	29.4842
Sin-APnd_022-Ex1-6C-lcwgs-1-2	38.8736	39.0602	39.1319	39.1631	39.2199	39.2435	39.1996	39.2097	39.2409	39.1938	39.181	39.1557	39.1755	39.1686	39.1017	39.2034	39.1781	39.1969	39.1872	39.1622	39.1791	39.1583	39.1909	39.1661	39.1656	38.9444	38.9334	38.8808	38.9083	38.889	38.9098	38.8877	38.8572	38.9037	38.8582	38.8498	38.8125	38.82	38.8163	38.8108	38.827	38.8185	38.8299	38.8132	38.7707	38.8104	38.8008	38.7754	38.7558	38.7199	38.6797	38.6649	38.655	38.5811	38.5975	38.5748	38.5228	38.435	38.4325	38.3862	38.2812	38.2692	38.1856	38.1059	38.0088	37.9135	37.7491	37.7245	37.5523	37.4851	37.3666	37.2451	37.1458	37.0224	36.8571	36.7004	36.6092	36.4627	36.315	36.1241	36.0003	35.8108	35.6136	35.4057	35.2042	34.9565	34.7801	34.5843	34.3945	34.2236	33.9833	33.7814	33.5882	33.3874	33.1478	32.9346	32.7487	32.5293	32.3161	32.1156	31.9311	31.6552	31.4885	31.2348	31.0003	30.7943	30.4946	30.2678	29.9793	29.6443	29.3972	29.179	28.9727	28.7848	28.5796	28.3956	28.2771	28.1379	28.0113	27.8132	27.7215	27.6419	27.5243	27.4375	27.3415	27.2431	27.1989	27.197	27.1446	27.2144	27.1573	27.0467	26.9705	27.1322	26.9692	27.0612	27.1567	27.2248	27.2619	27.3148	27.294	27.2988	27.4111	27.3912	27.4676	27.4885	27.642	27.731	27.8219	27.9405
Sin-APnd_023-Ex1-6D-lcwgs-1-2	38.9326	39.0565	39.1339	39.1704	39.2191	39.2411	39.2044	39.2094	39.2312	39.1868	39.1804	39.158	39.1732	39.1658	39.1081	39.2033	39.1878	39.2005	39.192	39.1683	39.182	39.1625	39.1916	39.1737	39.169	38.9472	38.9372	38.8892	38.9134	38.8982	38.9148	38.8951	38.8624	38.9146	38.8857	38.8879	38.8768	38.8758	38.8775	38.8653	38.8674	38.8555	38.8632	38.8416	38.7977	38.8276	38.8131	38.7924	38.7699	38.7424	38.709	38.7016	38.7041	38.6524	38.6764	38.6601	38.622	38.5407	38.5445	38.5063	38.4103	38.4145	38.3441	38.2796	38.198	38.1185	37.9647	37.9486	37.7919	37.7286	37.6154	37.5031	37.4073	37.2952	37.1351	36.9831	36.9004	36.7619	36.6195	36.4378	36.3096	36.1324	35.947	35.7505	35.5694	35.3386	35.1714	34.9911	34.8033	34.6403	34.417	34.2301	34.0546	33.8653	33.632	33.4412	33.2754	33.0623	32.8663	32.7105	32.5442	32.3154	32.1642	31.9611	31.7478	31.5953	31.3686	31.1808	30.979	30.721	30.5599	30.399	30.2783	30.1299	29.9529	29.8211	29.7191	29.6234	29.5124	29.329	29.2619	29.203	29.0956	29.0154	28.9214	28.8565	28.7839	28.7878	28.7281	28.7926	28.734	28.5992	28.5354	28.6847	28.4971	28.5778	28.6435	28.6642	28.6809	28.7115	28.6623	28.6275	28.7237	28.7012	28.6951	28.7064	28.8357	28.8736	28.9402	28.9978
Sin-APnd_024-Ex1-6E-lcwgs-1-2	38.9213	39.0589	39.137	39.1745	39.2255	39.2504	39.2178	39.2232	39.2436	39.2015	39.1951	39.1702	39.1844	39.1763	39.118	39.2154	39.1984	39.212	39.2036	39.1788	39.1943	39.1708	39.2002	39.1799	39.1755	38.9542	38.9457	38.8938	38.9172	38.9007	38.9189	38.8966	38.8558	38.8943	38.8593	38.8666	38.8484	38.8372	38.8232	38.7798	38.7734	38.7712	38.7891	38.7753	38.7208	38.7555	38.7428	38.7237	38.7048	38.6936	38.6673	38.6686	38.6631	38.6043	38.6306	38.6172	38.5739	38.4883	38.4814	38.43	38.3187	38.3105	38.2265	38.1435	38.0437	37.9442	37.7693	37.7394	37.5649	37.4836	37.3522	37.2215	37.1125	36.982	36.8067	36.639	36.537	36.3785	36.2212	36.0174	35.871	35.6797	35.4722	35.2594	35.0594	34.8205	34.65	34.4732	34.2696	34.1289	33.8921	33.714	33.5415	33.3581	33.1506	32.9758	32.8127	32.6006	32.4304	32.2781	32.1285	31.9194	31.7835	31.6042	31.4255	31.2829	31.1063	30.985	30.8115	30.5869	30.4661	30.3582	30.2588	30.1505	30.0002	29.9153	29.8142	29.7586	29.6654	29.518	29.4474	29.3933	29.3177	29.2523	29.1763	29.1235	29.0794	29.1125	29.0898	29.162	29.1176	29.0036	28.9711	29.155	29.0009	29.1099	29.1924	29.2505	29.2942	29.3381	29.3241	29.3238	29.445	29.4377	29.4484	29.5056	29.6413	29.6889	29.8141	29.8938
Sin-APnd_025-Ex1-6F-lcwgs-1-2	38.9726	39.1106	39.1741	39.2013	39.2556	39.2775	39.2447	39.2528	39.2749	39.2311	39.2222	39.2016	39.215	39.2057	39.1462	39.2419	39.2257	39.2409	39.2335	39.2136	39.2252	39.201	39.2257	39.208	39.2035	38.995	38.9856	38.9376	38.9594	38.943	38.9597	38.9421	38.9091	38.948	38.9142	38.9096	38.8912	38.891	38.9004	38.8966	38.9038	38.8956	38.9032	38.8845	38.8408	38.8743	38.8603	38.8384	38.8166	38.7902	38.7577	38.7477	38.7352	38.67	38.6829	38.658	38.609	38.5241	38.5231	38.4724	38.3653	38.3536	38.2682	38.1895	38.0904	37.9933	37.8297	37.8045	37.6359	37.5623	37.4394	37.3206	37.2175	37.1007	36.9348	36.7748	36.687	36.5451	36.3901	36.2063	36.0721	35.8866	35.6881	35.4808	35.2877	35.0552	34.8945	34.7148	34.5358	34.3791	34.1605	33.9809	33.8069	33.6127	33.405	33.2176	33.0569	32.868	32.6783	32.528	32.3561	32.1374	32.0067	31.8135	31.6353	31.5004	31.3128	31.1951	31.0242	30.7985	30.6779	30.5511	30.4321	30.2817	30.1296	30.0417	29.9496	29.8542	29.7592	29.5905	29.5263	29.4672	29.3878	29.3242	29.216	29.1646	29.1181	29.1322	29.0908	29.1667	29.1354	29.0216	28.9641	29.127	28.9511	29.058	29.15	29.1997	29.2354	29.2782	29.2489	29.2378	29.3626	29.35	29.3667	29.417	29.5629	29.5932	29.702	29.7927
Sin-CPnd_013-Ex1-4E-lcwgs-1-2	38.0286	38.5766	38.854	39.0274	38.9948	39.1145	39.1331	39.054	39.2097	39.2419	39.0847	39.0573	39.1613	39.1202	39.0859	39.3	39.1423	39.1089	39.1073	39.0726	39.1363	39.1097	39.1669	39.0218	39.2	38.8992	38.9597	38.75	38.8895	38.8359	38.8742	38.846	38.9214	38.8423	38.8089	38.8742	38.7573	38.8411	38.8548	38.8032	38.9677	38.7843	38.8823	38.871	38.856	38.8685	38.8363	38.8593	38.7758	38.7798	38.7919	38.6931	38.679	38.631	38.5516	38.5952	38.5121	38.5238	38.4774	38.2976	38.3331	38.4073	38.1403	38.3258	38.0976	38.0871	37.9597	37.7621	37.706	37.6395	37.5573	37.4524	37.275	37.1992	37.1815	37.0802	37.0871	36.954	36.9202	36.5375	36.3492	36.5677	36.2871	36.2121	36.0242	35.8452	35.8048	35.4194	35.404	35.1895	35.2202	34.8911	34.7278	34.5524	34.1669	34.2355	34.0613	33.7556	33.5274	33.1645	33.0379	32.7488	32.6	32.254	32.0218	31.7984	31.4677	31.2629	30.8395	30.3597	29.8617	29.9097	29.471	29.329	29.0887	28.5323	28.6911	28.3605	28.3355	27.5984	27.8573	27.746	27.379	27.2484	26.9226	26.9105	26.5395	26.8685	26.6766	26.5387	26.2903	26.1887	26.0855	26.079	25.9556	25.8972	25.9145	26.0081	25.8145	25.8815	25.804	25.8968	25.5266	25.5403	25.5718	25.5685	25.3024	25.4718	25.7097	25.6806
Sin-CPnd_015-Ex1-4A-lcwgs-1-2	38.5669	38.933	39.145	39.1443	39.2308	39.3094	39.2878	39.2609	39.2706	39.1981	39.3244	39.2559	39.262	39.2085	39.1653	39.2986	39.2602	39.2717	39.2774	39.2925	39.3086	39.2747	39.2204	39.2591	39.2254	39.022	39.083	39.0711	39.0306	39.0101	39.0532	39.0413	39.0315	39.0037	38.9816	38.9796	38.9595	39.0091	39.0568	38.9603	38.942	39.0022	39.0557	39.013	38.9264	38.938	38.9735	38.9664	38.9359	38.8889	38.8246	38.8971	38.8821	38.8238	38.7793	38.8756	38.7586	38.6585	38.6047	38.5821	38.5132	38.4375	38.4117	38.3155	38.3005	38.2398	38.0845	38.1085	37.9749	37.9385	37.8208	37.6766	37.6827	37.5908	37.5219	37.2238	37.1933	37.095	36.9816	36.8207	36.7746	36.5654	36.4732	36.3835	36.1693	36.0908	35.9042	35.8403	35.6897	35.4507	35.2893	35.0697	35.0001	34.8559	34.5843	34.5261	34.188	34.1491	33.9169	33.6974	33.5259	33.1538	33.0595	33.048	32.6056	32.6178	32.265	32.0545	31.9928	31.8913	31.8441	31.3872	31.3323	31.2943	31.1727	30.9118	30.853	30.6162	30.3385	30.2269	30.1756	30.0992	30.0576	29.7641	29.6292	29.8068	29.5228	29.8373	29.5384	29.6353	29.5725	29.2376	29.3135	29.4315	29.2959	29.1978	29.3755	29.466	29.3808	29.2597	29.2873	29.1077	29.3307	29.286	29.2015	29.1771	29.3409	29.4062	29.33	29.514
Sin-CPnd_018-Ex1-11A-lcwgs-1-2	38.6747	39.0217	39.1584	39.2089	39.278	39.2904	39.2764	39.2865	39.3222	39.2899	39.2997	39.2745	39.2786	39.276	39.2268	39.3104	39.2996	39.313	39.3048	39.2988	39.3087	39.2813	39.3123	39.3051	39.2882	39.1037	39.1003	39.0661	39.0699	39.0609	39.0909	39.0619	39.0372	39.0732	39.0511	39.0533	39.0483	39.0501	39.0452	39.0417	39.0373	39.0307	39.0394	39.0019	38.9684	39.0114	38.9965	38.9781	38.9431	38.9128	38.875	38.8736	38.8605	38.8057	38.8081	38.7646	38.7375	38.6395	38.6227	38.5434	38.4366	38.4287	38.3202	38.2615	38.1579	38.0629	37.8956	37.8707	37.7125	37.6332	37.4893	37.3789	37.2718	37.1696	37.0387	36.8231	36.7518	36.6368	36.472	36.2855	36.1525	35.9908	35.8185	35.6077	35.4297	35.2194	35.0318	34.878	34.7051	34.526	34.2772	34.1274	33.9131	33.7337	33.4982	33.2772	33.0808	32.8327	32.6149	32.4335	32.2198	31.9456	31.7565	31.5294	31.288	31.1161	30.8493	30.663	30.4774	30.1894	29.9997	29.8254	29.7195	29.5194	29.3857	29.168	29.0752	28.9532	28.7675	28.5483	28.458	28.3691	28.2217	28.1152	28.0172	27.9173	27.8277	27.8418	27.7349	27.8066	27.7557	27.6066	27.5366	27.6868	27.5059	27.5764	27.6421	27.723	27.7214	27.7594	27.6945	27.6847	27.8248	27.7657	27.7784	27.7763	27.9282	27.946	28.0537	28.1651
Sin-CPnd_019-Ex1-1H-lcwgs-1-2	38.9007	39.0495	39.1571	39.2125	39.255	39.2907	39.2588	39.3031	39.3098	39.2464	39.2684	39.2633	39.2835	39.264	39.1629	39.2969	39.2853	39.2926	39.3034	39.2936	39.2726	39.2583	39.3065	39.2921	39.3309	39.1318	39.109	39.0557	39.0849	39.0676	39.1125	39.0976	39.069	39.0943	39.0923	39.0538	39.0587	39.0538	39.037	39.0347	39.035	39.036	39.0569	39.0701	39.0123	39.0165	39.0215	38.9826	38.9673	38.9718	38.9233	38.9153	38.943	38.8459	38.8959	38.8717	38.8417	38.7637	38.7831	38.7318	38.6488	38.6749	38.6064	38.5637	38.5011	38.4206	38.35	38.3495	38.2083	38.1499	38.0624	37.9828	37.89	37.8608	37.741	37.6159	37.5983	37.4441	37.3704	37.1959	37.1016	37.0481	36.8475	36.683	36.5935	36.4039	36.2566	36.1429	35.9816	35.8573	35.6241	35.5001	35.3724	35.1807	34.9876	34.8522	34.6463	34.4516	34.1895	34.0971	33.8935	33.5888	33.3944	33.169	32.9716	32.7664	32.5851	32.394	32.1445	31.8902	31.6232	31.518	31.3524	31.1006	30.9876	30.8927	30.7021	30.5572	30.4129	30.2108	30.1825	30.0702	29.9978	29.8768	29.8302	29.6927	29.6022	29.6381	29.5747	29.6321	29.654	29.4135	29.363	29.4991	29.2855	29.3748	29.4628	29.4804	29.4016	29.4825	29.4311	29.3635	29.4588	29.3225	29.3504	29.3266	29.442	29.3766	29.3871	29.3602
Sin-CPnd_020-Ex1-12E-lcwgs-1-2	38.8134	39.027	39.1502	39.17	39.2459	39.2741	39.2503	39.2526	39.2688	39.2577	39.249	39.2336	39.2468	39.2289	39.173	39.2624	39.2639	39.2587	39.2712	39.2473	39.2606	39.2316	39.2649	39.2506	39.2436	39.0581	39.0268	38.9872	39.0202	38.9957	39.0156	39.0014	38.9549	38.9898	38.9487	38.9652	38.9489	38.9478	38.9336	38.8948	38.8853	38.8927	38.9051	38.8787	38.8121	38.8726	38.8656	38.8639	38.8312	38.8304	38.8044	38.7869	38.7803	38.7306	38.7504	38.7312	38.6965	38.6115	38.6016	38.5454	38.4562	38.4441	38.3719	38.2971	38.2202	38.1504	37.9663	37.9733	37.835	37.7812	37.6795	37.5759	37.4949	37.3697	37.2713	37.1412	37.0647	36.9499	36.8308	36.6801	36.5667	36.4273	36.258	36.0996	35.9193	35.7389	35.6234	35.485	35.326	35.1722	35.0174	34.8388	34.6836	34.5466	34.3281	34.1547	34.0145	33.8289	33.644	33.4626	33.2959	33.0487	32.8788	32.6969	32.497	32.3312	32.1109	31.9632	31.7891	31.5418	31.3752	31.2388	31.1185	30.9905	30.762	30.6994	30.5621	30.4426	30.3327	30.1808	30.0607	30.0004	29.9032	29.8276	29.6927	29.6363	29.6106	29.6591	29.566	29.6638	29.6065	29.4563	29.3728	29.5901	29.3864	29.4746	29.5007	29.5826	29.5935	29.5807	29.5569	29.5709	29.627	29.5527	29.5407	29.5932	29.6819	29.6939	29.7451	29.8036
Sin-CPnd_021-Ex1-3D-lcwgs-1-2	38.8331	39.1884	39.291	39.372	39.3655	39.4773	39.3828	39.3928	39.4781	39.4128	39.4322	39.3895	39.4237	39.3962	39.3185	39.4189	39.437	39.45	39.465	39.4381	39.428	39.4534	39.3511	39.4287	39.4353	39.2787	39.2435	39.2376	39.2729	39.2877	39.3123	39.2894	39.2027	39.2939	39.2891	39.2601	39.2442	39.2284	39.2753	39.2542	39.1581	39.2058	39.2494	39.2003	39.1605	39.1712	39.1972	39.1963	39.1581	39.1177	39.0916	39.0662	39.1052	38.9957	38.9615	38.8695	38.8336	38.7277	38.6729	38.6109	38.4275	38.3003	38.2264	38.0757	37.8225	37.8265	37.6077	37.6019	37.2652	37.24	37.1318	36.8455	36.5944	36.5685	36.4474	36.2193	36.1089	35.873	35.7187	35.3912	35.2735	35.1203	34.9058	34.5868	34.5364	33.9917	33.7888	33.6081	33.5156	33.2217	32.9888	32.9551	32.7766	32.6394	32.2234	32.0589	31.8918	31.5898	31.5355	31.2689	31.1998	30.7852	30.6694	30.4137	30.121	30.1481	29.9057	29.905	29.6727	29.5151	29.3809	29.2767	29.3129	29.0786	28.9915	28.8488	28.8156	28.6283	28.3777	28.3138	28.2554	28.1369	28.3318	28.0688	28.0594	28.0563	28.1486	28.236	28.1711	28.4082	28.3017	28.2561	28.272	28.5889	28.2063	28.5105	28.8018	28.6798	28.8818	28.9065	28.9333	28.9345	29.2409	29.0696	29.2436	29.353	29.5848	29.6051	29.7646	29.7228
Sin-CPnd_022-Ex1-1D-lcwgs-1-2	38.2949	38.7218	38.922	39.0082	39.1232	39.1676	39.122	39.1567	39.1844	39.1361	39.1731	39.1244	39.1487	39.1227	39.0909	39.1713	39.1697	39.2139	39.2027	39.1903	39.2046	39.1925	39.1882	39.2196	39.2149	39.001	38.9532	38.9191	38.9378	38.9293	38.9616	38.9463	38.9114	38.9847	38.9279	38.9049	38.9136	38.9183	38.8691	38.8587	38.8648	38.8482	38.9195	38.9079	38.8037	38.8991	38.8466	38.8634	38.8329	38.8338	38.808	38.8117	38.8444	38.7618	38.7986	38.7841	38.7665	38.6747	38.7299	38.7274	38.6239	38.6405	38.6116	38.5564	38.5598	38.4892	38.3893	38.4109	38.3191	38.2968	38.2674	38.1989	38.1612	38.1155	38.0238	37.9023	37.9447	37.8892	37.7987	37.6878	37.6651	37.5669	37.4733	37.3153	37.2614	37.0787	36.9835	36.9133	36.7746	36.6914	36.5591	36.3279	36.2148	36.0471	35.8747	35.6787	35.5195	35.2515	35.0419	34.8084	34.5503	34.2667	34.009	33.7933	33.5155	33.2091	33.0148	32.7556	32.5218	32.2173	31.9572	31.7001	31.6119	31.3363	31.0996	30.8467	30.7182	30.5094	30.2677	30.0568	29.9349	29.7216	29.5872	29.4102	29.2615	29.1569	29.0676	29.0472	28.9335	29.0253	28.9062	28.7097	28.4486	28.6383	28.3735	28.378	28.4731	28.4055	28.4035	28.3462	28.2842	28.1499	28.1961	28.1328	27.9797	27.9877	28.0444	28.0248	28.0258	28.1133
Sin-CPnd_023-Ex1-12B-lcwgs-1-2	38.7758	39.0374	39.1386	39.2	39.2583	39.2876	39.259	39.2559	39.2992	39.2397	39.2494	39.2192	39.2391	39.2291	39.1575	39.2551	39.231	39.2537	39.2536	39.2375	39.2573	39.2356	39.2678	39.2616	39.2541	39.0336	39.0317	38.971	39.0094	38.9777	38.9993	38.9821	38.9461	38.9773	38.886	38.895	38.8829	38.8829	38.8784	38.8244	38.8285	38.8482	38.886	38.8773	38.8285	38.8686	38.8618	38.8383	38.8222	38.8094	38.774	38.776	38.7623	38.6993	38.7134	38.7182	38.6532	38.5722	38.5775	38.499	38.394	38.4053	38.3148	38.2372	38.138	38.0488	37.895	37.8614	37.6962	37.6263	37.5077	37.3807	37.3045	37.1956	37.0463	36.9252	36.8055	36.6649	36.549	36.3596	36.25	36.0735	35.942	35.7281	35.5822	35.3639	35.2363	35.0769	34.9211	34.7871	34.6014	34.4408	34.2506	34.137	33.9416	33.7727	33.6319	33.4663	33.3182	33.1238	33.0	32.7985	32.6263	32.4713	32.2293	32.0644	31.7879	31.525	31.2009	30.864	30.5684	30.3544	30.1534	29.9473	29.7856	29.6751	29.5658	29.4662	29.3281	29.2028	29.1517	29.0962	29.018	28.964	28.8675	28.8197	28.7901	28.84	28.8433	28.936	28.8679	28.7528	28.722	28.9368	28.761	28.8642	28.9304	29.0217	29.073	29.0884	29.0925	29.0576	29.2021	29.1455	29.1794	29.248	29.338	29.3793	29.48	29.5426
Sin-CPnd_024-Ex1-12C-lcwgs-1-2	38.7699	39.0164	39.1297	39.1735	39.2487	39.2804	39.2677	39.2499	39.2738	39.239	39.2377	39.2156	39.2416	39.2207	39.1736	39.2564	39.2401	39.2621	39.2536	39.2381	39.2463	39.2273	39.2409	39.2451	39.2349	39.0424	39.0166	38.9834	39.0056	38.9876	39.0045	38.9789	38.9543	38.9982	38.9614	38.9492	38.9176	38.9222	38.9375	38.9368	38.9382	38.9499	38.9405	38.9316	38.8958	38.9452	38.9312	38.8973	38.8801	38.8493	38.8095	38.7848	38.7743	38.6837	38.6916	38.6637	38.5952	38.5119	38.5039	38.426	38.3491	38.3388	38.226	38.1401	38.0375	37.9553	37.7982	37.7395	37.5985	37.563	37.459	37.3082	37.2361	37.132	36.9636	36.814	36.744	36.5952	36.5007	36.2979	36.1789	35.9843	35.783	35.5999	35.4271	35.2224	35.0326	34.8463	34.6932	34.5073	34.2576	34.1027	33.9157	33.6765	33.4881	33.3064	33.1017	32.9103	32.6964	32.5007	32.2845	32.0347	31.8625	31.6077	31.3922	31.1608	30.9006	30.641	30.3679	30.0166	29.8035	29.6088	29.3767	29.1974	29.0098	28.8438	28.7072	28.5493	28.411	28.2112	28.112	28.0404	27.9078	27.8781	27.7918	27.7102	27.6247	27.6714	27.6484	27.6767	27.6208	27.5083	27.4775	27.6313	27.4423	27.6215	27.665	27.7615	27.7736	27.8386	27.7905	27.787	27.9114	27.8549	27.9552	28.0101	28.0738	28.1819	28.2788	28.3656
Sin-CPnd_025-Ex1-3B-lcwgs-1-2	38.5189	38.9635	39.0973	39.1561	39.241	39.2731	39.2764	39.326	39.3495	39.2782	39.3097	39.2615	39.2954	39.3009	39.2017	39.3476	39.2961	39.3334	39.3341	39.2914	39.355	39.2878	39.2993	39.3387	39.3288	39.1532	39.1446	39.1339	39.1044	39.0504	39.0969	39.1112	39.0827	39.1215	39.0608	39.083	39.1132	39.0738	39.0349	39.0694	39.1198	39.0727	39.0806	39.0698	39.0038	39.0892	39.0671	39.0694	38.9899	38.9756	38.985	38.9382	38.9453	38.8512	38.8838	38.8222	38.8126	38.7037	38.7157	38.6931	38.5873	38.5608	38.5133	38.4118	38.3287	38.2045	38.0589	38.1273	38.0692	38.0014	37.8727	37.8025	37.6764	37.5622	37.4303	37.3311	37.262	37.2112	37.1316	36.9999	36.8518	36.7829	36.5218	36.4764	36.2205	36.1433	35.9509	35.8644	35.6409	35.5313	35.3748	35.1779	35.039	34.8798	34.6726	34.5194	34.2831	34.0021	33.8227	33.6993	33.4788	33.2107	33.0231	32.7726	32.5413	32.3745	32.1557	32.0143	32.0345	31.7091	31.5784	31.5139	31.4272	31.2723	31.0386	30.9202	30.7212	30.699	30.4979	30.155	30.089	30.0397	29.8216	29.8181	29.6685	29.6507	29.5994	29.632	29.6007	29.7213	29.4651	29.2039	29.2909	29.4295	29.2805	29.3382	29.2928	29.2861	29.4115	29.3334	29.4995	29.2983	29.2521	29.2196	29.2893	29.3178	29.4306	29.4135	29.4724	29.4599
Sin-CPnd_028-Ex1-12H-lcwgs-1-2	38.647	38.9445	39.0823	39.1359	39.2016	39.2385	39.2147	39.2147	39.2586	39.2251	39.2289	39.1916	39.2171	39.2125	39.1701	39.2448	39.213	39.2498	39.2591	39.2435	39.2433	39.2089	39.2417	39.2266	39.2269	39.0193	39.0063	38.9732	38.987	38.9611	38.9815	38.9613	38.9435	38.9594	38.9189	38.9209	38.9033	38.8852	38.8913	38.8913	38.8978	38.9142	38.918	38.8947	38.8397	38.88	38.8836	38.8475	38.8383	38.8094	38.7767	38.7661	38.7647	38.7134	38.7194	38.681	38.6345	38.5772	38.5551	38.5228	38.4147	38.4125	38.3415	38.2698	38.2029	38.1232	37.9669	37.9554	37.8127	37.7784	37.6952	37.5796	37.4919	37.4184	37.2608	37.1535	37.1102	36.9837	36.882	36.7048	36.6251	36.4777	36.3297	36.1913	36.0387	35.8608	35.7417	35.5834	35.4516	35.322	35.1626	35.0022	34.8717	34.7023	34.5013	34.3247	34.1865	33.9656	33.8245	33.6292	33.4444	33.2112	33.0427	32.8556	32.628	32.4947	32.271	32.1007	31.8984	31.6818	31.4857	31.349	31.1948	31.0081	30.8267	30.6953	30.5553	30.4349	30.3158	30.1261	30.0194	29.891	29.8075	29.7031	29.5732	29.4959	29.4708	29.4439	29.4011	29.476	29.4058	29.2499	29.1852	29.2899	29.1109	29.176	29.2291	29.2863	29.263	29.2727	29.2234	29.158	29.2894	29.1945	29.1786	29.1606	29.2684	29.2723	29.2964	29.3425
Sin-CPnd_029-Ex1-4D-lcwgs-1-2	38.9312	39.1763	39.2756	39.278	39.3764	39.4085	39.3269	39.3559	39.367	39.3297	39.3718	39.3602	39.3006	39.3346	39.2318	39.3752	39.3576	39.4156	39.3442	39.3081	39.3289	39.2948	39.3633	39.2709	39.3098	39.2069	39.1696	39.146	39.1193	39.162	39.1722	39.1438	39.0722	39.125	39.1005	39.1011	39.1438	39.0983	39.0385	39.1571	39.0721	39.0613	39.0673	39.0547	39.0481	39.0371	39.1331	39.0681	39.0539	38.9777	38.9376	38.8835	38.929	38.7743	38.78	38.7104	38.6174	38.5234	38.4322	38.3314	38.1463	38.0862	37.9326	37.8066	37.7412	37.5456	37.3122	37.3294	36.9963	36.889	36.7877	36.7018	36.5099	36.3213	36.0324	35.8206	35.7318	35.52	35.4318	35.0955	35.0846	34.754	34.5289	34.354	33.9827	33.8922	33.582	33.4644	33.234	33.0186	32.7803	32.523	32.4214	32.1396	31.9881	31.7398	31.7199	31.4432	31.2586	31.0963	30.819	30.5228	30.4783	30.0941	30.0464	29.8041	29.6471	29.6292	29.3124	29.0144	29.0156	29.0348	28.9637	28.8183	28.6219	28.5031	28.3572	28.2383	28.2767	28.0378	27.9312	27.9551	27.94	27.8706	27.8558	27.9062	27.9235	28.0276	28.0057	27.9852	27.9409	27.9009	27.8214	28.2235	27.9144	28.1263	28.3341	28.4166	28.4849	28.4227	28.6895	28.7192	28.8056	28.7209	29.0283	28.9953	29.1429	29.2487	29.3442	29.3667
Sin-CPnd_031-Ex1-3G-lcwgs-1-2	38.6524	38.9731	39.0569	39.1738	39.208	39.2531	39.2733	39.2403	39.2766	39.2867	39.2387	39.2759	39.2694	39.2733	39.2162	39.322	39.3056	39.3615	39.3174	39.3187	39.2916	39.2795	39.3954	39.2936	39.3592	39.163	39.1545	39.0843	39.1339	39.0771	39.0686	39.0624	39.0286	39.069	39.1218	39.0983	39.0507	39.1202	39.0827	39.0879	39.0226	39.0086	39.1019	39.0699	39.0269	39.0823	39.0657	39.0549	38.9844	38.9374	38.9159	38.9315	38.9514	38.86	38.8548	38.8078	38.7605	38.6664	38.6224	38.6423	38.528	38.5339	38.4585	38.3798	38.3681	38.2251	38.0617	38.1856	37.9084	37.9313	37.8399	37.769	37.642	37.6517	37.3993	37.3084	37.1625	37.1249	37.0427	36.869	36.7881	36.5853	36.4528	36.3797	36.1227	36.0718	35.9184	35.7754	35.5381	35.3187	35.1212	35.0033	34.9008	34.7112	34.4931	34.3038	34.0313	33.8382	33.5239	33.2588	33.0665	32.8416	32.6503	32.2961	32.1903	31.6974	31.6099	31.3846	31.2126	30.9325	30.6415	30.7278	30.3245	30.3753	30.0119	29.7374	29.8098	29.6166	29.5412	29.2108	29.172	29.0515	28.8178	28.8344	28.459	28.5018	28.4185	28.5151	28.2119	28.349	28.2393	28.081	27.986	28.0751	27.9612	27.9695	28.0578	27.8706	27.9998	27.9737	27.9341	27.753	28.1045	27.7449	27.7499	27.8502	27.8688	27.8541	27.9863	28.0317
Sin-CPnd_032-Ex1-3E-lcwgs-1-2	38.3181	38.7805	38.961	39.0202	39.0677	39.1526	39.1524	39.1616	39.2385	39.2075	39.2063	39.1898	39.1969	39.2128	39.0985	39.1779	39.2019	39.2226	39.2158	39.2394	39.2174	39.2788	39.2363	39.2013	39.228	39.0174	39.0241	38.9896	38.9741	39.0061	39.0171	38.9934	38.9409	38.9951	38.975	38.9704	38.9308	38.947	38.9159	38.9817	38.9536	38.9429	38.9968	38.9898	38.8739	38.8863	38.9296	38.9025	38.8591	38.8579	38.8226	38.8271	38.811	38.7565	38.7826	38.7472	38.7236	38.6166	38.6873	38.6454	38.5173	38.6034	38.5563	38.4857	38.4347	38.396	38.277	38.3127	38.1413	38.14	38.0607	37.9989	37.93	37.917	37.7925	37.6597	37.7085	37.5953	37.5301	37.3596	37.3344	37.2194	37.0879	36.9779	36.88	36.7075	36.5484	36.4453	36.295	36.1664	36.0214	35.8692	35.7624	35.5197	35.3064	35.0686	34.8922	34.6367	34.4444	34.1573	33.8553	33.5516	33.3567	32.9955	32.7001	32.6644	32.178	31.918	31.6794	31.2586	31.0943	30.8438	30.7322	30.5817	30.221	29.9991	29.8485	29.4983	29.338	28.9292	28.8336	28.637	28.471	28.2717	28.0751	27.9256	27.7599	27.6207	27.6054	27.5346	27.3465	27.2089	26.9188	27.0947	26.738	26.6633	26.5637	26.6749	26.6544	26.4765	26.4544	26.2687	26.3137	26.073	26.1343	26.0033	25.9488	26.0358	25.9148	25.9261
Sin-CPnd_033-Ex1-1B-lcwgs-1-2	38.7864	39.0	39.1241	39.1804	39.3078	39.2501	39.2732	39.3071	39.3562	39.2602	39.2588	39.253	39.2631	39.2941	39.0751	39.2768	39.2357	39.3555	39.3042	39.2696	39.3584	39.2822	39.2754	39.3158	39.3432	39.1938	39.1007	39.113	39.1433	39.0617	39.1101	39.2111	39.2108	39.0704	39.0401	39.1642	39.1996	39.1332	39.1057	39.1173	39.1411	39.1324	39.1844	39.2335	39.184	39.1736	39.1678	39.1628	39.048	39.0177	38.9643	38.8979	38.913	38.7921	38.8885	38.8769	38.7514	38.7604	38.5485	38.716	38.5395	38.5521	38.5514	38.4612	38.4482	38.0751	38.1299	38.0967	37.9051	37.8463	37.6211	37.668	37.4839	37.4298	37.3515	37.1407	37.1635	36.9924	37.0401	36.873	36.7246	36.5853	36.3522	36.1638	36.0902	36.0173	35.834	35.6189	35.3786	35.2891	35.1887	35.1389	35.0769	34.9329	34.7066	34.7073	34.4258	34.1718	34.2216	34.0592	33.7842	33.4832	33.5395	33.0682	33.0249	32.4879	32.131	31.8737	31.2544	30.7196	30.5078	29.9177	29.5929	29.1527	28.8769	28.939	28.6987	28.8668	28.7744	28.5471	28.734	28.5161	28.4345	28.5002	28.1934	28.2577	28.3255	28.3508	28.2562	28.6171	28.524	28.4121	28.4598	28.4829	28.389	28.5301	28.5601	28.7636	28.8979	28.991	28.9246	29.0177	29.0162	29.0271	29.0567	29.4017	29.2126	29.4966	29.4284	29.6102
Sin-CPnd_034-Ex1-3C-lcwgs-1-2	38.7402	39.0187	39.1346	39.1192	39.2419	39.2386	39.2719	39.2899	39.2952	39.2567	39.2317	39.2235	39.2598	39.2882	39.1785	39.3028	39.294	39.2887	39.2969	39.222	39.3169	39.2843	39.3303	39.2268	39.2507	39.1018	39.1108	39.0442	39.1411	39.0532	39.1036	39.0356	38.9992	39.0694	39.0558	39.0321	39.0187	39.0116	39.0595	38.9831	39.0274	39.0103	39.0751	39.004	38.9543	38.9599	39.013	39.0167	38.9497	38.9351	38.9054	38.9208	38.9073	38.9278	38.8583	38.8374	38.7878	38.7672	38.8195	38.6337	38.6279	38.614	38.6208	38.5234	38.4398	38.3713	38.2824	38.2588	38.1705	38.1176	38.0826	37.9928	37.8994	37.8527	37.7296	37.5624	37.6211	37.486	37.4077	37.2496	37.2044	37.0796	36.9013	36.8181	36.6154	36.481	36.3886	36.2977	36.1771	36.0072	35.7645	35.6701	35.5799	35.3331	35.2444	35.0144	34.9319	34.6218	34.259	34.1969	33.9811	33.6929	33.568	33.4282	33.1352	32.895	32.8001	32.6351	32.4638	32.3588	32.2747	32.0685	31.9359	31.7326	31.5772	31.3696	31.1913	31.0997	31.1116	30.6033	30.6411	30.5732	30.4994	30.2664	30.0576	30.1291	30.0234	29.9764	29.8979	29.9469	29.8625	29.7545	29.5873	29.7223	29.5438	29.619	29.5727	29.5588	29.5632	29.6263	29.52	29.5188	29.6131	29.468	29.4012	29.3743	29.41	29.451	29.4917	29.4129
Sin-CPnd_035-Ex1-12D-lcwgs-1-2	38.7534	39.0072	39.1238	39.1746	39.2499	39.2651	39.2553	39.2504	39.2787	39.2463	39.2474	39.2175	39.2353	39.2271	39.1761	39.2618	39.2541	39.2723	39.262	39.2539	39.2626	39.2384	39.2602	39.2586	39.2597	39.0645	39.0562	39.0055	39.025	39.0129	39.0306	39.0151	39.002	39.0431	38.9998	39.0074	38.9995	38.9985	39.0051	38.9934	38.9889	38.9924	38.9928	38.9733	38.9146	38.9486	38.962	38.9268	38.9033	38.8854	38.8466	38.8281	38.8375	38.7769	38.8033	38.7618	38.726	38.6566	38.6445	38.6135	38.5242	38.5191	38.4621	38.3872	38.3261	38.2482	38.0925	38.1023	37.9698	37.9404	37.8411	37.7425	37.6861	37.598	37.473	37.3313	37.2846	37.1919	37.0748	36.9299	36.822	36.6917	36.5593	36.3862	36.269	36.0822	35.9347	35.8137	35.647	35.5206	35.3311	35.1796	35.0203	34.8648	34.6821	34.4933	34.3369	34.1527	33.933	33.7809	33.5669	33.3429	33.1454	32.9415	32.7296	32.5469	32.2969	32.1513	31.8882	31.6548	31.4607	31.2649	31.1261	30.9393	30.7389	30.6009	30.4791	30.3267	30.2004	30.0082	29.9324	29.7999	29.7391	29.5915	29.4681	29.3768	29.3304	29.3084	29.2461	29.3196	29.2502	29.0992	28.9938	29.1333	28.9609	29.0299	29.0723	29.092	29.0714	29.0874	29.0174	28.943	29.0378	29.0085	28.992	28.991	29.0615	29.0524	29.11	29.1378
Sin-CPnd_038-Ex1-11C-lcwgs-1-2	38.605	38.9926	39.1218	39.1705	39.2643	39.29	39.2631	39.275	39.3089	39.276	39.2853	39.2561	39.287	39.2778	39.2027	39.3108	39.2884	39.3088	39.3095	39.2948	39.2885	39.2679	39.2999	39.2946	39.2917	39.1101	39.0967	39.0507	39.0558	39.0646	39.0666	39.0646	39.0154	39.0617	39.0323	39.0186	39.0179	39.0033	39.0178	39.0034	39.0137	39.0037	39.0124	38.9995	38.9406	38.9964	38.9913	38.968	38.9607	38.921	38.8965	38.8893	38.8729	38.8149	38.8156	38.7748	38.7262	38.6534	38.6418	38.583	38.5056	38.4794	38.406	38.3574	38.2412	38.1683	38.0202	38.0261	37.8805	37.8282	37.7241	37.6454	37.5738	37.4602	37.3354	37.1981	37.1482	37.0048	36.8954	36.7184	36.6254	36.4678	36.2872	36.1219	35.9597	35.755	35.606	35.4396	35.2659	35.1145	34.8996	34.7246	34.5538	34.3598	34.1439	33.9166	33.7873	33.5416	33.3227	33.1017	32.9056	32.6183	32.4262	32.17	31.9341	31.7299	31.5172	31.3233	31.0472	30.8089	30.6241	30.4475	30.2691	30.1352	29.9096	29.7549	29.6199	29.47	29.2986	29.0985	29.0009	28.9177	28.7953	28.6755	28.5485	28.44	28.3792	28.4	28.3189	28.4027	28.3027	28.1809	28.0515	28.257	28.0652	28.1619	28.2176	28.2554	28.2574	28.2997	28.274	28.2117	28.3206	28.3061	28.3356	28.3267	28.4734	28.5003	28.5621	28.6437
Sin-CPnd_039-Ex1-10F-lcwgs-1-2	38.7595	39.0233	39.1408	39.1827	39.2658	39.2882	39.2693	39.288	39.3028	39.273	39.2688	39.2569	39.2793	39.257	39.2094	39.2794	39.2841	39.3003	39.2994	39.2951	39.3001	39.253	39.2875	39.2896	39.2887	39.1105	39.0965	39.0561	39.0721	39.0648	39.0908	39.0746	39.0444	39.0868	39.032	39.0414	39.0239	39.0147	39.0302	39.0255	39.0299	39.031	39.0314	39.0303	38.9796	39.0241	39.0094	38.9862	38.9756	38.9414	38.9086	38.8995	38.8847	38.8176	38.8214	38.8271	38.7568	38.6859	38.6965	38.6542	38.5571	38.5722	38.4851	38.4399	38.3604	38.2844	38.1555	38.1532	38.018	37.9805	37.8963	37.8293	37.7478	37.6961	37.5568	37.4405	37.4041	37.308	37.2027	37.0622	36.9929	36.861	36.7068	36.5579	36.4341	36.2661	36.1714	35.998	35.8718	35.7539	35.5794	35.4147	35.2965	35.1398	34.9232	34.7571	34.5722	34.4196	34.2105	34.0568	33.8487	33.6011	33.4072	33.1942	33.0077	32.8264	32.5651	32.4069	32.1792	31.9449	31.7346	31.5759	31.4355	31.2539	31.0709	30.9264	30.8085	30.6489	30.4991	30.3098	30.2099	30.1295	29.9976	29.9297	29.789	29.7144	29.6373	29.6423	29.5546	29.6522	29.59	29.4321	29.3523	29.565	29.3177	29.386	29.4211	29.4655	29.4773	29.4582	29.4013	29.3327	29.4731	29.3885	29.389	29.3955	29.4778	29.462	29.5268	29.5603
Sin-CPnd_040-Ex1-11E-lcwgs-1-2	38.6435	39.0117	39.1506	39.1972	39.2796	39.3125	39.301	39.2999	39.3278	39.2966	39.2923	39.2921	39.3017	39.2907	39.242	39.3279	39.3205	39.3179	39.3308	39.3194	39.315	39.302	39.328	39.3084	39.305	39.1279	39.1254	39.0819	39.107	39.0746	39.0997	39.0762	39.0465	39.0796	39.0496	39.0555	39.0498	39.0204	39.0231	38.9846	38.9903	38.9888	39.0071	39.0082	38.9459	38.9879	38.9702	38.9586	38.9255	38.9147	38.8874	38.8822	38.8732	38.8257	38.8333	38.818	38.7583	38.6755	38.6518	38.5952	38.5002	38.4844	38.3994	38.3191	38.2238	38.1401	37.9679	37.9613	37.8216	37.7474	37.637	37.5279	37.456	37.3157	37.1798	37.0315	36.9799	36.8543	36.7121	36.5588	36.4545	36.2961	36.1097	35.9442	35.7731	35.5671	35.4631	35.3018	35.1065	34.9958	34.7972	34.6617	34.5159	34.3614	34.1687	33.9893	33.8471	33.5972	33.4297	33.2837	33.1309	32.8698	32.7211	32.5083	32.3349	32.19	31.9743	31.8934	31.7444	31.5098	31.3932	31.2838	31.2029	31.0223	30.8787	30.7473	30.6528	30.5618	30.4629	30.2362	30.1676	30.0834	30.0139	29.9283	29.8328	29.7949	29.7065	29.7393	29.7182	29.7722	29.7362	29.5666	29.5557	29.7329	29.5806	29.62	29.6994	29.735	29.7986	29.8144	29.8084	29.7556	29.8702	29.7942	29.8165	29.8523	29.9743	30.0253	30.0868	30.1435
Sin-CPnd_042-Ex1-10D-lcwgs-1-2	38.8323	39.0947	39.2045	39.2502	39.291	39.3413	39.3154	39.3113	39.3279	39.2911	39.3011	39.2838	39.2821	39.2671	39.2034	39.3174	39.3043	39.3255	39.3213	39.3008	39.3111	39.2835	39.3268	39.2979	39.3248	39.1483	39.1281	39.0796	39.1174	39.1003	39.1254	39.1205	39.0765	39.1393	39.0985	39.0897	39.1039	39.0927	39.0952	39.0707	39.0824	39.0782	39.0828	39.0527	39.0179	39.0562	39.0453	39.0294	38.9963	38.9649	38.9403	38.8996	38.8854	38.8212	38.826	38.8083	38.7617	38.6412	38.6517	38.5944	38.484	38.4594	38.3602	38.296	38.2076	38.1029	37.948	37.8874	37.7331	37.6659	37.574	37.4513	37.3688	37.2486	37.0839	36.9556	36.8697	36.7478	36.573	36.415	36.2988	36.1441	35.9618	35.7911	35.6075	35.3801	35.2356	35.057	34.9071	34.7614	34.5985	34.3829	34.2506	34.0444	33.8399	33.6959	33.5547	33.3555	33.19	33.0427	32.8929	32.6499	32.5081	32.289	32.0814	31.9137	31.6442	31.4493	31.273	30.9472	30.7966	30.5878	30.4348	30.2868	30.1067	29.9798	29.8865	29.808	29.7047	29.5279	29.4604	29.41	29.3195	29.227	29.1757	29.1258	29.0749	29.1021	28.9853	29.1128	29.0369	28.9473	28.8956	29.0935	28.8971	28.9812	29.1068	29.1576	29.1778	29.2464	29.1756	29.2021	29.2449	29.2568	29.2717	29.2873	29.43	29.5075	29.5911	29.637
Sin-CPnd_043-Ex1-1C-lcwgs-1-2	38.4586	38.8004	38.9674	39.0428	39.1507	39.1678	39.1415	39.162	39.2077	39.1518	39.162	39.1543	39.2115	39.1709	39.1091	39.2131	39.2138	39.2164	39.2109	39.2174	39.2053	39.1844	39.2144	39.2204	39.2094	38.9956	38.9817	38.9514	38.988	38.985	38.9731	39.0035	38.9455	38.9718	38.9173	38.9641	38.9544	38.9023	38.9277	38.9581	38.9471	38.923	38.9183	38.9118	38.8846	38.9196	38.9001	38.8782	38.842	38.8335	38.8077	38.8056	38.7972	38.7147	38.7753	38.7385	38.7193	38.6763	38.6602	38.6603	38.5819	38.6329	38.5696	38.513	38.4811	38.4152	38.3148	38.3609	38.2413	38.2321	38.145	38.1029	38.0436	38.0347	37.919	37.781	37.8064	37.7563	37.6502	37.5418	37.4867	37.3986	37.2757	37.1899	37.0968	36.9547	36.8528	36.7434	36.5857	36.4934	36.3368	36.1654	36.0765	35.8501	35.7249	35.5214	35.3876	35.1746	34.954	34.6906	34.4828	34.1605	33.9369	33.7515	33.4286	33.261	33.0471	32.8425	32.5803	32.4379	32.2873	32.006	31.9154	31.7524	31.4447	31.2963	31.1189	30.908	30.7855	30.5659	30.3391	30.181	30.0203	29.94	29.7157	29.6044	29.4745	29.4659	29.3927	29.3738	29.3497	29.0948	28.9894	29.0426	28.859	28.8995	28.8312	28.8525	28.857	28.8347	28.6458	28.5517	28.7047	28.5661	28.577	28.496	28.5002	28.4223	28.5419	28.5339
Sin-CPnd_044-Ex1-2C-lcwgs-1-2	38.2345	38.4639	38.5948	38.6447	38.7567	38.8457	38.6754	38.9225	38.7567	38.7675	38.6201	38.571	38.6777	38.8411	38.6105	38.7736	38.8388	38.8289	38.7882	38.693	39.0545	38.8764	38.911	38.8266	38.6416	38.3461	38.297	38.32	38.3899	38.1719	38.317	38.2993	38.2889	38.2993	38.2118	38.1481	38.2663	38.2709	38.1926	38.2456	38.1535	38.1673	38.2172	38.1704	38.0837	38.2203	38.1312	38.0821	38.0737	37.9685	38.0015	38.0023	37.9286	37.8404	37.8189	37.7859	37.7429	37.4351	37.482	37.3653	37.2272	37.2318	37.1351	36.855	36.6823	36.4068	36.449	36.4206	36.1857	36.023	35.8726	35.5725	35.3906	35.3331	35.0844	34.8304	34.8833	34.6178	34.4589	34.4117	34.1297	33.7022	33.6662	33.4996	33.145	33.1082	32.9094	32.6508	32.5284	32.3645	32.0867	31.954	31.8833	31.6002	31.3784	31.482	31.3315	30.7598	31.2617	30.792	30.6807	30.6266	30.353	30.1619	29.901	29.6907	29.6823	29.6163	29.7061	29.4436	29.1972	29.1727	28.9517	28.9954	28.7268	28.9064	29.0675	28.6738	28.7897	28.4444	28.3546	28.5618	28.363	28.6938	28.3968	28.2632	28.3975	28.3415	28.3899	28.449	28.4612	28.4605	28.4467	28.7237	28.5334	28.6209	28.6454	28.9754	28.7379	28.7586	28.9682	29.0798	29.0668	29.0829	29.3592	29.4551	29.3016	29.3085	29.5825	29.6063
Sin-CPnd_045-Ex1-11H-lcwgs-1-2	38.4991	38.8604	39.0116	39.0593	39.1572	39.1809	39.1844	39.1883	39.2239	39.1949	39.207	39.1866	39.2115	39.1957	39.1376	39.2209	39.2151	39.2357	39.2391	39.2307	39.2323	39.2063	39.2313	39.2236	39.2222	39.0087	39.0047	38.9632	38.9823	38.9656	38.983	38.9697	38.93	38.9716	38.9435	38.9384	38.9347	38.9225	38.9251	38.9266	38.9264	38.9214	38.9346	38.9111	38.8772	38.9126	38.9046	38.8876	38.8711	38.855	38.8382	38.8333	38.8301	38.7729	38.8069	38.7927	38.763	38.7084	38.7304	38.7022	38.6256	38.6505	38.6089	38.5782	38.5282	38.4896	38.3776	38.4153	38.3155	38.3054	38.2434	38.1835	38.1366	38.0895	37.9911	37.897	37.8871	37.8161	37.7334	37.624	37.5658	37.4768	37.3775	37.2599	37.1563	37.0213	36.9269	36.8127	36.7001	36.5887	36.4347	36.3044	36.1604	35.9956	35.8164	35.642	35.4643	35.2365	35.0356	34.8131	34.6026	34.3151	34.1309	33.8779	33.6463	33.4811	33.2651	33.1266	32.9548	32.7322	32.5798	32.4331	32.3065	32.1302	31.905	31.7573	31.5815	31.4534	31.2689	31.0227	30.8766	30.7412	30.6122	30.4697	30.3231	30.2037	30.1169	30.0653	29.9835	30.0327	29.9366	29.7307	29.6143	29.7337	29.4838	29.5248	29.5175	29.5359	29.5089	29.453	29.3794	29.2776	29.348	29.234	29.1654	29.1493	29.1821	29.1585	29.1724	29.1255
Sin-CPnd_049-Ex1-4C-lcwgs-1-2	38.8353	39.0725	39.1834	39.1917	39.2615	39.2982	39.2554	39.2972	39.3295	39.2826	39.2549	39.2212	39.3045	39.2453	39.196	39.2725	39.3058	39.327	39.3194	39.2922	39.3254	39.3103	39.3088	39.2861	39.2751	39.0866	39.0438	39.0599	39.1118	39.0947	39.1612	39.0821	39.0071	39.0766	39.0751	39.0615	39.065	39.002	39.0257	39.0373	39.1093	39.1073	39.063	39.0071	39.0413	39.0156	38.9768	38.9985	39.0242	38.9103	38.8514	38.7738	38.8227	38.6907	38.6947	38.6307	38.5406	38.4254	38.4297	38.3446	38.1589	38.202	37.9401	37.93	37.8191	37.735	37.5091	37.4317	37.2365	37.2307	36.9637	36.8161	36.6922	36.6418	36.5567	36.2431	36.0982	36.001	35.9023	35.6874	35.4776	35.3259	35.0408	34.8866	34.87	34.4952	34.4816	34.3441	34.2368	34.1154	33.7008	33.5516	33.4705	33.1849	33.1763	32.9421	32.8584	32.601	32.4489	32.4081	32.1073	31.8678	31.5854	31.5134	31.5814	31.1481	30.9965	30.9602	30.8428	30.5788	30.5579	30.4725	30.4378	30.1335	29.93	29.9234	29.8856	29.8771	29.4907	29.5738	29.5113	29.3169	29.3033	29.1154	29.1164	28.9244	28.994	28.9033	29.0801	29.1622	29.1602	29.1511	29.2101	29.2423	29.0428	28.8121	29.2987	29.3479	29.3972	29.4625	29.4207	29.3053	29.4156	29.5733	29.5955	29.6181	29.6131	29.7814	29.6811	29.8841
Sin-CPnd_050-Ex1-9B-lcwgs-1-2	38.8715	39.1251	39.213	39.2793	39.3477	39.3675	39.34	39.3513	39.3772	39.3248	39.3239	39.3065	39.325	39.3014	39.2291	39.3274	39.3165	39.3287	39.3421	39.3225	39.3348	39.3153	39.3474	39.3294	39.3378	39.1712	39.1595	39.1061	39.1131	39.1296	39.1462	39.1252	39.0781	39.1038	39.0269	39.0173	39.0045	38.9987	38.9799	38.9279	38.929	38.9495	38.9744	38.9818	38.9416	38.9608	38.9579	38.9545	38.9333	38.9213	38.8686	38.8631	38.8558	38.7976	38.8032	38.7751	38.7147	38.6414	38.6062	38.5398	38.432	38.3983	38.3146	38.2028	38.101	38.0022	37.817	37.8036	37.6179	37.5236	37.3755	37.2294	37.1254	37.0246	36.8703	36.7095	36.5877	36.452	36.3123	36.0895	35.9626	35.7965	35.6265	35.4108	35.2577	35.0011	34.9177	34.6766	34.5374	34.4058	34.206	34.058	33.8697	33.7356	33.5503	33.396	33.249	33.0491	32.9507	32.7858	32.6465	32.4298	32.2987	32.1393	31.9117	31.7267	31.4114	31.1501	30.8275	30.5133	30.211	30.0598	29.8417	29.7128	29.5288	29.4043	29.3269	29.2739	29.1804	29.0414	29.0191	28.984	28.9535	28.8967	28.8446	28.8145	28.7811	28.831	28.8162	28.9671	28.9109	28.832	28.8091	29.0337	28.8812	29.0286	29.1576	29.2027	29.2755	29.3184	29.3405	29.3941	29.5072	29.5066	29.5353	29.5995	29.7359	29.7872	29.9371	30.0311
Sin-CPnd_051-Ex1-12G-lcwgs-1-2	38.7902	39.0591	39.1746	39.2351	39.2711	39.3139	39.297	39.3033	39.318	39.2851	39.2732	39.2499	39.2741	39.2629	39.1783	39.2866	39.2825	39.3	39.2826	39.2804	39.2872	39.2713	39.295	39.2918	39.2905	39.1162	39.0908	39.0465	39.071	39.0533	39.0719	39.068	39.0185	39.077	39.0349	39.0401	39.0277	39.0217	39.0254	39.031	39.0197	39.0174	39.019	38.999	38.9611	38.983	38.9735	38.9609	38.9406	38.9095	38.8789	38.8408	38.8366	38.7749	38.7769	38.7418	38.7142	38.6305	38.6216	38.5548	38.4342	38.4343	38.3647	38.259	38.1672	38.0846	37.9003	37.8935	37.7369	37.6595	37.5556	37.4361	37.3461	37.2433	37.0686	36.9151	36.8492	36.7123	36.5805	36.398	36.289	36.0985	35.9216	35.7541	35.5526	35.3264	35.1767	35.0164	34.8711	34.7066	34.4779	34.345	34.1431	33.9709	33.7687	33.6017	33.4461	33.2663	33.0876	32.9171	32.7451	32.5373	32.3587	32.1688	31.9545	31.7589	31.4782	31.2488	30.989	30.6642	30.4497	30.25	30.0446	29.8998	29.6982	29.5787	29.4479	29.3608	29.2613	29.0818	29.0303	28.9471	28.8913	28.83	28.705	28.6583	28.6556	28.6625	28.6082	28.6915	28.6604	28.5539	28.4924	28.6709	28.5038	28.617	28.6881	28.7028	28.7287	28.7583	28.759	28.7303	28.8338	28.8	28.8523	28.8453	28.9872	29.0406	29.0923	29.1791
Sin-CPnd_053-Ex1-9G-lcwgs-1-2	38.8692	39.1348	39.2317	39.2796	39.3368	39.3716	39.3436	39.3512	39.3641	39.3374	39.3383	39.3229	39.3365	39.3193	39.2435	39.3437	39.3379	39.3522	39.3401	39.3298	39.3408	39.3199	39.3486	39.3387	39.3504	39.1854	39.1663	39.1265	39.1531	39.1329	39.1506	39.1439	39.1006	39.1557	39.1267	39.1181	39.1272	39.1153	39.1239	39.1217	39.1003	39.0948	39.1112	39.0835	39.0449	39.0806	39.0687	39.0471	39.0173	38.9657	38.9253	38.9024	38.8746	38.8188	38.8207	38.7897	38.7357	38.64	38.6241	38.5587	38.4131	38.3963	38.2837	38.2405	38.1259	38.0168	37.8423	37.8061	37.6236	37.5311	37.399	37.2722	37.171	37.059	36.8764	36.7264	36.6513	36.4975	36.3091	36.1235	35.9864	35.7944	35.595	35.4378	35.2195	35.0181	34.8392	34.6715	34.4683	34.3079	34.1017	33.9354	33.7726	33.5994	33.3957	33.2244	33.0742	32.8978	32.7002	32.5514	32.3966	32.2005	32.0482	31.8465	31.6342	31.4744	31.1891	30.9689	30.679	30.3945	30.1598	29.9903	29.8622	29.6601	29.4811	29.3843	29.3282	29.225	29.1549	28.9635	28.9516	28.9067	28.83	28.8004	28.6999	28.6859	28.6728	28.7096	28.6735	28.7705	28.7651	28.6815	28.6317	28.8287	28.6691	28.7593	28.8637	28.9315	28.9885	29.0761	29.0348	29.06	29.1938	29.1521	29.1994	29.2018	29.3801	29.4147	29.5499	29.6215
Sin-CPnd_058-Ex1-9D-lcwgs-1-2	38.8816	39.1242	39.1953	39.2591	39.3199	39.3393	39.3344	39.3402	39.3637	39.315	39.3201	39.3077	39.3093	39.2958	39.2542	39.3281	39.3209	39.3311	39.3365	39.3121	39.3116	39.3029	39.3196	39.3213	39.3163	39.1537	39.1402	39.1031	39.1067	39.104	39.1209	39.1197	39.0923	39.1226	39.1043	39.1073	39.1145	39.097	39.0789	39.0868	39.0982	39.0886	39.0872	39.0663	39.0222	39.0602	39.0386	39.0207	38.9777	38.9402	38.9109	38.8871	38.8618	38.8079	38.8115	38.7505	38.7058	38.609	38.5987	38.5238	38.4031	38.4035	38.3081	38.2094	38.1149	38.0216	37.8062	37.7713	37.6209	37.5299	37.3921	37.2763	37.1688	37.0599	36.9099	36.7569	36.6651	36.518	36.3609	36.1898	36.0427	35.8824	35.6599	35.5043	35.2987	35.1028	34.9301	34.7717	34.554	34.4611	34.2339	34.0482	33.8937	33.7026	33.5381	33.3343	33.2131	32.9693	32.7905	32.6685	32.5239	32.3245	32.1654	31.9667	31.7724	31.58	31.3601	31.1676	30.9445	30.6498	30.5278	30.3749	30.2652	30.0601	29.9212	29.831	29.7073	29.6933	29.5068	29.3432	29.3388	29.2752	29.2024	29.1634	29.0978	29.0304	28.9941	29.0264	28.9775	29.0831	29.0681	28.9493	28.9447	29.1256	28.9467	29.074	29.1719	29.208	29.2317	29.2958	29.2773	29.2765	29.4037	29.4004	29.3944	29.4383	29.604	29.6782	29.7578	29.822
Sin-CPnd_061-Ex1-9A-lcwgs-1-2	38.7749	39.0717	39.168	39.2267	39.2869	39.3233	39.2969	39.3003	39.3401	39.289	39.2883	39.2734	39.2947	39.2784	39.229	39.3244	39.3081	39.3167	39.318	39.2917	39.3147	39.2837	39.3215	39.304	39.3087	39.124	39.1218	39.0857	39.0926	39.0943	39.1058	39.0987	39.0655	39.1108	39.0839	39.0834	39.0818	39.08	39.074	39.0755	39.0623	39.0488	39.0598	39.044	38.9891	39.0298	39.0114	39.0084	38.9684	38.9404	38.8916	38.8567	38.8479	38.7653	38.7848	38.7624	38.6951	38.6108	38.587	38.5244	38.3762	38.3823	38.2946	38.1959	38.0908	37.9536	37.7727	37.7671	37.5908	37.5077	37.3763	37.2287	37.1518	37.0131	36.8542	36.6928	36.6001	36.4938	36.3411	36.1279	36.0121	35.8411	35.6503	35.4332	35.2455	35.0455	34.86	34.7118	34.522	34.3669	34.1126	33.9425	33.7726	33.5557	33.299	33.1298	32.9095	32.7165	32.4599	32.2559	32.0935	31.8462	31.6383	31.3999	31.1645	30.9666	30.651	30.4424	30.2243	29.8895	29.6642	29.4924	29.3211	29.1193	28.9681	28.7974	28.6804	28.5401	28.4085	28.1887	28.0774	28.0378	27.8784	27.7824	27.6815	27.6496	27.568	27.5521	27.5254	27.6161	27.5547	27.3924	27.3618	27.5019	27.2784	27.4229	27.4862	27.5728	27.6166	27.6519	27.6439	27.5617	27.7014	27.6835	27.7574	27.7407	27.8531	27.9784	28.0385	28.1294
Sin-CPnd_062-Ex1-11D-lcwgs-1-2	38.6899	39.032	39.1602	39.202	39.2861	39.3185	39.2926	39.3003	39.3291	39.2953	39.2897	39.2987	39.3041	39.2809	39.2412	39.3039	39.3159	39.3306	39.3208	39.3061	39.3003	39.2986	39.3213	39.307	39.3005	39.1269	39.1196	39.0834	39.0869	39.0803	39.102	39.0923	39.0518	39.1047	39.074	39.0724	39.0703	39.0776	39.0778	39.062	39.0543	39.0516	39.0534	39.0365	38.9953	39.0321	39.0203	38.9923	38.9797	38.9393	38.9158	38.8976	38.9042	38.8445	38.8793	38.8378	38.7813	38.6914	38.7019	38.6473	38.5323	38.5202	38.4486	38.3804	38.2858	38.2105	38.059	38.0334	37.8834	37.8385	37.7482	37.6269	37.5247	37.4227	37.2746	37.1309	37.1094	36.9282	36.8356	36.6448	36.5451	36.3746	36.1908	36.064	35.8856	35.6609	35.5501	35.3695	35.2027	35.0753	34.8718	34.7234	34.5384	34.34	34.1996	33.9901	33.827	33.6074	33.4165	33.2821	33.0839	32.8654	32.7073	32.4813	32.2952	32.1034	31.8953	31.7531	31.5934	31.3789	31.2244	31.069	30.9816	30.8417	30.6456	30.5368	30.4132	30.273	30.1815	29.987	29.9077	29.8849	29.753	29.6735	29.5347	29.4668	29.4356	29.4245	29.3397	29.4378	29.3898	29.2409	29.1441	29.3222	29.1348	29.2366	29.2738	29.3003	29.3822	29.3107	29.2941	29.2773	29.3688	29.3543	29.3678	29.3687	29.5037	29.5117	29.5439	29.6269
Sin-CPnd_063-Ex1-9F-lcwgs-1-2	38.878	39.1432	39.2362	39.2785	39.332	39.371	39.3645	39.3542	39.3803	39.3461	39.3339	39.3152	39.3404	39.3329	39.2635	39.3541	39.3442	39.3582	39.3552	39.3435	39.3462	39.3108	39.3574	39.3385	39.342	39.1733	39.1714	39.1213	39.1536	39.1309	39.1451	39.1357	39.0912	39.1446	39.1173	39.1034	39.0938	39.0626	39.0851	39.0975	39.1045	39.1003	39.1044	39.0793	39.0423	39.075	39.0727	39.0319	39.0121	38.9899	38.9351	38.9129	38.8881	38.8226	38.8076	38.7724	38.6973	38.6217	38.5989	38.547	38.426	38.4012	38.2863	38.2318	38.0943	38.0058	37.8459	37.8263	37.6409	37.5688	37.4551	37.3462	37.256	37.1316	36.9931	36.8471	36.7884	36.6457	36.4979	36.3276	36.1678	36.036	35.8439	35.6636	35.5001	35.3135	35.1515	34.9774	34.823	34.6573	34.4517	34.3099	34.176	33.9923	33.804	33.6532	33.5089	33.3069	33.1024	32.9552	32.7821	32.5466	32.4488	32.2508	32.0683	31.9108	31.6458	31.4955	31.2381	30.995	30.8304	30.6627	30.514	30.3755	30.2339	30.1345	30.0142	29.9325	29.8472	29.674	29.5991	29.5884	29.5024	29.4553	29.4009	29.3648	29.3313	29.3471	29.3246	29.4429	29.4025	29.2962	29.275	29.4696	29.3113	29.4477	29.5191	29.6196	29.7023	29.7098	29.67	29.7069	29.8385	29.8203	29.8257	29.8826	30.0577	30.0607	30.1758	30.2743
Sin-CPnd_065-Ex1-11B-lcwgs-1-2	38.7569	39.0977	39.208	39.2457	39.3239	39.3344	39.3112	39.3235	39.3524	39.3181	39.3143	39.2831	39.3097	39.2921	39.2315	39.3201	39.3114	39.3237	39.3332	39.3155	39.322	39.3081	39.324	39.3197	39.3167	39.1496	39.1422	39.0795	39.0913	39.0891	39.1044	39.1043	39.0631	39.0856	39.0216	39.0013	38.9847	38.9821	38.9751	38.9454	38.9475	38.9635	38.993	38.9956	38.9506	38.9981	38.986	38.9737	38.9363	38.9356	38.9029	38.9046	38.9065	38.8416	38.8438	38.8336	38.7845	38.6976	38.6896	38.6267	38.5195	38.5122	38.4431	38.3627	38.2482	38.1812	38.0207	37.998	37.8233	37.7821	37.6703	37.5435	37.4382	37.3543	37.1917	37.0601	36.9833	36.8245	36.6993	36.5351	36.4003	36.2383	36.0514	35.9	35.7217	35.5274	35.3522	35.2346	35.0667	34.9265	34.7253	34.602	34.4345	34.2683	34.0916	33.9332	33.7713	33.584	33.4176	33.2847	33.1504	32.9485	32.7746	32.5831	32.3319	32.1496	31.925	31.7108	31.462	31.1215	30.937	30.7387	30.5756	30.4379	30.2438	30.1399	30.0611	29.9775	29.8808	29.6946	29.6313	29.545	29.5164	29.451	29.3386	29.3374	29.2837	29.3073	29.2542	29.358	29.3297	29.2323	29.2147	29.351	29.2105	29.3278	29.408	29.4773	29.5172	29.5248	29.5212	29.5092	29.6308	29.5883	29.6168	29.6474	29.7863	29.8386	29.9271	29.9558
Sin-CPnd_067-Ex1-9C-lcwgs-1-2	38.8445	39.1145	39.2208	39.2586	39.3056	39.3514	39.3117	39.3267	39.3489	39.3075	39.3102	39.2896	39.3088	39.2955	39.2169	39.3292	39.3089	39.3282	39.3243	39.3003	39.3203	39.2974	39.3392	39.3093	39.3087	39.1512	39.1292	39.0935	39.1224	39.104	39.1191	39.1039	39.0712	39.1218	39.0802	39.0476	39.0392	39.0533	39.0302	39.0367	39.0463	39.0483	39.0587	39.0424	38.9984	39.0348	39.0252	39.0153	39.0028	38.9565	38.9011	38.8865	38.8678	38.7856	38.7782	38.7474	38.693	38.5951	38.5726	38.5064	38.3939	38.3727	38.278	38.2136	38.1023	37.9963	37.8359	37.845	37.6784	37.5833	37.4662	37.3401	37.268	37.1475	36.9988	36.847	36.7933	36.6361	36.4954	36.3146	36.1962	36.0106	35.8029	35.6078	35.4055	35.2059	35.0308	34.8338	34.6709	34.5205	34.2522	34.0512	33.9148	33.7391	33.4991	33.3074	33.1246	32.9028	32.698	32.502	32.2988	32.0227	31.8511	31.6274	31.3743	31.1406	30.8656	30.6819	30.3918	30.078	29.8436	29.6548	29.4164	29.2558	29.0694	28.907	28.7675	28.67	28.578	28.3448	28.2667	28.2096	28.0868	28.0313	27.9599	27.8401	27.7876	27.7998	27.7505	27.9206	27.8476	27.7874	27.6998	27.8884	27.7134	27.8076	27.9436	28.0225	28.0568	28.1397	28.1005	28.0855	28.2159	28.2227	28.3069	28.3182	28.4909	28.5643	28.6811	28.8003
Sin-CPnd_074-Ex1-12A-lcwgs-1-2	38.7214	39.0109	39.1066	39.1647	39.2279	39.2513	39.2401	39.2466	39.2732	39.2484	39.2333	39.2131	39.225	39.2157	39.1675	39.2619	39.2514	39.2619	39.2657	39.2454	39.2469	39.2314	39.2486	39.2491	39.2437	39.0388	39.0416	38.9856	39.0094	38.9977	39.0123	38.9974	38.9708	39.0149	38.9841	38.9988	38.9781	38.9922	38.9723	38.9782	38.996	38.9745	38.9725	38.9439	38.9071	38.9353	38.9297	38.8935	38.8691	38.844	38.8122	38.788	38.754	38.7088	38.7168	38.6952	38.6222	38.5226	38.5013	38.4394	38.3572	38.3454	38.2506	38.1614	38.0681	37.975	37.8053	37.7823	37.6131	37.526	37.4265	37.2746	37.1831	37.0653	36.8981	36.755	36.6618	36.548	36.3856	36.181	36.0725	35.8993	35.7337	35.5161	35.3556	35.1161	34.9698	34.7602	34.5981	34.4528	34.2213	34.0432	33.8463	33.6339	33.403	33.2025	33.0625	32.7745	32.5853	32.3989	32.1903	31.9086	31.7206	31.4962	31.2408	30.9895	30.7595	30.5308	30.2625	29.9294	29.7377	29.5287	29.3351	29.1035	28.9051	28.7783	28.6554	28.4961	28.3466	28.125	28.0541	27.8723	27.7747	27.7289	27.58	27.5073	27.4209	27.4082	27.3394	27.3832	27.3323	27.1966	27.1176	27.2952	27.0962	27.1678	27.1959	27.286	27.3532	27.3535	27.3114	27.3021	27.4129	27.3432	27.4012	27.3776	27.5623	27.6374	27.6665	27.7888
Sin-CPnd_075-Ex1-11G-lcwgs-1-2	38.7451	39.0677	39.1943	39.2391	39.3136	39.3448	39.3269	39.3371	39.3729	39.3223	39.3091	39.3057	39.3196	39.3152	39.2463	39.3312	39.3318	39.3458	39.3394	39.3292	39.3371	39.3238	39.33	39.3392	39.3296	39.1647	39.1597	39.1038	39.1138	39.1073	39.1296	39.1273	39.0759	39.1333	39.1012	39.1014	39.1026	39.0965	39.1004	39.0909	39.0836	39.0848	39.0886	39.0624	39.0335	39.0708	39.0539	39.0366	39.0173	38.9735	38.9421	38.9174	38.9078	38.8479	38.8641	38.8428	38.774	38.6944	38.6924	38.6258	38.5183	38.5069	38.4275	38.3673	38.2661	38.1676	38.0145	37.9777	37.8206	37.7428	37.6368	37.5423	37.4394	37.334	37.1601	37.0067	36.9186	36.7858	36.6598	36.4855	36.3498	36.1836	35.9869	35.815	35.6391	35.4216	35.2425	35.0925	34.915	34.7725	34.5416	34.3922	34.2282	34.0305	33.8606	33.6648	33.4937	33.3141	33.1006	32.9481	32.7862	32.5673	32.3969	32.1755	31.9732	31.7954	31.5614	31.3835	31.1258	30.8583	30.696	30.5093	30.4001	30.2352	30.0635	29.9466	29.8541	29.7511	29.674	29.4828	29.4171	29.3599	29.2944	29.2059	29.0748	29.0876	29.0264	29.0237	29.033	29.0604	29.031	28.9282	28.8846	29.0738	28.8719	28.9773	29.0634	29.0954	29.1564	29.1431	29.1522	29.1237	29.2036	29.1903	29.1767	29.2331	29.3475	29.4282	29.4948	29.5518
Sin-CPnd_076-Ex1-10E-lcwgs-1-2	38.8454	39.0559	39.1666	39.1987	39.2666	39.2981	39.2751	39.2869	39.3059	39.279	39.2779	39.2691	39.2864	39.2566	39.2111	39.3016	39.291	39.3065	39.3161	39.2879	39.2916	39.2742	39.3111	39.2912	39.2874	39.1124	39.096	39.0599	39.0843	39.0653	39.0892	39.0746	39.0313	39.0833	39.0501	39.0447	39.0431	39.0245	39.0139	38.9781	38.9548	38.9606	38.9884	38.9708	38.9238	38.9631	38.95	38.9352	38.9215	38.8894	38.9027	38.8812	38.8775	38.8104	38.8405	38.8252	38.7856	38.7123	38.7113	38.6735	38.5655	38.5699	38.5049	38.4409	38.368	38.2997	38.1423	38.1464	38.0251	37.9712	37.8816	37.7869	37.7172	37.6364	37.5025	37.3783	37.3211	37.2215	37.078	36.958	36.8542	36.7076	36.567	36.4174	36.2585	36.0993	35.9643	35.8296	35.6917	35.5661	35.3489	35.2302	35.0692	34.931	34.7088	34.5672	34.375	34.1972	33.9925	33.7944	33.6211	33.404	33.228	32.9981	32.8049	32.6717	32.4407	32.2663	32.0585	31.8284	31.6722	31.5368	31.4174	31.2843	31.0934	31.0043	30.8515	30.7408	30.6306	30.4406	30.3229	30.2559	30.159	30.0856	29.9614	29.8672	29.8186	29.8594	29.7959	29.8948	29.7814	29.6494	29.6054	29.7649	29.5925	29.6494	29.6857	29.6894	29.7216	29.7296	29.7143	29.6589	29.7548	29.6978	29.6757	29.712	29.7873	29.7698	29.8852	29.8702
Sin-CPnd_079-Ex1-9H-lcwgs-1-2	38.7827	39.0827	39.1908	39.2409	39.3122	39.3377	39.3181	39.3215	39.3586	39.3042	39.3004	39.2975	39.307	39.2984	39.2112	39.316	39.301	39.333	39.3116	39.2957	39.3124	39.3013	39.3216	39.3068	39.2959	39.1495	39.1282	39.0776	39.0967	39.0742	39.0898	39.0893	39.0579	39.0707	39.0485	39.0235	39.0076	38.9854	38.9883	38.9915	38.999	39.015	39.0277	39.0132	38.9694	38.9961	38.9939	38.9722	38.9446	38.9047	38.8808	38.8628	38.8399	38.7646	38.7835	38.7261	38.671	38.5887	38.5525	38.4986	38.3695	38.3587	38.2509	38.1449	38.0628	37.929	37.7383	37.7085	37.5092	37.4366	37.3385	37.1975	37.0986	36.9613	36.783	36.6287	36.5321	36.3982	36.2451	36.0625	35.9382	35.731	35.5392	35.335	35.1735	34.9698	34.815	34.629	34.4906	34.3694	34.1352	34.0036	33.8501	33.7193	33.5165	33.3377	33.2297	32.9915	32.8419	32.6995	32.5369	32.3383	32.2196	32.0151	31.8199	31.6592	31.48	31.3072	31.1276	30.8774	30.7888	30.6705	30.5076	30.3482	30.2341	30.158	30.0452	29.9763	29.8537	29.715	29.6789	29.6125	29.5409	29.4841	29.4225	29.3998	29.3617	29.3928	29.3395	29.4345	29.4604	29.3113	29.3237	29.5177	29.3156	29.4668	29.498	29.6151	29.6519	29.6662	29.6585	29.7029	29.8459	29.8095	29.8168	29.8757	29.9894	30.0902	30.169	30.2491
Sin-CPnd_080-Ex1-2E-lcwgs-1-2	38.627	38.9442	39.0761	39.1361	39.2212	39.149	39.2337	39.2086	39.2687	39.2378	39.2859	39.2545	39.2876	39.1753	39.1738	39.2726	39.28	39.2667	39.2652	39.3018	39.2737	39.2941	39.283	39.196	39.27	39.1242	39.1024	39.0709	39.0484	39.0669	39.0358	39.0473	38.9061	39.048	38.9518	38.9951	38.9644	39.0117	39.0238	39.0306	38.9895	39.0782	38.9296	39.0332	38.9342	38.9218	39.0088	38.9311	38.9444	38.9503	38.9241	38.8576	38.8145	38.8369	38.7909	38.8049	38.772	38.7629	38.7935	38.685	38.6221	38.5835	38.5641	38.5748	38.4038	38.4309	38.2644	38.3032	38.1896	38.0686	38.0117	37.924	37.8331	37.8189	37.7762	37.514	37.5558	37.4911	37.3505	37.2667	37.1374	37.1377	36.9265	36.9128	36.6823	36.4877	36.5598	36.3271	36.0969	36.0958	35.8157	35.6422	35.4839	35.2448	35.0598	34.851	34.799	34.5074	34.3169	34.002	33.6628	33.3951	33.3383	32.8514	32.6812	32.4592	32.1193	31.8128	31.371	31.1483	30.7163	30.5977	30.395	30.3076	30.0649	29.7264	29.3745	29.3238	29.0848	28.7422	28.5372	28.4118	28.2568	28.1406	28.0337	27.6148	27.6056	27.4498	27.5401	27.509	27.2208	27.0195	26.9211	27.0014	26.6751	26.8025	26.7072	26.4216	26.4808	26.4891	26.3768	26.0845	26.439	26.123	26.0387	25.9454	26.1404	25.9911	26.0538	25.891
Sin-CPnd_081-Ex1-10G-lcwgs-1-2	38.7815	39.0535	39.1643	39.2053	39.265	39.315	39.2791	39.2992	39.3278	39.2758	39.2751	39.266	39.2877	39.2694	39.1995	39.3025	39.2855	39.3104	39.3059	39.3016	39.3127	39.2742	39.3186	39.2977	39.2928	39.132	39.1192	39.0821	39.0982	39.0881	39.1087	39.0894	39.0573	39.1059	39.0661	39.0606	39.0671	39.0576	39.0689	39.0518	39.0549	39.052	39.0556	39.0287	38.9902	39.03	39.0087	38.9922	38.9794	38.9464	38.9099	38.8793	38.8806	38.8222	38.8379	38.8203	38.7731	38.6945	38.6935	38.6519	38.5438	38.5328	38.4715	38.4041	38.3231	38.2538	38.0881	38.0967	37.9316	37.8921	37.8073	37.677	37.6012	37.5166	37.3709	37.2518	37.171	37.0451	36.931	36.7719	36.6851	36.5293	36.3598	36.1929	36.0223	35.8623	35.7281	35.5783	35.4038	35.2691	35.0637	34.9171	34.7682	34.5996	34.3897	34.2393	34.0614	33.8495	33.6786	33.5126	33.3443	33.0872	32.9137	32.698	32.4941	32.2963	32.0474	31.8292	31.5574	31.2902	31.0769	30.889	30.7205	30.5152	30.3705	30.212	30.0923	29.9528	29.8277	29.6313	29.5727	29.4887	29.4067	29.3337	29.207	29.1564	29.0689	29.0682	29.0188	29.1388	29.0541	28.8833	28.8331	28.9686	28.7903	28.901	28.9313	28.9806	29.0384	29.0078	28.9798	28.9306	29.0657	28.9736	28.9885	28.9888	29.1016	29.114	29.2119	29.2173
Sin-CPnd_085-Ex1-4H-lcwgs-1-2	38.2499	38.7266	38.9064	38.9803	39.0857	39.1152	39.1113	39.1153	39.1473	39.1129	39.1307	39.1204	39.1569	39.1262	39.0629	39.163	39.1668	39.1667	39.1853	39.1731	39.1796	39.1477	39.181	39.1768	39.1714	38.9465	38.9273	38.9024	38.9224	38.8957	38.9101	38.9155	38.8549	38.9135	38.8803	38.887	38.8784	38.8689	38.8755	38.8524	38.863	38.8635	38.8613	38.8405	38.8016	38.8319	38.834	38.8306	38.8066	38.7929	38.7571	38.7599	38.7488	38.6927	38.7379	38.7231	38.7239	38.6424	38.6688	38.6664	38.5809	38.6235	38.6101	38.5672	38.5489	38.5022	38.4222	38.4632	38.3917	38.3727	38.3406	38.2917	38.2572	38.1998	38.1411	38.0663	38.0493	38.0319	37.9478	37.8474	37.8276	37.7753	37.6585	37.5969	37.5043	37.3545	37.3015	37.1905	37.12	36.9757	36.8292	36.7228	36.5854	36.4075	36.2308	36.0809	35.8799	35.6452	35.3983	35.1595	34.9062	34.614	34.3769	34.1413	33.8689	33.6824	33.3987	33.2419	32.9961	32.7533	32.5668	32.397	32.2361	32.0227	31.7366	31.5928	31.3973	31.2417	30.984	30.7108	30.5525	30.3676	30.2249	30.0217	29.9317	29.7299	29.6632	29.5759	29.4665	29.5284	29.3616	29.1554	28.9804	29.1552	28.7858	28.8669	28.8396	28.7896	28.824	28.769	28.6477	28.5041	28.5851	28.408	28.3079	28.2825	28.3593	28.2476	28.3044	28.2048
Sin-CPnd_088-Ex1-2D-lcwgs-1-2	38.5611	38.7387	38.8284	38.7949	38.9537	39.0287	38.9802	38.9421	39.1009	38.9411	39.0801	38.9443	39.0367	38.9802	38.8559	38.985	39.0024	39.0579	39.0956	39.0328	39.1303	39.0167	39.014	39.0077	39.0516	38.6197	38.5816	38.5569	38.6173	38.6313	38.6115	38.5063	38.5053	38.6134	38.5608	38.5695	38.5333	38.5796	38.4542	38.5251	38.5203	38.5439	38.6129	38.5405	38.4976	38.5309	38.4802	38.5092	38.4575	38.389	38.3895	38.4286	38.3962	38.2531	38.2403	38.1207	38.0005	37.9527	37.8427	37.7391	37.596	37.5034	37.3074	37.1414	37.0068	36.8359	36.604	36.5502	36.4969	36.1129	35.9069	35.6892	35.4899	35.3552	35.1402	35.0767	34.8205	34.5907	34.4841	34.1173	34.1631	33.9025	33.7799	33.4942	33.1993	33.0372	32.6612	32.3707	32.1436	31.9537	31.8924	31.6327	31.5121	31.2867	30.9315	30.8284	30.6236	30.4054	30.2177	29.9556	29.8234	29.6245	29.4846	29.3016	29.0656	29.0968	28.8019	28.6308	28.4585	28.3446	28.3101	27.9247	27.9754	27.8726	27.7954	27.6057	27.4783	27.5381	27.5309	27.251	27.235	27.2259	27.2264	27.2987	27.1882	27.0555	26.9947	27.0125	27.264	27.4213	27.2056	27.4295	27.3113	27.2939	27.3016	27.5326	27.6607	27.9213	28.1836	28.1537	28.0688	28.3219	28.4691	28.3301	28.5847	28.6347	28.9184	28.9336	28.9416	29.4165
Sin-CPnd_089-Ex1-9E-lcwgs-1-2	38.7867	39.0556	39.1718	39.2171	39.2791	39.3157	39.3049	39.3074	39.3279	39.2927	39.2943	39.2738	39.2807	39.2823	39.2198	39.3207	39.3053	39.3166	39.3259	39.298	39.3105	39.2948	39.312	39.3097	39.294	39.1215	39.1156	39.0715	39.1005	39.0743	39.0865	39.0858	39.0424	39.069	39.049	39.0451	39.0426	39.0205	39.0087	38.9589	38.9453	38.9496	38.9719	38.9539	38.9022	38.9393	38.9277	38.9223	38.8997	38.8822	38.8655	38.8499	38.8504	38.7705	38.7989	38.77	38.725	38.6283	38.638	38.5849	38.4446	38.4494	38.3803	38.2807	38.1985	38.1079	37.9514	37.9235	37.7955	37.7366	37.6254	37.5184	37.4352	37.3259	37.1841	37.0377	36.9802	36.839	36.727	36.5606	36.4517	36.3188	36.1558	35.9802	35.8146	35.6126	35.4951	35.3334	35.1828	35.0275	34.8815	34.7331	34.5428	34.3859	34.235	34.0484	33.8974	33.6906	33.5118	33.3335	33.1929	32.9568	32.8116	32.6223	32.3902	32.223	32.0137	31.8638	31.6829	31.4047	31.2617	31.1098	30.9917	30.8423	30.6583	30.5727	30.4519	30.3895	30.2526	30.0597	29.9777	29.9392	29.8475	29.7679	29.6769	29.6149	29.5887	29.603	29.61	29.6757	29.6013	29.4775	29.437	29.6244	29.4601	29.5535	29.612	29.6643	29.6867	29.7296	29.6926	29.6587	29.7895	29.7603	29.7515	29.7877	29.9048	29.9259	30.0494	30.0529
Sin-CPnd_090-Ex1-12F-lcwgs-1-2	38.2824	38.7542	38.9458	38.9982	39.101	39.1392	39.1318	39.1436	39.1782	39.1456	39.1615	39.1438	39.1564	39.1486	39.0894	39.1785	39.1761	39.1857	39.1886	39.1723	39.1926	39.1616	39.1776	39.174	39.1662	38.937	38.9302	38.8936	38.9107	38.8956	38.9121	38.9014	38.8621	38.8998	38.8661	38.8584	38.8556	38.8497	38.8542	38.8532	38.8509	38.8475	38.8592	38.8368	38.7994	38.8338	38.8327	38.8112	38.7944	38.7791	38.7539	38.7555	38.7614	38.7028	38.7257	38.7229	38.6983	38.6435	38.6801	38.6676	38.5872	38.6248	38.5901	38.5694	38.5318	38.5063	38.4026	38.4488	38.3654	38.3753	38.3295	38.2762	38.2468	38.221	38.1382	38.06	38.0668	38.011	37.9493	37.865	37.8232	37.7568	37.6721	37.5727	37.4838	37.3761	37.2926	37.2017	37.0973	36.9892	36.8468	36.7201	36.5922	36.4357	36.2562	36.0823	35.9181	35.6729	35.4529	35.2359	35.0053	34.7015	34.4953	34.2233	33.9664	33.768	33.5147	33.3444	33.1208	32.8769	32.7063	32.516	32.3468	32.1276	31.8878	31.6952	31.5015	31.3279	31.1267	30.8595	30.671	30.4973	30.3516	30.1981	29.9954	29.8375	29.7403	29.6799	29.5625	29.6168	29.4974	29.2276	29.0966	29.2187	28.9094	28.9517	28.942	28.9239	28.892	28.8185	28.7238	28.5968	28.6752	28.5112	28.4364	28.3889	28.4258	28.3617	28.3784	28.3288
Sin-CPnd_092-Ex1-11F-lcwgs-1-2	38.7842	39.1057	39.2141	39.2708	39.3335	39.365	39.3287	39.3509	39.3703	39.3409	39.3284	39.3162	39.3422	39.3381	39.2633	39.3605	39.3424	39.3581	39.3621	39.3507	39.3507	39.3268	39.3502	39.354	39.3401	39.1682	39.1672	39.1135	39.1408	39.1306	39.1325	39.1189	39.0919	39.14	39.1039	39.103	39.0995	39.0693	39.0863	39.0941	39.0917	39.091	39.1058	39.0894	39.0248	39.078	39.0704	39.0433	39.0254	38.9911	38.9487	38.9498	38.9076	38.8674	38.8583	38.8315	38.7717	38.6699	38.6599	38.602	38.4997	38.4775	38.3916	38.3246	38.2226	38.1245	37.967	37.9648	37.7921	37.7047	37.5988	37.5013	37.4538	37.3267	37.1634	37.0205	36.9703	36.8435	36.6919	36.5446	36.4292	36.2329	36.0872	35.8866	35.7312	35.5319	35.4098	35.2286	35.0498	34.9228	34.7103	34.5388	34.396	34.2202	34.0361	33.8803	33.7233	33.5419	33.3477	33.1916	32.9967	32.7845	32.624	32.4025	32.2446	32.109	31.866	31.7269	31.5559	31.3663	31.2202	31.1114	30.99	30.8616	30.6963	30.6082	30.4727	30.3953	30.2819	30.1167	30.0204	29.9488	29.8697	29.8569	29.7332	29.6644	29.6204	29.624	29.633	29.6888	29.6629	29.5396	29.4991	29.7065	29.4939	29.5774	29.6798	29.7235	29.7637	29.8021	29.8173	29.7591	29.9075	29.8764	29.8878	29.9383	30.0443	30.0728	30.1872	30.2457
Sin-CPnd_093-Ex1-10C-lcwgs-1-2	38.705	39.0016	39.1047	39.159	39.2441	39.2712	39.2557	39.2538	39.2856	39.2493	39.2465	39.2265	39.2556	39.251	39.1796	39.2683	39.2644	39.2938	39.2692	39.2702	39.2777	39.2653	39.2743	39.2726	39.2709	39.1043	39.0853	39.0391	39.0578	39.0448	39.0563	39.0441	39.0295	39.0752	39.0331	39.0317	38.9981	39.0043	38.9927	39.0004	39.0162	38.9877	39.0165	38.994	38.952	38.9858	38.9873	38.9777	38.9482	38.9318	38.8857	38.8848	38.8636	38.777	38.805	38.7892	38.7293	38.6533	38.6414	38.6284	38.5312	38.5119	38.4431	38.3765	38.3163	38.2087	38.1048	38.1349	37.9756	37.9239	37.8455	37.7332	37.6845	37.5918	37.4687	37.3516	37.2976	37.1888	37.0922	36.8903	36.7971	36.6925	36.5214	36.3582	36.2121	36.0292	35.8581	35.7123	35.5698	35.417	35.2056	35.0762	34.9115	34.717	34.5338	34.3064	34.1653	33.9052	33.7308	33.5178	33.32	32.9796	32.7989	32.5506	32.3074	32.1339	31.8203	31.5905	31.3868	31.0801	30.8551	30.615	30.4571	30.2601	30.0516	29.8926	29.7461	29.5246	29.4203	29.1994	29.0886	29.0178	28.8681	28.7775	28.6546	28.495	28.4628	28.4179	28.3565	28.4094	28.3467	28.1796	28.0835	28.2716	28.0677	28.1066	28.1974	28.2659	28.2519	28.2713	28.2082	28.1988	28.2679	28.2046	28.2475	28.1774	28.3586	28.3413	28.4028	28.485
Sin-CPnd_094-Ex1-3H-lcwgs-1-2	38.1859	38.6995	38.9006	38.9632	39.0733	39.1146	39.1117	39.1277	39.1614	39.1221	39.15	39.1362	39.1572	39.1451	39.0871	39.1864	39.1762	39.1855	39.1933	39.1835	39.1914	39.1692	39.1976	39.1851	39.1922	38.9638	38.9615	38.9143	38.9456	38.9269	38.9464	38.9328	38.9001	38.9324	38.9219	38.9057	38.9097	38.8982	38.9087	38.8966	38.9015	38.8917	38.909	38.8767	38.8443	38.8826	38.8917	38.869	38.8489	38.8424	38.826	38.8322	38.8348	38.7944	38.8338	38.8117	38.8084	38.7642	38.7934	38.7884	38.7239	38.7643	38.744	38.7316	38.7138	38.6826	38.601	38.665	38.5956	38.6005	38.5671	38.5244	38.5023	38.4811	38.4155	38.3324	38.3473	38.3118	38.2622	38.1812	38.1517	38.0974	38.0378	37.9456	37.8784	37.7547	37.6895	37.5884	37.4939	37.394	37.2486	37.1168	36.9849	36.8251	36.6345	36.4759	36.2669	36.0113	35.7888	35.5522	35.3093	34.9999	34.7654	34.4756	34.2188	34.0041	33.7669	33.5882	33.3716	33.1459	32.9666	32.7636	32.6365	32.4247	32.1726	31.9676	31.7656	31.566	31.3865	31.0806	30.8848	30.7054	30.54	30.3925	30.1951	30.035	29.9339	29.8369	29.7552	29.765	29.6577	29.3745	29.2337	29.3663	29.0613	29.0836	29.0286	29.0558	28.9985	28.9094	28.7823	28.6667	28.7322	28.5587	28.4779	28.4177	28.4161	28.3597	28.3917	28.2748
Sin-CPnd_095-Ex1-2B-lcwgs-1-2	38.8724	39.0192	39.1579	39.1903	39.2812	39.2602	39.2559	39.266	39.2879	39.274	39.2767	39.243	39.2699	39.2454	39.1684	39.2711	39.2977	39.3008	39.2922	39.299	39.3003	39.2363	39.2626	39.26	39.2758	39.0541	39.065	39.0266	39.0419	39.0561	39.0572	39.0493	38.9931	39.0242	39.012	39.0093	39.0078	38.9996	39.0145	39.0001	38.9772	38.9695	38.9906	38.9556	38.9234	38.9523	38.9483	38.9028	38.8813	38.8609	38.8317	38.7992	38.7756	38.7145	38.7159	38.6614	38.6179	38.5007	38.4767	38.4312	38.319	38.3129	38.2035	38.1592	38.0364	37.9578	37.7767	37.7902	37.6172	37.5447	37.4375	37.3493	37.264	37.1642	37.0127	36.8719	36.8222	36.6717	36.5414	36.4229	36.2737	36.1113	35.9617	35.7486	35.589	35.4346	35.2751	35.0817	34.9569	34.8284	34.638	34.4565	34.3171	34.1052	33.9526	33.7418	33.5489	33.2997	33.1472	32.9851	32.7715	32.5051	32.3489	32.1438	31.9317	31.8452	31.6266	31.5688	31.4337	31.2701	31.1218	31.0201	30.9254	30.8287	30.6377	30.5427	30.4114	30.3004	30.1906	30.0025	29.9044	29.8275	29.698	29.6308	29.5756	29.4477	29.3966	29.4238	29.4051	29.4767	29.4338	29.3029	29.2157	29.4228	29.2376	29.3078	29.3366	29.3568	29.458	29.4052	29.3356	29.3242	29.4331	29.3664	29.3193	29.3592	29.4984	29.5246	29.5821	29.6087
Undetermined	37.2176	37.5531	37.7375	37.749	37.964	38.0319	37.9217	37.9366	38.0437	37.9303	38.023	37.8514	38.0145	37.9168	37.7942	38.0276	37.9242	38.0401	37.9829	37.962	38.0434	38.032	38.0627	37.98	37.9646	37.0428	37.0661	36.9907	37.0511	37.0022	37.0774	37.001	36.9774	37.0064	36.9631	36.9615	36.9319	36.9351	36.9276	36.9214	36.9613	36.921	36.9826	36.9097	36.8763	36.9601	36.8956	36.8771	36.8272	36.7914	36.7335	36.7918	36.7928	36.6743	36.7095	36.6906	36.592	36.4769	36.5179	36.386	36.2401	36.2725	36.126	36.0306	35.8938	35.7384	35.5498	35.4989	35.2698	35.1778	34.9978	34.8289	34.6991	34.5516	34.3628	34.1817	34.0586	33.8782	33.6897	33.4761	33.3117	33.1089	32.9004	32.6912	32.486	32.2431	32.0635	31.8719	31.6755	31.5141	31.2832	31.1016	30.9236	30.731	30.5182	30.3406	30.1797	29.9728	29.7899	29.6137	29.4571	29.2415	29.0921	28.8929	28.6839	28.4908	28.2321	27.998	27.7206	27.401	27.1692	26.966	26.7929	26.6188	26.4309	26.307	26.2112	26.1246	26.029	25.8821	25.8357	25.7953	25.7361	25.7042	25.6383	25.613	25.6197	25.6578	25.6694	25.7869	25.7813	25.709	25.7033	25.9224	25.807	25.9482	26.0683	26.1586	26.2309	26.2938	26.3503	26.3734	26.5519	26.5699	26.6303	26.7187	26.8908	26.9914	27.1227	27.2434
