Sample	1	2	3	4	5	6	7	8	9	10	11	12	13	14	15	16	17	18	19	20	21	22	23	24	25	26	27	28	29	30	31	32	33	34	35	36	37	38	39	40	41	42	43	44	45	46	47	48	49	50	51	52	53	54	55	56	57	58	59	60	61	62	63	64	65	66	67	68	69	70	71	72	73	74	75	76	77	78	79	80	81	82	83	84	85	86	87	88	89	90	91	92	93	94	95	96	97	98	99	100	101	102	103	104	105	106	107	108	109	110	111	112	113	114	115	116	117	118	119	120	121	122	123	124	125	126	127	128	129	130	131	132	133	134	135	136	137	138	139	140	141	142	143	144	145	146	147	148	149	150
Sin-APnd_001-Ex1-6G-lcwgs-1-2	39.2805	39.0028	39.3266	39.3526	39.3833	39.37	39.2639	39.3485	39.3488	39.3222	39.3806	39.1869	39.3139	39.2909	39.3309	39.5035	39.5341	39.4856	39.4656	39.4658	39.5063	39.4714	39.4413	39.4361	39.393	39.3087	39.259	39.3157	39.3488	39.2861	39.2672	39.2771	39.2628	39.1999	39.2093	39.2443	39.1932	39.15	39.2284	39.2223	39.1965	39.1878	39.089	39.0597	38.9457	38.3033	39.1668	38.9983	39.0236	38.8889	39.027	38.7928	38.5845	38.8467	38.7214	38.5581	38.3464	38.2894	38.3325	38.3061	38.244	38.2584	38.2681	38.3145	38.1445	38.4655	38.3851	38.2606	38.1866	38.2765	38.4376	38.6451	38.7709	38.8419	38.8591	38.8563	38.8537	38.8478	38.8212	38.8126	38.7676	38.7515	38.7036	38.6627	38.6026	38.5391	38.4683	38.3741	38.2721	38.165	38.0384	37.8915	37.751	37.5648	37.4174	37.2048	37.0257	36.7766	36.535	36.2785	35.9731	35.6488	35.3279	35.0019	34.7226	34.4273	34.1923	34.0098	33.8001	33.6017	33.3738	33.1642	32.9439	32.7583	32.576	32.3701	32.1024	31.9456	31.6736	31.5017	31.3185	31.0953	30.8623	30.6864	30.4516	30.2652	30.2144	29.9795	29.9861	29.9127	29.844	29.8121	29.8234	29.9198	29.919	30.0424	30.077	30.2153	30.2903	30.2877	30.4382	30.6726	30.865	30.9884	31.2032	31.3157	31.4304	31.598	31.6034	31.8107
Sin-APnd_002-Ex1-3G-lcwgs-1-2	39.3388	39.0399	39.356	39.3781	39.4057	39.3932	39.2977	39.3817	39.3762	39.3548	39.4111	39.215	39.3495	39.3204	39.3634	39.5319	39.5651	39.5174	39.5035	39.5024	39.5425	39.511	39.4795	39.4709	39.4274	39.3666	39.3211	39.3798	39.4107	39.3526	39.3379	39.354	39.3161	39.2792	39.3058	39.3165	39.2655	39.2359	39.2639	39.3148	39.297	39.2828	39.1823	39.1573	39.0575	38.715	39.266	39.1265	39.1362	39.0116	39.1233	38.9219	38.7326	38.95	38.8344	38.6915	38.4827	38.4981	38.5345	38.5058	38.4448	38.4627	38.4762	38.534	38.3848	38.5794	38.5637	38.4506	38.3661	38.4337	38.5761	38.7598	38.8811	38.9507	38.9624	38.9551	38.9412	38.9262	38.8837	38.8631	38.8047	38.7708	38.7023	38.6416	38.5628	38.4769	38.3836	38.2709	38.1442	38.0184	37.8647	37.6941	37.5297	37.3283	37.1758	36.9392	36.7487	36.4917	36.2461	35.9954	35.7018	35.4031	35.117	34.8352	34.6012	34.3545	34.1583	34.0219	33.8498	33.6853	33.4885	33.3158	33.1246	32.9686	32.8123	32.6311	32.3849	32.2539	32.01	31.8608	31.704	31.5043	31.2973	31.149	30.9457	30.7887	30.7624	30.5727	30.625	30.5933	30.577	30.5866	30.6383	30.7628	30.7818	30.9149	30.9525	31.0818	31.1598	31.1457	31.2866	31.5004	31.6628	31.7683	31.9617	32.0478	32.1371	32.2759	32.2546	32.4251
Sin-APnd_003-Ex1-3H-lcwgs-1-2	39.3171	39.068	39.387	39.3942	39.4265	39.3832	39.3034	39.369	39.3852	39.3648	39.4196	39.2377	39.3633	39.342	39.3762	39.5419	39.5713	39.5286	39.5178	39.5127	39.5473	39.5153	39.4865	39.4828	39.4394	39.3802	39.332	39.3883	39.4128	39.3621	39.3469	39.3597	39.3169	39.2749	39.3097	39.3208	39.2674	39.2297	39.2455	39.3151	39.291	39.274	39.1718	39.1149	38.998	38.6166	39.2509	39.1078	39.1159	38.9771	39.086	38.8725	38.6694	38.8769	38.7507	38.6007	38.3153	38.2951	38.3606	38.3141	38.2435	38.2524	38.2661	38.3294	38.1563	38.3705	38.375	38.2391	38.1423	38.2223	38.3969	38.6332	38.798	38.896	38.9248	38.9312	38.9314	38.9307	38.9049	38.898	38.8549	38.8407	38.7937	38.757	38.7063	38.649	38.5888	38.5085	38.4203	38.3326	38.2206	38.098	37.9786	37.8279	37.7085	37.5316	37.3821	37.1785	36.9805	36.7741	36.5278	36.2695	36.0129	35.7541	35.5347	35.2934	35.1007	34.9617	34.7923	34.6242	34.4278	34.2508	34.0603	33.8981	33.7386	33.5543	33.3098	33.1701	32.9302	32.7684	32.6082	32.399	32.1837	32.0211	31.7998	31.6184	31.562	31.3366	31.3383	31.2639	31.1822	31.1344	31.118	31.1712	31.1253	31.1869	31.1581	31.2221	31.2372	31.1669	31.2515	31.4185	31.534	31.5914	31.743	31.7959	31.848	31.951	31.8901	32.0291
Sin-APnd_004-Ex1-4A-lcwgs-1-2	39.2655	39.0285	39.332	39.3801	39.3715	39.3555	39.2796	39.3375	39.3634	39.3419	39.3957	39.2087	39.3361	39.323	39.3541	39.5294	39.5492	39.5026	39.4724	39.4797	39.5142	39.4821	39.4552	39.4618	39.4151	39.3368	39.2857	39.3355	39.3693	39.3109	39.2947	39.2905	39.2772	39.2458	39.2314	39.2144	39.1514	39.1724	39.2611	39.2361	39.2199	39.2151	39.0937	38.9789	38.7926	37.9423	39.1682	38.86	38.8843	38.6506	38.9638	38.5714	38.2638	38.7343	38.3876	38.1987	37.7443	37.9042	37.9053	37.8925	37.7761	37.7678	37.8096	37.9509	37.5963	38.1503	37.8402	37.6848	37.6394	37.8267	38.0943	38.44	38.6193	38.7094	38.7342	38.7271	38.7189	38.7065	38.6702	38.6411	38.5723	38.5278	38.4475	38.3694	38.2684	38.1625	38.0449	37.9005	37.7424	37.5768	37.3895	37.1807	36.9766	36.7286	36.5222	36.2484	36.0163	35.7141	35.4266	35.1283	34.8102	34.4644	34.1552	33.8445	33.5942	33.323	33.103	32.9237	32.7122	32.5115	32.2919	32.0851	31.8867	31.7206	31.5566	31.3782	31.1486	31.0267	30.7786	30.6434	30.497	30.3023	30.0969	29.9544	29.7537	29.5841	29.5574	29.3677	29.375	29.3203	29.2675	29.2563	29.3007	29.4437	29.4992	29.6871	29.7818	29.9994	30.1469	30.2034	30.4195	30.7063	30.9379	31.0874	31.3284	31.4599	31.5988	31.7825	31.8022	32.0192
Sin-APnd_005-Ex1-4B-lcwgs-1-2	39.1607	38.9313	39.3416	39.4493	39.3514	39.3808	39.2969	39.3388	39.3825	39.3282	39.4152	39.288	39.3847	39.4365	39.398	39.5942	39.5719	39.5476	39.5197	39.5682	39.5514	39.5203	39.4912	39.5659	39.5044	39.4436	39.3883	39.3964	39.4268	39.4151	39.4265	39.3345	39.3674	39.2908	39.1986	38.8852	38.9883	39.1241	39.2638	39.2421	39.2432	39.29	39.0752	38.3298	37.8715	34.1726	39.05	38.0063	38.0546	37.3023	38.4512	37.1863	36.2591	37.6527	36.2762	35.7828	33.6571	34.3005	34.3932	34.3343	33.8786	33.6817	33.9117	34.4684	33.1281	35.1182	33.8187	33.3319	33.361	34.1617	35.2063	36.615	37.4286	37.881	38.0997	38.2219	38.3051	38.3631	38.3791	38.4013	38.3717	38.359	38.3048	38.2572	38.1842	38.1027	38.0109	37.8914	37.763	37.6309	37.4704	37.2973	37.1266	36.9239	36.7493	36.5266	36.3333	36.0793	35.8414	35.5981	35.3326	35.0639	34.8072	34.5592	34.3783	34.1605	33.9915	33.855	33.6952	33.5414	33.3725	33.239	33.11	33.0244	32.9631	32.8734	32.7335	32.6944	32.544	32.4787	32.4194	32.2973	32.1798	32.1096	31.9886	31.9004	31.9143	31.7927	31.8344	31.8104	31.7921	31.8178	31.8754	32.009	32.0845	32.2519	32.343	32.5339	32.6712	32.7224	32.9065	33.1232	33.3008	33.4184	33.6044	33.7047	33.8101	33.9377	33.9394	34.1005
Sin-APnd_006-Ex1-4C-lcwgs-1-2	39.2831	39.061	39.3522	39.3818	39.4313	39.4189	39.32	39.3744	39.3821	39.3665	39.4177	39.222	39.358	39.3258	39.3673	39.5321	39.562	39.5148	39.4905	39.4981	39.5367	39.5043	39.4743	39.4697	39.425	39.3484	39.3035	39.3631	39.3902	39.3308	39.3147	39.3274	39.3057	39.2825	39.2763	39.2629	39.2149	39.2238	39.3077	39.2877	39.2732	39.2658	39.1568	39.1123	38.9897	38.4556	39.2426	39.0185	39.0441	38.876	39.0901	38.8048	38.5763	38.9289	38.7111	38.5498	38.3004	38.4271	38.4059	38.401	38.3192	38.3253	38.3539	38.4552	38.2168	38.5814	38.3874	38.2765	38.2279	38.3402	38.5184	38.7427	38.8598	38.92	38.9342	38.9324	38.9317	38.9288	38.9041	38.8968	38.8525	38.8388	38.793	38.7565	38.7055	38.6498	38.587	38.5027	38.4141	38.3228	38.208	38.0798	37.9527	37.7913	37.6454	37.4641	37.2972	37.0776	36.861	36.6357	36.3794	36.0988	35.8252	35.5448	35.2998	35.0284	34.7985	34.6039	34.3839	34.1694	33.9327	33.7086	33.4798	33.2849	33.086	32.864	32.6045	32.4383	32.1562	31.9712	31.7869	31.5456	31.295	31.1029	30.8553	30.6269	30.5358	30.2718	30.1917	30.0451	29.8907	29.7676	29.6878	29.7075	29.6332	29.6905	29.6609	29.7506	29.7871	29.7383	29.8525	30.0574	30.208	30.2885	30.4695	30.5466	30.6446	30.787	30.7537	30.9459
Sin-APnd_007-Ex1-4D-lcwgs-1-2	39.2531	39.0333	39.3394	39.3648	39.384	39.3724	39.2651	39.3309	39.3558	39.3307	39.3888	39.2009	39.3278	39.3122	39.3411	39.5215	39.5459	39.4982	39.4698	39.4849	39.5181	39.4814	39.4504	39.4587	39.4135	39.3351	39.2868	39.3393	39.3699	39.3137	39.2978	39.2954	39.2841	39.25	39.2337	39.194	39.1596	39.187	39.2727	39.2503	39.2343	39.2327	39.1095	38.9758	38.7906	37.8673	39.1857	38.8612	38.8797	38.6367	38.9714	38.5547	38.2275	38.7239	38.3564	38.1593	37.6749	37.8455	37.8476	37.8337	37.7114	37.6901	37.742	37.8973	37.5245	38.1038	37.7755	37.6171	37.5781	37.7799	38.0665	38.4361	38.6363	38.7429	38.7774	38.7829	38.7841	38.7793	38.7481	38.7309	38.6711	38.6381	38.5661	38.501	38.4134	38.3208	38.2158	38.0851	37.9425	37.7967	37.6213	37.4295	37.237	37.0075	36.8082	36.5522	36.3268	36.0367	35.7587	35.4733	35.1616	34.8306	34.5258	34.221	33.9727	33.7028	33.4854	33.3031	33.0934	32.8966	32.6761	32.4746	32.2771	32.1149	31.9545	31.7707	31.5422	31.417	31.1676	31.025	30.8757	30.6727	30.4638	30.3183	30.1147	29.9417	29.9077	29.7093	29.7016	29.6315	29.5617	29.5322	29.5568	29.678	29.7123	29.8802	29.9599	30.1555	30.2873	30.325	30.5226	30.7887	31.0	31.1341	31.3579	31.4733	31.6011	31.7669	31.7674	31.968
Sin-APnd_008-Ex1-4E-lcwgs-1-2	39.2559	39.0454	39.3522	39.3745	39.3755	39.3638	39.2949	39.3455	39.3637	39.339	39.3923	39.2007	39.3303	39.3108	39.3441	39.5191	39.5442	39.4974	39.4683	39.478	39.5134	39.4784	39.4488	39.4503	39.4025	39.3198	39.2736	39.3281	39.3595	39.3037	39.2854	39.2854	39.2673	39.2392	39.2287	39.1841	39.15	39.1654	39.2572	39.2362	39.2203	39.2146	39.0951	38.9995	38.8261	38.0072	39.1651	38.8593	38.8913	38.6615	38.9663	38.5881	38.2967	38.7494	38.4167	38.2327	37.8135	37.9747	37.9661	37.9564	37.844	37.8331	37.8759	38.0163	37.6776	38.1953	37.9044	37.7607	37.7167	37.8897	38.1419	38.4693	38.6408	38.7313	38.7579	38.7585	38.7596	38.7533	38.7262	38.711	38.6572	38.6313	38.5688	38.5138	38.4392	38.3593	38.2705	38.1536	38.0281	37.8959	37.7411	37.5666	37.3928	37.181	36.995	36.7541	36.5449	36.2705	36.0048	35.7302	35.4292	35.1054	34.7991	34.4962	34.2414	33.9631	33.7362	33.5466	33.3293	33.1235	32.8957	32.6839	32.4735	32.2984	32.1211	31.9266	31.6829	31.546	31.2862	31.1327	30.9757	30.7611	30.541	30.3835	30.1635	29.9754	29.9218	29.7025	29.6739	29.5811	29.4895	29.432	29.428	29.5225	29.529	29.6642	29.7176	29.8882	29.997	30.016	30.2007	30.457	30.6633	30.7879	31.0109	31.124	31.2483	31.415	31.4144	31.6159
Sin-APnd_009-Ex1-4F-lcwgs-1-2	39.2778	39.0395	39.3641	39.3772	39.4266	39.3965	39.3187	39.3663	39.3716	39.35	39.4045	39.2072	39.3443	39.3118	39.3545	39.5246	39.5541	39.5047	39.4754	39.4859	39.5246	39.4903	39.4613	39.4539	39.4103	39.3308	39.2872	39.3464	39.3742	39.315	39.2949	39.3067	39.2845	39.26	39.255	39.24	39.1926	39.2028	39.2857	39.2664	39.2515	39.2416	39.133	39.0909	38.9604	38.4345	39.2211	38.9901	39.0187	38.8444	39.0645	38.7706	38.5417	38.9035	38.6833	38.5218	38.2789	38.4017	38.3839	38.3804	38.3002	38.3104	38.3369	38.4351	38.2013	38.5656	38.3757	38.269	38.221	38.3313	38.504	38.7224	38.8319	38.8847	38.8901	38.8787	38.8669	38.8512	38.8118	38.7882	38.7238	38.6869	38.6152	38.549	38.4639	38.372	38.2695	38.1428	38.0065	37.8646	37.6964	37.5116	37.3266	37.1017	36.9074	36.6565	36.4379	36.1516	35.8787	35.595	35.2851	34.9551	34.6446	34.3359	34.0738	33.7942	33.5643	33.3707	33.1504	32.9354	32.7047	32.485	32.2671	32.0844	31.8998	31.6939	31.4451	31.2979	31.027	30.8675	30.6993	30.4783	30.2505	30.0832	29.8645	29.6704	29.6168	29.3937	29.3674	29.2717	29.1822	29.1281	29.1276	29.2319	29.2419	29.3927	29.4568	29.6416	29.7627	29.7934	29.9888	30.2625	30.4789	30.6176	30.8551	30.9768	31.1159	31.2962	31.3077	31.528
Sin-APnd_010-Ex1-4G-lcwgs-1-2	39.278	38.9869	39.3286	39.3649	39.3853	39.3728	39.2625	39.3485	39.3531	39.3255	39.3843	39.1929	39.3224	39.3094	39.3393	39.5209	39.5433	39.495	39.468	39.4803	39.5137	39.481	39.4503	39.4562	39.4093	39.3312	39.281	39.3339	39.3699	39.311	39.297	39.2939	39.2808	39.2418	39.2274	39.1724	39.1516	39.1623	39.2621	39.24	39.2263	39.229	39.107	39.0146	38.8465	37.8545	39.176	38.8381	38.8715	38.6295	38.9692	38.5506	38.2201	38.7228	38.3436	38.1504	37.6743	37.8768	37.8629	37.8545	37.7311	37.7153	37.7662	37.923	37.5494	38.1144	37.7805	37.6213	37.5773	37.7787	38.061	38.4265	38.6242	38.7289	38.7626	38.7656	38.766	38.7617	38.7328	38.7163	38.6609	38.632	38.5667	38.5078	38.4284	38.3436	38.2516	38.1337	38.0068	37.8751	37.7184	37.5484	37.379	37.1717	36.994	36.7657	36.5662	36.306	36.0553	35.7996	35.5182	35.2144	34.9294	34.648	34.4089	34.1453	33.9309	33.7495	33.5444	33.3447	33.1261	32.919	32.7158	32.5439	32.3721	32.1824	31.9438	31.8085	31.5554	31.4039	31.2476	31.038	30.8183	30.6618	30.4386	30.2505	30.1952	29.9753	29.9439	29.8492	29.7506	29.6887	29.6774	29.759	29.7526	29.8737	29.9063	30.0568	30.1499	30.1491	30.3135	30.5521	30.7406	30.8454	31.0518	31.1468	31.2594	31.4112	31.394	31.5873
Sin-APnd_011-Ex1-4H-lcwgs-1-2	39.2724	39.0413	39.3632	39.366	39.4066	39.3611	39.2755	39.3379	39.3563	39.3354	39.3854	39.1913	39.3256	39.2986	39.3387	39.5116	39.5402	39.4902	39.4614	39.4695	39.5083	39.4735	39.4451	39.4422	39.3967	39.3124	39.2664	39.3245	39.3543	39.2948	39.2755	39.2828	39.2619	39.2362	39.2337	39.2101	39.1676	39.1744	39.261	39.24	39.2202	39.2123	39.0989	39.0465	38.8995	38.2939	39.182	38.9245	38.9596	38.7651	39.0115	38.6951	38.4529	38.8379	38.5832	38.416	38.1261	38.2624	38.2436	38.2386	38.151	38.1555	38.1857	38.2942	38.0341	38.4383	38.2245	38.1068	38.0602	38.1833	38.3738	38.6181	38.7398	38.7992	38.8042	38.7888	38.7739	38.7514	38.706	38.6732	38.5998	38.5496	38.4628	38.3819	38.2765	38.1637	38.041	37.8923	37.7305	37.5608	37.3657	37.1512	36.9391	36.6849	36.4701	36.1905	35.9483	35.6381	35.3425	35.041	34.7156	34.3688	34.054	33.7446	33.4891	33.2167	32.9961	32.8125	32.6003	32.3994	32.1749	31.9703	31.7697	31.6026	31.4353	31.2476	31.014	30.8862	30.6304	30.4895	30.3375	30.1344	29.9271	29.7788	29.5776	29.403	29.3756	29.18	29.1834	29.1188	29.0638	29.0468	29.089	29.2314	29.2872	29.4797	29.5835	29.8063	29.9623	30.0169	30.2416	30.535	30.7673	30.9217	31.1686	31.3035	31.4463	31.6307	31.6506	31.8669
Sin-APnd_012-Ex1-5A-lcwgs-1-2	39.3034	39.0731	39.3465	39.3777	39.3884	39.3688	39.3024	39.3582	39.3788	39.3634	39.4112	39.2167	39.3489	39.3219	39.3639	39.5227	39.5535	39.5056	39.4789	39.4802	39.5228	39.49	39.4626	39.458	39.4129	39.3337	39.2846	39.3422	39.371	39.3095	39.2904	39.3052	39.2813	39.2592	39.2497	39.2725	39.205	39.2073	39.2788	39.2431	39.2425	39.234	39.1326	39.1337	39.0283	38.7069	39.2157	38.9156	38.9965	38.8389	39.0713	38.7943	38.5801	38.9451	38.7128	38.5874	38.4497	38.618	38.5282	38.5542	38.4815	38.4883	38.515	38.6137	38.4071	38.6832	38.5239	38.4414	38.3887	38.464	38.5965	38.7627	38.8372	38.8725	38.8721	38.8585	38.8477	38.8361	38.8009	38.779	38.7231	38.6937	38.6318	38.576	38.5029	38.4221	38.3364	38.2233	38.1024	37.9712	37.8229	37.6592	37.4832	37.2925	37.0917	36.8677	36.6514	36.3977	36.1425	35.884	35.6083	35.3148	35.0277	34.7467	34.4928	34.206	33.965	33.7543	33.5099	33.2717	33.0257	32.784	32.547	32.3368	32.1162	31.8891	31.6119	31.4558	31.1565	30.9505	30.7709	30.5179	30.259	30.0667	29.8206	29.5808	29.4825	29.2191	29.1231	28.9551	28.7699	28.6399	28.5396	28.546	28.4845	28.5494	28.5449	28.663	28.7431	28.7321	28.8999	29.1413	29.323	29.4371	29.644	29.7527	29.8774	30.0556	30.035	30.2369
Sin-APnd_013-Ex1-5B-lcwgs-1-2	39.2441	39.0388	39.3352	39.3757	39.3746	39.3694	39.3009	39.3454	39.3631	39.3366	39.391	39.1921	39.329	39.3063	39.3432	39.5026	39.5366	39.4883	39.4541	39.4699	39.5092	39.4724	39.443	39.4397	39.3951	39.2997	39.251	39.3067	39.3343	39.2793	39.2669	39.2685	39.248	39.2159	39.1604	39.1992	39.1035	39.1408	39.2122	39.14	39.1874	39.1875	39.0778	38.9959	38.8659	38.2039	39.1378	38.4155	38.6522	38.3571	38.9092	38.363	37.979	38.6732	38.1147	37.9555	37.605	38.049	37.8066	37.9081	37.7601	37.7098	37.8051	38.0268	37.6138	38.0872	37.7149	37.6158	37.5936	37.7647	38.0241	38.3689	38.5461	38.6423	38.6754	38.6869	38.6901	38.6848	38.6512	38.6268	38.5626	38.5179	38.436	38.3566	38.2541	38.1393	38.0113	37.8516	37.6817	37.4986	37.2862	37.0606	36.8136	36.5545	36.2831	35.9826	35.6936	35.3626	35.0319	34.6989	34.3608	34.0072	33.6708	33.3512	33.0634	32.7583	32.4987	32.271	32.0098	31.7623	31.5114	31.2744	31.046	30.8552	30.6617	30.4553	30.2035	30.082	29.8001	29.6338	29.4867	29.2693	29.0522	28.9001	28.702	28.5145	28.4675	28.2645	28.235	28.1238	28.0196	27.9706	27.9669	28.0703	28.1232	28.3157	28.4465	28.7011	28.916	29.0307	29.326	29.6772	29.9646	30.1778	30.4746	30.6626	30.8572	31.098	31.1564	31.4099
Sin-APnd_014-Ex1-5C-lcwgs-1-2	39.2563	39.0551	39.346	39.3893	39.4245	39.415	39.3115	39.3717	39.3807	39.3621	39.4148	39.2185	39.3539	39.3373	39.3674	39.5239	39.5534	39.5077	39.4753	39.4887	39.5243	39.4919	39.4644	39.4671	39.42	39.3399	39.2899	39.3402	39.3707	39.3167	39.3051	39.304	39.2898	39.2572	39.2122	39.2458	39.1682	39.1943	39.2651	39.1952	39.2302	39.227	39.118	39.02	38.8975	38.2017	39.174	38.424	38.6615	38.3647	38.9421	38.3767	37.9645	38.6954	38.0891	37.9306	37.5477	38.0414	37.775	37.8862	37.72	37.6661	37.7682	38.0068	37.564	38.0638	37.655	37.5485	37.5278	37.7189	37.9988	38.3655	38.5541	38.6607	38.6971	38.7101	38.7104	38.7054	38.67	38.6433	38.5735	38.5226	38.4342	38.3455	38.2332	38.1084	37.9696	37.7963	37.6143	37.4155	37.1912	36.949	36.6894	36.4161	36.1337	35.8225	35.5255	35.1876	34.8492	34.5107	34.1649	33.8071	33.4659	33.1473	32.8614	32.5558	32.2996	32.0693	31.8077	31.5607	31.3101	31.0695	30.8462	30.6568	30.4669	30.2698	30.0188	29.9061	29.6292	29.4711	29.3287	29.1197	28.907	28.7634	28.57	28.3881	28.345	28.1478	28.1256	28.0226	27.9321	27.8943	27.8996	28.0217	28.0895	28.2985	28.4454	28.7189	28.9489	29.0835	29.3912	29.7557	30.0542	30.2804	30.5897	30.7867	30.9931	31.2431	31.3155	31.5781
Sin-APnd_015-Ex1-5D-lcwgs-1-2	39.2847	39.0736	39.3486	39.3633	39.398	39.3831	39.2795	39.3472	39.3672	39.3492	39.4009	39.2045	39.3377	39.312	39.3519	39.5148	39.5486	39.4998	39.4705	39.4791	39.52	39.4863	39.4578	39.4531	39.4088	39.326	39.2784	39.3382	39.3667	39.3047	39.288	39.299	39.2767	39.25	39.2346	39.2584	39.1914	39.2008	39.2721	39.2263	39.2339	39.2275	39.1265	39.1001	38.9916	38.5812	39.2047	38.7946	38.9126	38.7198	39.0369	38.6859	38.4223	38.8796	38.5577	38.4264	38.2325	38.4749	38.3475	38.3934	38.3016	38.2961	38.3371	38.4697	38.2103	38.5388	38.3245	38.2359	38.1954	38.2976	38.4658	38.6783	38.7811	38.8346	38.8422	38.8395	38.8316	38.8241	38.7898	38.7706	38.7124	38.6781	38.6124	38.5486	38.4666	38.3757	38.2749	38.1444	38.007	37.8551	37.6817	37.4912	37.2864	37.0645	36.8335	36.5727	36.3229	36.0316	35.7376	35.4385	35.1288	34.7983	34.479	34.171	33.8937	33.5902	33.3274	33.0979	32.8283	32.5756	32.312	32.0562	31.8087	31.5876	31.3658	31.1311	30.8484	30.6938	30.3846	30.1853	30.0008	29.7496	29.4927	29.305	29.0668	28.8371	28.7524	28.5032	28.429	28.2685	28.1139	28.0111	27.9408	27.9888	27.9696	28.0891	28.1441	28.3265	28.468	28.5213	28.7495	29.052	29.2963	29.4646	29.7332	29.8901	30.0654	30.2926	30.3271	30.5772
Sin-APnd_016-Ex1-5E-lcwgs-1-2	39.2572	39.0559	39.3523	39.3794	39.3795	39.3715	39.3039	39.3572	39.3735	39.3503	39.4027	39.2063	39.3383	39.3206	39.3522	39.5134	39.5439	39.4975	39.4649	39.4768	39.5154	39.4803	39.4509	39.4513	39.4047	39.3205	39.2702	39.3245	39.3544	39.2989	39.2871	39.2863	39.2693	39.2362	39.197	39.2308	39.1481	39.1744	39.2459	39.1785	39.2095	39.2034	39.0945	39.0092	38.8759	38.1986	39.149	38.4177	38.6535	38.3578	38.9201	38.3675	37.9784	38.682	38.1072	37.951	37.5842	38.0405	37.7996	37.9005	37.7499	37.6989	37.7939	38.0203	37.5998	38.083	37.6977	37.5977	37.5782	37.7569	38.0233	38.3701	38.5452	38.6406	38.6689	38.675	38.668	38.6543	38.6097	38.5728	38.4921	38.4279	38.3249	38.2211	38.0889	37.9441	37.7794	37.5848	37.3751	37.1483	36.8934	36.6232	36.3276	36.0252	35.7125	35.3669	35.0405	34.6736	34.3073	33.9456	33.5847	33.2054	32.8562	32.5306	32.2425	31.9351	31.6801	31.4538	31.1921	30.951	30.7056	30.4756	30.2629	30.0857	29.9095	29.7259	29.4875	29.3912	29.1299	28.987	28.8655	28.6738	28.4778	28.3543	28.1796	28.0222	27.9987	27.8236	27.8291	27.7546	27.6942	27.6922	27.7381	27.9031	28.0156	28.2763	28.4706	28.798	29.0765	29.2513	29.6029	30.0004	30.3306	30.58	30.9096	31.1237	31.3411	31.6007	31.6821	31.949
Sin-APnd_017-Ex1-5F-lcwgs-1-2	39.2721	39.0475	39.3617	39.384	39.4292	39.4003	39.3241	39.3737	39.3799	39.3585	39.4104	39.215	39.3488	39.3221	39.3615	39.5217	39.5532	39.5048	39.4739	39.4828	39.523	39.4901	39.4615	39.4555	39.4112	39.3283	39.2811	39.339	39.3671	39.3085	39.2915	39.3005	39.2803	39.2572	39.2268	39.2604	39.1873	39.201	39.2666	39.2239	39.2316	39.2313	39.1284	39.098	38.9856	38.5533	39.2058	38.7626	38.8984	38.694	39.0352	38.665	38.394	38.8714	38.5261	38.3879	38.1792	38.4459	38.3076	38.3611	38.2626	38.2526	38.302	38.4436	38.1696	38.5081	38.2801	38.196	38.158	38.2672	38.4408	38.6622	38.7687	38.8236	38.829	38.821	38.8084	38.792	38.7476	38.7155	38.6416	38.5897	38.5	38.412	38.3004	38.1757	38.0375	37.8686	37.6882	37.4911	37.2675	37.0251	36.7662	36.4919	36.2087	35.8917	35.5923	35.2512	34.9093	34.5671	34.22	33.856	33.5143	33.1892	32.8984	32.5885	32.324	32.0903	31.8204	31.5717	31.3122	31.0648	30.8301	30.6279	30.4255	30.212	29.949	29.8219	29.5306	29.3582	29.2059	28.9827	28.76	28.6056	28.4021	28.2108	28.1581	27.9531	27.9212	27.8095	27.7101	27.6625	27.6606	27.7803	27.836	28.0431	28.1846	28.4544	28.6804	28.8099	29.1173	29.4856	29.7837	30.0085	30.3203	30.5192	30.725	30.9767	31.0441	31.3121
Sin-APnd_018-Ex1-5G-lcwgs-1-2	39.2704	38.9997	39.328	39.3603	39.391	39.3799	39.2752	39.36	39.3604	39.335	39.3933	39.1921	39.3257	39.3036	39.3406	39.5084	39.5423	39.4935	39.463	39.4786	39.5174	39.4831	39.4512	39.4478	39.4039	39.32	39.2706	39.3297	39.3632	39.3024	39.2884	39.2931	39.2771	39.2387	39.195	39.2342	39.159	39.1862	39.2484	39.1997	39.2196	39.2264	39.1225	39.0827	38.9657	38.3676	39.1878	38.5951	38.7788	38.5417	38.9924	38.5226	38.1803	38.7832	38.3212	38.1761	37.9063	38.2726	38.0721	38.153	38.0284	37.9961	38.0715	38.2583	37.9111	38.3133	38.0094	37.9144	37.8834	38.0232	38.2447	38.5292	38.677	38.7587	38.7806	38.7869	38.7844	38.7778	38.7421	38.7222	38.658	38.6168	38.5415	38.467	38.3722	38.2668	38.1484	37.9997	37.8439	37.6763	37.4814	37.2703	37.043	36.7998	36.5457	36.2652	35.9943	35.6826	35.3686	35.0558	34.7286	34.3911	34.0636	33.751	33.468	33.1602	32.9006	32.6667	32.398	32.1504	31.8892	31.6416	31.4045	31.1978	30.988	30.7656	30.4979	30.3575	30.0615	29.8755	29.7078	29.4731	29.2359	29.0636	28.8459	28.6389	28.5667	28.3404	28.285	28.1477	28.0169	27.9413	27.9025	27.9781	27.9947	28.1512	28.2428	28.4635	28.6435	28.7254	28.9876	29.316	29.5797	29.7721	30.0591	30.2358	30.4282	30.6629	30.7144	30.9716
Sin-APnd_019-Ex1-5H-lcwgs-1-2	39.2746	39.0595	39.3653	39.3664	39.4143	39.369	39.2827	39.3473	39.3638	39.345	39.3948	39.1966	39.332	39.3011	39.3447	39.5083	39.5425	39.4909	39.4621	39.4672	39.5116	39.4767	39.4483	39.4384	39.3948	39.3075	39.2597	39.3216	39.3487	39.2862	39.2683	39.2825	39.2573	39.2355	39.2251	39.2533	39.1806	39.1862	39.2564	39.2224	39.2176	39.2086	39.1066	39.1119	38.9981	38.6737	39.1913	38.8728	38.9679	38.8002	39.0433	38.7557	38.5409	38.9138	38.6736	38.5445	38.4055	38.5821	38.4875	38.5169	38.4446	38.452	38.4801	38.5798	38.3728	38.6512	38.494	38.4148	38.3669	38.4432	38.5758	38.7408	38.8152	38.8513	38.8486	38.8354	38.8212	38.8054	38.7682	38.7434	38.6799	38.6408	38.5688	38.5018	38.4141	38.3177	38.2115	38.0757	37.9321	37.7747	37.5963	37.3996	37.189	36.9626	36.7235	36.4598	36.2038	35.9084	35.6082	35.3087	34.9945	34.6616	34.3402	34.0319	33.7499	33.4426	33.1788	32.9442	32.679	32.419	32.1551	31.8972	31.6465	31.429	31.2037	30.9676	30.6847	30.529	30.221	30.0213	29.8397	29.5883	29.332	29.147	28.9107	28.6803	28.5947	28.3486	28.2741	28.1157	27.9618	27.8561	27.7917	27.836	27.8173	27.9457	28.0006	28.1882	28.335	28.39	28.6274	28.9335	29.1811	29.3539	29.6233	29.782	29.9579	30.1873	30.2225	30.471
Sin-APnd_020-Ex1-6A-lcwgs-1-2	39.2678	39.0388	39.3352	39.3904	39.3749	39.3604	39.2849	39.3464	39.371	39.3444	39.405	39.2318	39.3413	39.3365	39.3635	39.5309	39.5506	39.5095	39.4954	39.4839	39.5168	39.4844	39.459	39.4636	39.4181	39.3471	39.2932	39.3325	39.3658	39.3132	39.2955	39.2811	39.2777	39.2075	39.2141	39.2556	39.2074	39.1176	39.1862	39.2155	39.1539	39.1531	39.0607	38.9108	38.7696	37.6774	39.1215	38.9264	38.9407	38.7713	38.935	38.6354	38.3609	38.6551	38.4976	38.2833	37.881	37.6482	37.7912	37.7279	37.6369	37.6341	37.6433	37.6783	37.4466	37.9316	37.8486	37.6585	37.5668	37.7191	37.9715	38.3121	38.5359	38.6651	38.7134	38.7267	38.7348	38.7358	38.7144	38.7066	38.6618	38.6417	38.5871	38.5406	38.4693	38.3981	38.3168	38.2088	38.0888	37.959	37.8045	37.6316	37.4587	37.2396	37.0634	36.8082	36.593	36.2987	36.0161	35.7069	35.3466	34.9609	34.5864	34.2116	33.8961	33.5798	33.3338	33.1518	32.9432	32.7527	32.5288	32.3295	32.1264	31.9585	31.7988	31.6177	31.3663	31.2314	30.9703	30.8264	30.6565	30.4525	30.2431	30.0915	29.8874	29.732	29.7297	29.5414	29.607	29.5916	29.5873	29.629	29.7145	29.8864	29.9655	30.1623	30.2739	30.4884	30.6338	30.6981	30.9172	31.2062	31.4515	31.6288	31.8905	32.0432	32.1945	32.3983	32.4493	32.6856
Sin-APnd_021-Ex1-6B-lcwgs-1-2	39.2314	39.0227	39.3315	39.3751	39.3676	39.3627	39.2872	39.3361	39.3568	39.3238	39.3827	39.2008	39.3235	39.3085	39.3418	39.5114	39.5373	39.4941	39.4732	39.4732	39.5065	39.4728	39.4476	39.4418	39.3994	39.3077	39.2584	39.307	39.3353	39.2817	39.2657	39.2595	39.2499	39.1701	39.182	39.2061	39.1653	39.0946	39.1609	39.1812	39.1252	39.1394	39.039	38.9127	38.78	37.7697	39.1067	38.9063	38.9277	38.7563	38.9219	38.627	38.3655	38.663	38.5102	38.2978	37.9278	37.728	37.8484	37.794	37.7058	37.7031	37.7155	37.7539	37.5267	37.9981	37.9041	37.7243	37.631	37.7662	38.0038	38.3277	38.5315	38.6483	38.6892	38.6951	38.6973	38.6957	38.6729	38.6617	38.6145	38.5933	38.5409	38.4931	38.4261	38.3556	38.2783	38.1774	38.0643	37.9485	37.8106	37.6595	37.5102	37.32	37.172	36.9543	36.7756	36.5261	36.2879	36.0351	35.7368	35.4193	35.1116	34.7998	34.5419	34.2664	34.0491	33.8872	33.6943	33.5122	33.3012	33.1071	32.9066	32.7355	32.5728	32.3879	32.1417	31.9998	31.754	31.6017	31.4376	31.2371	31.0268	30.8738	30.6566	30.4902	30.4608	30.2487	30.2706	30.2172	30.1601	30.147	30.1733	30.2815	30.2952	30.4195	30.4598	30.5987	30.6757	30.674	30.8246	31.0511	31.2366	31.3525	31.56	31.6601	31.7645	31.9225	31.922	32.1136
Sin-APnd_022-Ex1-6C-lcwgs-1-2	39.2009	39.0028	39.322	39.3743	39.4043	39.3943	39.2799	39.3436	39.3581	39.3308	39.3924	39.2155	39.3319	39.3216	39.3483	39.5214	39.5429	39.502	39.4875	39.4838	39.5137	39.4804	39.4542	39.4563	39.413	39.3324	39.2793	39.3208	39.3515	39.2983	39.2847	39.271	39.273	39.1879	39.1981	39.2342	39.1965	39.0966	39.1636	39.2017	39.1385	39.1472	39.0519	38.9022	38.7706	37.6291	39.1171	38.919	38.9319	38.762	38.9271	38.6178	38.334	38.6357	38.4799	38.2515	37.8316	37.6054	37.7461	37.6836	37.5868	37.5736	37.5865	37.6291	37.3844	37.88	37.7869	37.5883	37.4939	37.6477	37.9085	38.263	38.4958	38.6292	38.681	38.6945	38.7024	38.7026	38.6842	38.6739	38.6261	38.6053	38.5527	38.5048	38.4369	38.3694	38.2877	38.1835	38.0702	37.9498	37.809	37.6478	37.492	37.2916	37.1342	36.9062	36.7156	36.4544	36.2003	35.9323	35.6199	35.2862	34.9615	34.6367	34.3561	34.0766	33.8484	33.6801	33.4784	33.2936	33.0778	32.885	32.6826	32.5126	32.3505	32.1681	31.9215	31.7836	31.5327	31.3842	31.2211	31.0208	30.8101	30.6563	30.4499	30.284	30.258	30.0545	30.0828	30.0405	29.9989	29.9986	30.0363	30.1564	30.1861	30.331	30.3892	30.5486	30.6458	30.6669	30.8328	31.0762	31.2826	31.4153	31.6369	31.759	31.8767	32.0481	32.059	32.2657
Sin-APnd_023-Ex1-6D-lcwgs-1-2	39.2489	39.0348	39.3368	39.3665	39.3884	39.3747	39.265	39.3332	39.3526	39.3274	39.39	39.2065	39.3278	39.3112	39.3451	39.5181	39.5454	39.4991	39.4807	39.4774	39.5146	39.4814	39.4556	39.4536	39.4106	39.3294	39.2788	39.3281	39.3578	39.2999	39.2835	39.2817	39.2737	39.2149	39.2249	39.2572	39.2116	39.1433	39.2078	39.2236	39.1715	39.1712	39.0797	38.9741	38.8519	37.9833	39.1543	38.9713	38.9853	38.8273	38.9804	38.7013	38.4479	38.74	38.6018	38.406	38.0953	37.929	38.0308	37.9828	37.9044	37.9032	37.912	37.9486	37.7444	38.1622	38.0779	37.917	37.8352	37.9533	38.1667	38.4499	38.6308	38.7371	38.7726	38.7823	38.7912	38.7965	38.7836	38.785	38.751	38.7414	38.7079	38.6799	38.6337	38.5928	38.5426	38.4708	38.3928	38.3125	38.2134	38.0987	37.9875	37.8395	37.7191	37.5461	37.3971	37.1899	36.988	36.7692	36.5049	36.2164	35.9216	35.6187	35.3524	35.0669	34.8323	34.6573	34.4531	34.26	34.0326	33.8256	33.6068	33.4165	33.2285	33.0238	32.7527	32.5925	32.3247	32.1472	31.9612	31.7364	31.5018	31.3177	31.0796	30.8739	30.8088	30.555	30.5339	30.4316	30.3232	30.2575	30.2206	30.2691	30.2234	30.2893	30.2813	30.3677	30.4028	30.362	30.4783	30.6786	30.8432	30.9359	31.1248	31.2113	31.3004	31.4479	31.4305	31.6198
Sin-APnd_024-Ex1-6E-lcwgs-1-2	39.222	39.0211	39.3366	39.3642	39.3703	39.3626	39.2922	39.3429	39.3569	39.3304	39.3893	39.2031	39.3262	39.3038	39.3386	39.5127	39.5418	39.4954	39.4768	39.4737	39.5118	39.4777	39.4504	39.4442	39.4034	39.3176	39.2673	39.3196	39.3489	39.2935	39.2776	39.2777	39.2655	39.2062	39.215	39.2438	39.1973	39.1357	39.207	39.2174	39.1733	39.1773	39.082	39.0013	38.8816	38.0996	39.1548	38.9743	38.9946	38.8438	38.9935	38.7314	38.5001	38.78	38.6477	38.4602	38.1898	38.0677	38.1441	38.1053	38.0317	38.0386	38.0497	38.0899	37.9019	38.2821	38.1992	38.052	37.9774	38.0816	38.2694	38.5228	38.6816	38.7709	38.7971	38.8	38.7974	38.793	38.7681	38.7601	38.714	38.6936	38.642	38.5975	38.5334	38.4686	38.3928	38.2945	38.1849	38.0726	37.9368	37.7807	37.6289	37.4312	37.2761	37.0491	36.8591	36.5973	36.3431	36.0722	35.7499	35.4099	35.0692	34.7319	34.4354	34.1359	33.894	33.7146	33.5041	33.3133	33.0837	32.8805	32.6667	32.4828	32.3096	32.1094	31.8469	31.6953	31.4243	31.2677	31.0866	30.87	30.644	30.4796	30.2577	30.0797	30.0445	29.8231	29.8471	29.7848	29.7332	29.7231	29.7524	29.8726	29.8964	30.039	30.1002	30.2563	30.3601	30.3822	30.5557	30.8056	31.0193	31.1638	31.3922	31.5157	31.6441	31.8243	31.8361	32.0515
Sin-APnd_025-Ex1-6F-lcwgs-1-2	39.2596	39.0277	39.3539	39.3786	39.4203	39.395	39.3173	39.366	39.3723	39.3467	39.4059	39.224	39.346	39.3211	39.3566	39.5244	39.5532	39.5096	39.4906	39.4907	39.5261	39.4922	39.4629	39.4588	39.4176	39.3394	39.2911	39.3455	39.3716	39.3157	39.298	39.3037	39.2911	39.2329	39.2424	39.2711	39.2271	39.1736	39.242	39.2515	39.214	39.2109	39.1166	39.0503	38.94	38.2395	39.1955	39.0287	39.048	38.9095	39.048	38.8068	38.5932	38.8563	38.7327	38.5616	38.3228	38.2206	38.2876	38.2519	38.184	38.1904	38.2033	38.2435	38.0682	38.4146	38.3388	38.2046	38.1282	38.2266	38.3997	38.63	38.7722	38.8519	38.8739	38.8761	38.8735	38.8662	38.839	38.8269	38.7775	38.7559	38.7025	38.6539	38.5894	38.5199	38.44	38.3406	38.2289	38.114	37.9756	37.8176	37.6663	37.4668	37.3114	37.0841	36.8948	36.6311	36.3807	36.1102	35.7929	35.4531	35.1205	34.7866	34.4945	34.1988	33.9547	33.7702	33.5589	33.3631	33.1317	32.9215	32.7042	32.5194	32.3388	32.1395	31.8746	31.7223	31.4475	31.2855	31.1043	30.8902	30.6635	30.4925	30.2698	30.0879	30.0481	29.826	29.8488	29.7864	29.7357	29.7233	29.7527	29.8719	29.8943	30.0352	30.0975	30.2565	30.3532	30.3716	30.5476	30.796	31.0042	31.1464	31.3794	31.5079	31.6347	31.8199	31.8401	32.0587
Sin-CPnd_013-Ex1-4E-lcwgs-1-2	38.8871	38.6746	39.1802	39.3113	39.3024	39.2815	39.3306	39.2927	39.3532	39.3323	39.3073	39.0286	39.3161	39.2008	39.3363	39.5194	39.5387	39.4879	39.3548	39.496	39.5169	39.4847	39.4669	39.4605	39.3887	39.3476	39.2984	39.3185	39.5089	39.3508	39.2911	39.3258	39.3581	39.2698	39.3226	39.1968	39.2556	39.2173	39.252	39.2694	39.2895	39.2839	39.1589	38.9387	38.8831	37.9016	39.2202	38.9694	38.9895	38.75	38.9927	38.6855	38.5452	38.8419	38.6242	38.475	38.2234	37.8234	37.9903	37.996	37.9306	38.0427	37.9427	37.9847	37.731	38.2758	38.075	38.0008	37.9742	38.0508	38.2032	38.6734	38.6677	38.7871	38.802	38.7911	38.8391	38.7847	38.821	38.8492	38.7427	38.5484	38.554	38.3984	38.346	38.446	38.446	38.3105	38.1661	38.1073	38.0347	37.9097	37.6879	37.6113	37.5419	37.325	37.2581	37.0573	36.9073	36.5774	36.5863	36.4952	36.1944	36.096	35.971	35.6605	35.6306	35.475	35.3234	35.3282	35.0758	35.0468	35.0774	34.7774	34.8145	34.5056	34.0976	34.1524	34.0234	33.6145	33.8024	33.4685	33.1508	33.2056	32.9782	32.6008	32.7411	32.5169	32.4468	32.4339	32.2391	32.1694	32.1177	32.0855	31.8226	32.0718	31.8883	31.6581	31.6298	31.6403	31.4758	31.4105	31.4863	31.3556	31.5347	31.6113	31.5774	31.5032	31.302	31.5129
Sin-CPnd_015-Ex1-4A-lcwgs-1-2	39.2476	38.8977	39.3036	39.3111	39.3635	39.3474	39.2161	39.3094	39.3565	39.3147	39.4066	39.1359	39.3399	39.3251	39.342	39.5304	39.6003	39.5311	39.4916	39.5505	39.5641	39.5519	39.5228	39.4672	39.4834	39.3833	39.3399	39.4909	39.4295	39.3761	39.394	39.3982	39.3869	39.379	39.3947	39.3833	39.3149	39.3433	39.3671	39.3912	39.2839	39.3653	39.267	39.2731	39.0916	38.7045	39.3901	39.2563	39.2885	39.0668	39.2563	38.9771	38.8655	39.1117	38.9832	38.8318	38.7353	38.6707	38.6858	38.6948	38.5437	38.6838	38.7019	38.6854	38.6101	38.8042	38.7407	38.6722	38.5426	38.6758	38.7669	38.8989	39.0446	39.0952	39.0238	39.0177	39.0772	39.0069	38.9743	39.0245	38.9099	38.8914	38.8742	38.745	38.6255	38.5997	38.6029	38.4842	38.4318	38.327	38.2294	38.1319	37.9643	37.7978	37.7232	37.4954	37.4344	37.1972	36.9737	36.8223	36.6411	36.3746	36.1414	35.9702	35.8342	35.6631	35.436	35.3223	35.2053	35.017	34.7942	34.5495	34.4365	34.2764	34.1509	34.0303	33.7734	33.5804	33.312	33.225	33.0024	32.7915	32.4646	32.2479	32.085	31.9013	31.7941	31.4776	31.361	31.225	31.0769	31.0758	30.8978	30.8691	30.9918	30.9624	30.9529	31.0326	30.8476	30.7733	30.7418	30.9305	30.8318	30.9097	31.1526	31.1641	31.1461	30.9897	30.8512	30.8817
Sin-CPnd_018-Ex1-11A-lcwgs-1-2	39.1964	38.949	39.3081	39.3564	39.369	39.3469	39.2821	39.3417	39.3593	39.3422	39.4068	39.1841	39.336	39.2942	39.3432	39.543	39.5869	39.5438	39.5138	39.5367	39.5701	39.5239	39.4942	39.4957	39.4644	39.4006	39.3675	39.4253	39.4593	39.391	39.385	39.4059	39.3799	39.3367	39.2983	39.3323	39.3083	39.2975	39.3575	39.3235	39.2879	39.3311	39.2396	39.1856	39.0816	38.7523	39.3234	39.2069	39.2336	39.0978	39.2171	39.0166	38.8362	39.0812	38.9722	38.8419	38.7178	38.4041	38.4961	38.492	38.4675	38.4564	38.4734	38.4126	38.3153	38.5076	38.4711	38.4188	38.3414	38.4115	38.552	38.7084	38.8314	38.9318	38.95	38.9582	38.9479	38.9467	38.9195	38.9132	38.8683	38.8592	38.811	38.7542	38.7173	38.6582	38.6146	38.5199	38.4499	38.3561	38.2544	38.1295	38.0208	37.8762	37.7718	37.5663	37.4423	37.2456	37.0553	36.8539	36.587	36.2908	35.9836	35.6972	35.4968	35.2212	35.0487	34.9035	34.7534	34.5891	34.4365	34.2563	34.0417	33.9177	33.7688	33.5869	33.3372	33.1663	32.9523	32.8009	32.6318	32.4915	32.2901	32.1605	31.9223	31.8232	31.7997	31.6497	31.7079	31.6624	31.5885	31.5992	31.5361	31.6338	31.5764	31.6393	31.6205	31.6711	31.6852	31.609	31.6836	31.8599	31.9552	31.9962	32.133	32.2155	32.2222	32.3101	32.2687	32.3825
Sin-CPnd_019-Ex1-1H-lcwgs-1-2	39.2845	38.9575	39.3547	39.3585	39.3976	39.3242	39.2585	39.3291	39.3358	39.3197	39.3898	39.1965	39.3288	39.2883	39.3298	39.5127	39.5709	39.5475	39.4873	39.5451	39.5571	39.508	39.4843	39.4943	39.448	39.3815	39.3505	39.4279	39.4506	39.412	39.3643	39.393	39.3669	39.3252	39.3416	39.3627	39.2639	39.3141	39.3558	39.3049	39.3294	39.332	39.2242	39.157	39.0328	38.7996	39.3076	39.1767	39.2215	39.0968	39.1685	38.9905	38.7586	39.0168	38.8984	38.7318	38.5969	38.1684	38.3371	38.3	38.2448	38.2806	38.267	38.2192	38.1399	38.2197	38.2295	38.1473	38.1291	38.2226	38.3474	38.5692	38.7375	38.8585	38.9211	38.9713	38.9843	38.9947	38.9669	38.9844	38.9216	38.9262	38.9123	38.8797	38.8429	38.8307	38.8047	38.7227	38.7083	38.6466	38.5707	38.4874	38.3872	38.3465	38.2152	38.0846	38.0061	37.8531	37.7349	37.5846	37.4038	37.2294	37.0737	36.8666	36.698	36.4565	36.3384	36.1986	36.1091	35.9458	35.7877	35.6252	35.5391	35.4344	35.2175	35.0846	34.8492	34.7155	34.4713	34.3565	34.1218	33.9932	33.7944	33.6015	33.423	33.2332	33.1034	32.8239	32.8929	32.7946	32.664	32.5289	32.4538	32.4684	32.3631	32.3461	32.1892	32.2559	32.0753	31.9235	32.0062	32.0354	32.0702	32.0209	32.1233	32.1241	32.0213	32.0642	31.8843	31.9361
Sin-CPnd_020-Ex1-12E-lcwgs-1-2	39.1953	38.9825	39.3524	39.3657	39.3676	39.3784	39.2996	39.3518	39.3698	39.3423	39.4035	39.2074	39.3532	39.3129	39.3412	39.5271	39.5669	39.5216	39.5052	39.513	39.5564	39.5047	39.4735	39.4784	39.4351	39.3565	39.3132	39.3725	39.3951	39.354	39.3302	39.3464	39.3226	39.2598	39.3098	39.2554	39.1395	39.2228	39.2934	39.2491	39.2705	39.2539	39.1704	39.0693	38.9588	38.2804	39.239	38.7099	39.004	38.8317	39.0422	38.7243	38.3923	38.8093	38.5631	38.3424	38.0032	38.2468	38.1823	38.1669	38.0729	38.0565	38.1119	38.263	37.9461	38.3624	38.1525	37.9837	37.9214	38.0533	38.2532	38.5582	38.7214	38.8215	38.8498	38.8647	38.8504	38.8458	38.8263	38.7945	38.737	38.702	38.6498	38.5631	38.5112	38.424	38.338	38.2289	38.1045	37.9863	37.8485	37.6803	37.5512	37.3702	37.204	37.0138	36.8515	36.6378	36.4293	36.2073	35.9884	35.7543	35.5311	35.2932	35.0908	34.9018	34.7094	34.5667	34.3886	34.214	34.0291	33.8536	33.6856	33.5315	33.3949	33.2178	32.9675	32.8711	32.6457	32.4855	32.3485	32.1188	31.8918	31.7309	31.5396	31.3366	31.2578	30.9914	30.9876	30.8069	30.6821	30.5633	30.5229	30.5546	30.502	30.5174	30.5358	30.5908	30.6563	30.5749	30.705	30.844	30.964	31.0127	31.1548	31.224	31.2501	31.3581	31.2351	31.4056
Sin-CPnd_021-Ex1-3D-lcwgs-1-2	39.3012	39.02	39.4584	39.4078	39.4256	39.3624	39.3226	39.3949	39.408	39.3555	39.361	39.2037	39.3651	39.3067	39.3482	39.6046	39.6122	39.5569	39.5334	39.5884	39.5794	39.5362	39.5559	39.4819	39.4268	39.4277	39.426	39.4768	39.4996	39.4591	39.4571	39.4298	39.4353	39.3038	39.4439	39.4246	39.3833	39.3612	39.4674	39.3776	39.37	39.4215	39.4059	39.3496	39.2563	39.0175	39.4073	39.3358	39.3385	39.2614	39.3458	39.1222	38.9584	39.2245	39.1225	38.9024	38.958	38.8529	38.8737	38.901	38.7655	38.835	38.8426	38.8561	38.8104	38.9418	38.9069	38.8367	38.7869	38.813	38.92	38.9476	39.1676	39.1591	39.1156	39.1322	39.1744	39.0741	39.0116	38.9656	38.9129	38.8628	38.7061	38.6698	38.5979	38.4583	38.3021	38.1818	38.0162	37.8745	37.6558	37.3983	37.2224	36.8282	36.7216	36.414	36.2295	35.7204	35.5027	35.1799	34.7773	34.3968	33.9775	33.7261	33.4374	33.1457	33.0807	32.9314	32.8039	32.6725	32.3885	32.2478	32.0612	31.9976	31.9955	31.7114	31.4163	31.2763	31.1398	30.9803	30.6978	30.6176	30.5357	30.3002	30.1901	30.0522	30.1334	29.8293	30.0905	30.1752	30.1799	30.3677	30.5381	30.7157	31.0029	31.135	31.0805	31.3401	31.539	31.4726	31.7391	31.8904	32.1503	32.2305	32.3173	32.5922	32.677	32.7596	32.6943	32.788
Sin-CPnd_022-Ex1-1D-lcwgs-1-2	39.1057	38.8204	39.2716	39.2868	39.3223	39.3225	39.2222	39.3005	39.3059	39.2927	39.3547	39.1299	39.2772	39.2594	39.2963	39.5365	39.5698	39.5007	39.5048	39.5047	39.5454	39.5092	39.4666	39.4847	39.4113	39.3788	39.3505	39.4478	39.4711	39.4181	39.3845	39.4002	39.365	39.3242	39.3541	39.3611	39.3104	39.2834	39.3515	39.3046	39.365	39.362	39.2144	39.1533	39.0661	38.8291	39.3568	39.221	39.245	39.1208	39.2019	38.9888	38.8153	39.0161	38.9189	38.7647	38.6152	38.2692	38.4358	38.3646	38.3313	38.374	38.3849	38.3257	38.2053	38.3687	38.3333	38.2279	38.1652	38.2863	38.4088	38.6042	38.797	38.8784	38.9345	38.9703	39.0047	39.0252	39.0075	39.0335	38.9864	39.0045	38.9767	38.9394	38.9379	38.8904	38.8907	38.8808	38.81	38.8028	38.741	38.6951	38.6383	38.5484	38.5168	38.4282	38.4018	38.2785	38.197	38.0903	37.9636	37.8219	37.6964	37.5854	37.4707	37.2756	37.1762	37.1116	36.9971	36.8742	36.6949	36.5601	36.4281	36.3216	36.1723	35.9344	35.7159	35.5898	35.3539	35.1955	35.0607	34.8515	34.6184	34.4459	34.2249	33.9708	33.8916	33.6588	33.4983	33.4074	33.1933	33.0481	32.8841	32.7198	32.6071	32.493	32.2852	32.2183	31.967	31.7356	31.6559	31.6834	31.6616	31.6263	31.5781	31.5512	31.4376	31.3366	31.1885	31.174
Sin-CPnd_023-Ex1-12B-lcwgs-1-2	39.1347	38.8796	39.2895	39.3625	39.342	39.3522	39.2573	39.329	39.359	39.3033	39.3754	39.1751	39.3244	39.3178	39.3457	39.5311	39.5497	39.5192	39.4945	39.5064	39.5291	39.4909	39.4691	39.4765	39.4492	39.3595	39.2839	39.3474	39.3725	39.3224	39.3176	39.3117	39.3082	39.0983	39.2075	39.0786	38.8214	39.0539	39.171	39.0189	39.1803	39.1989	39.0934	38.7913	38.6352	37.0974	39.1219	37.9396	38.6865	38.3914	38.7694	38.1837	37.6194	38.2558	37.7597	37.4023	36.5671	37.0817	36.9466	36.9693	36.7347	36.667	36.7494	37.1107	36.4801	37.2946	36.7974	36.488	36.4002	36.6817	37.1402	37.7917	38.1973	38.4169	38.5082	38.5544	38.5964	38.5982	38.57	38.5808	38.5119	38.4804	38.4221	38.3445	38.2837	38.1797	38.0558	37.9307	37.8128	37.6708	37.5258	37.358	37.1624	36.9648	36.7998	36.5644	36.3815	36.1692	35.9146	35.7118	35.4371	35.1756	34.9185	34.7187	34.5266	34.309	34.1347	33.9831	33.8106	33.6473	33.4979	33.3018	33.1532	33.0267	32.8795	32.7481	32.5139	32.4417	32.1999	32.1012	31.9557	31.7497	31.5692	31.4211	31.2402	31.0683	31.0383	30.8122	30.7914	30.6669	30.5888	30.503	30.4764	30.582	30.53	30.6536	30.7098	30.7873	30.9186	30.8651	30.9992	31.2224	31.3268	31.4372	31.6163	31.6604	31.7316	31.8428	31.7793	31.9261
Sin-CPnd_024-Ex1-12C-lcwgs-1-2	39.1565	38.9412	39.307	39.3557	39.4191	39.3768	39.2815	39.3423	39.3643	39.3336	39.3962	39.1861	39.3392	39.342	39.3499	39.5449	39.5701	39.5196	39.4903	39.5232	39.5588	39.5078	39.4864	39.484	39.436	39.3687	39.2993	39.3646	39.3891	39.3571	39.311	39.3289	39.3151	39.2089	39.2718	39.213	39.0589	39.1978	39.2282	39.1942	39.2244	39.2438	39.1193	38.9451	38.8309	37.8161	39.1925	38.4062	38.8681	38.6829	38.9571	38.5166	38.103	38.5898	38.2169	37.9553	37.4268	37.7629	37.6932	37.679	37.5563	37.5097	37.5584	37.8181	37.3569	37.9642	37.5941	37.368	37.3019	37.5071	37.8032	38.222	38.5094	38.659	38.6985	38.7158	38.7127	38.7071	38.6656	38.6409	38.5887	38.5309	38.4595	38.355	38.2534	38.1713	38.0358	37.896	37.7503	37.5878	37.4091	37.1819	36.9781	36.7641	36.5828	36.3227	36.0866	35.8456	35.5637	35.3268	35.0426	34.7791	34.5054	34.2619	34.0622	33.8025	33.6145	33.4815	33.2495	33.071	32.9052	32.7027	32.5684	32.388	32.2598	32.1008	31.8671	31.7675	31.5496	31.3756	31.2359	31.067	30.8857	30.7043	30.5722	30.3306	30.2767	30.0624	30.0798	29.9517	29.8765	29.8092	29.7381	29.8996	29.8701	30.0436	30.1069	30.2465	30.4009	30.4037	30.5742	30.7701	30.9761	31.0542	31.2634	31.3532	31.4397	31.5982	31.5504	31.7179
Sin-CPnd_025-Ex1-3B-lcwgs-1-2	39.2815	38.986	39.3503	39.3768	39.4067	39.3878	39.3275	39.3365	39.3528	39.3704	39.4056	39.2314	39.3288	39.3046	39.3244	39.5436	39.574	39.5471	39.4972	39.4961	39.5533	39.5099	39.4936	39.4877	39.45	39.3499	39.3203	39.4043	39.4336	39.3986	39.3651	39.4573	39.392	39.3433	39.3724	39.3847	39.3586	39.331	39.4157	39.4534	39.3464	39.3706	39.2891	39.2855	39.186	39.0522	39.3814	39.2452	39.2817	39.1911	39.28	39.1383	38.986	39.1475	39.0733	38.9635	38.9131	38.8913	38.9277	38.9116	38.8586	38.8863	38.8335	38.87	38.8211	38.9756	38.9347	38.8506	38.8328	38.7756	38.9138	39.0188	39.0518	39.076	39.0689	39.0727	39.0648	39.0078	39.0311	38.9717	38.8997	38.909	38.8185	38.8123	38.6814	38.6737	38.6189	38.532	38.4215	38.3456	38.2567	38.1128	37.9381	37.8921	37.817	37.5943	37.5389	37.3241	37.1186	36.9969	36.7403	36.5108	36.3193	36.0574	36.044	35.7615	35.6516	35.5421	35.4023	35.3046	35.0689	34.9968	34.7857	34.5938	34.5296	34.269	34.0428	33.9367	33.6647	33.526	33.4759	33.0198	32.8842	32.7275	32.4586	32.2264	32.1162	31.9241	31.8669	31.8008	31.5378	31.5425	31.4791	31.4578	31.3491	31.4129	31.3271	31.3498	31.2628	31.0449	31.0086	31.1871	31.2498	31.2641	31.3885	31.2632	31.2943	31.2927	31.2379	31.3176
Sin-CPnd_028-Ex1-12H-lcwgs-1-2	39.1973	38.932	39.3426	39.3371	39.4038	39.3513	39.2724	39.3212	39.3653	39.3199	39.388	39.1675	39.3263	39.2917	39.3364	39.5242	39.5634	39.5128	39.4994	39.5091	39.5423	39.5056	39.4791	39.463	39.4253	39.3532	39.301	39.3656	39.3968	39.3483	39.3326	39.329	39.3168	39.2466	39.2932	39.2729	39.1533	39.235	39.2931	39.2499	39.2587	39.2449	39.1554	39.0734	38.9722	38.3156	39.2306	38.7516	39.0306	38.8559	39.0516	38.7325	38.444	38.8075	38.5691	38.3836	38.0736	38.2851	38.2353	38.2167	38.1191	38.1355	38.1465	38.2946	38.024	38.3995	38.1771	38.0308	37.9651	38.0947	38.2778	38.5578	38.7336	38.8192	38.8179	38.8278	38.8216	38.8101	38.7601	38.7401	38.6777	38.6599	38.5826	38.5221	38.4413	38.3645	38.2784	38.1698	38.0689	37.9564	37.8148	37.6901	37.5392	37.3794	37.2305	37.0555	36.9181	36.7093	36.5207	36.3406	36.1348	35.9165	35.727	35.5165	35.3351	35.1395	34.9915	34.868	34.6802	34.545	34.3643	34.213	34.0364	33.8517	33.7217	33.5055	33.3111	33.2024	32.9441	32.7788	32.6604	32.4437	32.2248	32.057	31.8766	31.6598	31.5562	31.2952	31.2245	31.0804	30.956	30.8118	30.7322	30.7334	30.6324	30.6979	30.6255	30.6741	30.6952	30.5993	30.6897	30.8333	30.9363	30.9543	31.0714	31.1076	31.1051	31.176	31.0299	31.146
Sin-CPnd_029-Ex1-4D-lcwgs-1-2	39.2592	38.9929	39.3434	39.3488	39.3832	39.4085	39.3152	39.3548	39.3535	39.3858	39.398	39.2188	39.3479	39.2865	39.3707	39.5436	39.6002	39.5632	39.5203	39.537	39.5766	39.5228	39.4594	39.5214	39.4785	39.3985	39.3593	39.4551	39.4762	39.4472	39.404	39.423	39.394	39.3058	39.3357	39.3559	39.3447	39.3354	39.3749	39.4045	39.3306	39.3602	39.2766	39.2012	39.1927	38.5403	39.4153	39.2197	39.2382	39.1085	39.2785	39.0419	38.8329	39.1145	39.009	38.8548	38.6447	38.5582	38.6353	38.6137	38.5577	38.6137	38.5924	38.6199	38.4621	38.8167	38.7089	38.6524	38.5389	38.6561	38.7598	38.8878	39.0641	39.0928	39.0732	39.0522	38.933	38.9538	38.91	38.8287	38.6957	38.6907	38.4749	38.428	38.2269	38.1018	37.9491	37.7105	37.568	37.3533	37.1779	36.8361	36.6299	36.338	36.1098	35.6829	35.3303	35.0471	34.6086	34.3663	33.967	33.5601	33.3252	32.9908	32.7712	32.5414	32.3967	32.1715	32.151	31.9485	31.7188	31.5183	31.2871	31.2439	31.0911	30.9905	30.7761	30.7328	30.5372	30.3845	30.1786	30.0768	29.8271	29.8416	29.6147	29.6445	29.7463	29.4514	29.5808	29.5951	29.7128	29.6303	29.8732	30.0631	30.1556	30.5215	30.7038	30.8996	31.0317	31.0451	31.3246	31.6952	31.7691	32.1061	32.1743	32.3236	32.5554	32.4741	32.6231	32.8659
Sin-CPnd_031-Ex1-3G-lcwgs-1-2	39.2678	38.9652	39.3324	39.3729	39.448	39.3931	39.3135	39.4382	39.3469	39.3415	39.4036	39.2168	39.3066	39.3226	39.3703	39.5733	39.6011	39.5772	39.5459	39.5407	39.6301	39.5283	39.4973	39.5655	39.5257	39.4636	39.3864	39.4982	39.4947	39.3974	39.4176	39.4607	39.4405	39.3265	39.3846	39.3677	39.4307	39.3287	39.4463	39.4046	39.3905	39.4199	39.2492	39.2632	39.1362	38.9678	39.3846	39.2769	39.2577	39.1734	39.2975	39.0673	38.9018	39.0879	39.0556	38.8147	38.7415	38.5747	38.6211	38.6172	38.6087	38.5868	38.6491	38.5809	38.4987	38.6456	38.639	38.5809	38.4915	38.56	38.6629	38.8538	38.9155	38.9939	39.0409	39.1121	39.019	39.0184	39.0523	38.9606	38.9074	38.956	38.8209	38.8855	38.7774	38.7801	38.6602	38.6168	38.56	38.4634	38.3589	38.246	38.1484	37.9936	37.8738	37.7958	37.5934	37.4521	37.2376	37.1651	37.026	36.9007	36.6601	36.4867	36.3673	36.1799	36.0284	35.8812	35.9099	35.6455	35.5691	35.2932	35.192	35.0138	34.8953	34.7752	34.5502	34.3671	34.0994	33.8924	33.7648	33.5928	33.3985	33.2366	33.1553	32.8713	32.9278	32.6265	32.5674	32.4812	32.3175	32.1809	32.1482	32.2024	32.0503	31.8746	31.8569	31.6711	31.4747	31.5299	31.6295	31.6866	31.7823	31.7085	31.6889	31.8162	31.6664	31.6203	31.445	31.3589
Sin-CPnd_032-Ex1-3E-lcwgs-1-2	39.2381	38.9255	39.3072	39.3451	39.3592	39.3168	39.3152	39.3378	39.2925	39.3456	39.3628	39.1353	39.3522	39.2717	39.3367	39.4909	39.5763	39.5569	39.4674	39.5087	39.5312	39.5148	39.4794	39.4928	39.4757	39.386	39.3709	39.4233	39.4212	39.3597	39.3623	39.3973	39.3152	39.2839	39.3227	39.3838	39.3093	39.3394	39.3678	39.356	39.3142	39.3457	39.2205	39.1204	39.058	38.8701	39.329	39.1817	39.2038	39.0859	39.1346	38.9583	38.7452	38.9551	38.8597	38.7362	38.5017	38.2708	38.37	38.3526	38.3024	38.2674	38.3225	38.3226	38.1734	38.4173	38.3341	38.2394	38.2362	38.2952	38.416	38.6492	38.745	38.9004	38.9484	38.9242	38.943	38.9457	38.9315	38.9695	38.8801	38.8774	38.9057	38.8613	38.8169	38.7341	38.7811	38.7348	38.6602	38.6124	38.5608	38.513	38.4902	38.3731	38.2981	38.212	38.1258	38.067	37.9709	37.8809	37.7033	37.5989	37.4593	37.191	37.0836	36.9535	36.8424	36.7348	36.6113	36.3802	36.3869	36.1425	36.0121	35.8293	35.8217	35.6273	35.3743	35.1757	35.023	34.7235	34.6075	34.3398	34.2595	34.0158	33.7637	33.5125	33.5191	33.1267	33.0886	32.998	32.7978	32.6627	32.4305	32.4559	32.1801	32.2072	32.0274	31.8301	31.8082	31.5116	31.3551	31.4188	31.404	31.4129	31.5107	31.3656	31.3756	31.2893	31.0866	30.9879
Sin-CPnd_033-Ex1-1B-lcwgs-1-2	38.9657	38.5514	39.1252	39.3107	39.2818	39.1923	39.087	39.2458	39.2403	39.157	39.393	39.1361	39.3966	39.3403	39.2754	39.5669	39.6001	39.541	39.4385	39.6247	39.5345	39.546	39.5309	39.3916	39.5529	39.4147	39.3035	39.3302	39.4832	39.3851	39.4616	39.4197	39.4118	39.2927	39.3623	39.3042	39.1342	39.2754	39.2934	38.9441	39.3021	39.2422	39.0415	38.5009	38.3616	37.8275	39.1714	39.0559	39.0076	38.8849	38.921	38.506	38.1451	38.2014	38.0043	37.8174	37.1736	35.1014	36.0505	35.9257	35.7228	35.5807	35.6817	35.3237	35.4125	35.0393	35.113	35.2219	35.3049	35.5951	35.9798	36.4973	37.2638	37.899	38.0823	38.3544	38.3291	38.3818	38.4901	38.4533	38.5334	38.4691	38.4107	38.4511	38.3955	38.2988	38.2598	38.1978	38.0419	38.0657	37.7207	37.7517	37.5994	37.362	37.3482	37.1101	36.8733	36.7218	36.4244	36.2938	36.1689	35.8968	35.5193	35.2508	35.0617	34.9267	34.6048	34.6243	34.3313	34.7088	34.4136	34.2584	34.083	33.9935	33.9733	33.891	33.9206	33.6377	33.6167	33.3367	33.2905	33.1324	33.0559	33.0242	33.0004	33.0884	33.022	32.9816	32.9448	33.0437	32.843	33.0126	32.9664	33.149	33.035	33.0639	33.0354	33.3454	33.3555	33.1173	33.0379	33.3569	33.3916	33.4161	33.5374	33.6146	33.5287	33.8831	33.8759	33.839
Sin-CPnd_034-Ex1-3C-lcwgs-1-2	39.2753	38.9741	39.3651	39.3251	39.3739	39.4051	39.3319	39.37	39.3499	39.3313	39.3889	39.2186	39.3348	39.3321	39.3942	39.5258	39.6002	39.5268	39.5151	39.5291	39.5459	39.5303	39.4975	39.4854	39.4439	39.4217	39.3566	39.4401	39.476	39.4129	39.4192	39.4194	39.4284	39.3305	39.3651	39.3645	39.3382	39.3704	39.3926	39.3963	39.3897	39.4206	39.2846	39.2827	39.2348	39.0226	39.3944	39.28	39.2637	39.161	39.2501	39.0876	39.0142	39.213	39.039	38.9554	38.8763	38.9366	38.8755	38.8616	38.8464	38.8759	38.8974	38.9067	38.7517	38.9774	38.8978	38.8696	38.78	38.8784	38.9384	38.9847	39.1061	39.146	39.1013	39.0737	39.1095	39.0874	39.0729	39.0784	39.0558	39.0454	38.889	38.914	38.8691	38.8636	38.8562	38.7464	38.7142	38.6025	38.5265	38.45	38.3736	38.2949	38.1787	38.0934	37.968	37.8412	37.7094	37.5106	37.4313	37.1819	37.038	36.8144	36.7214	36.4127	36.2679	36.2244	36.1146	35.8971	35.7397	35.6469	35.4301	35.2432	35.0265	34.9763	34.6351	34.5621	34.2884	34.1109	33.9231	33.734	33.518	33.2602	33.045	32.9536	32.8528	32.5435	32.4115	32.4277	32.1447	32.0316	31.9184	31.9859	31.7705	31.7867	31.6777	31.5441	31.4954	31.2964	31.1761	31.4409	31.3672	31.3719	31.4612	31.4547	31.4502	31.4028	31.3111	31.4108
Sin-CPnd_035-Ex1-12D-lcwgs-1-2	39.2215	38.9779	39.3306	39.3606	39.3944	39.3775	39.2773	39.3472	39.3696	39.3422	39.4052	39.1975	39.3384	39.3221	39.3577	39.5487	39.5678	39.5349	39.4995	39.5241	39.5465	39.5193	39.4936	39.491	39.4497	39.392	39.3411	39.3906	39.4173	39.3676	39.3455	39.3496	39.3413	39.2754	39.3165	39.27	39.2459	39.2394	39.317	39.2651	39.2846	39.2776	39.1747	39.0556	38.9686	38.2024	39.2492	38.7143	39.0073	38.8612	39.061	38.7096	38.3719	38.7941	38.516	38.3075	37.9165	38.1547	38.1158	38.0982	38.0008	37.9706	38.024	38.189	37.8606	38.311	38.0556	37.8797	37.8044	37.9433	38.1974	38.5265	38.718	38.8378	38.8498	38.8726	38.8833	38.8727	38.8464	38.8354	38.7818	38.7626	38.7059	38.672	38.6125	38.5365	38.4722	38.3756	38.296	38.1975	38.0884	37.9593	37.8377	37.6916	37.5466	37.4059	37.2539	37.0744	36.8707	36.6974	36.5005	36.3053	36.0803	35.8939	35.6893	35.4914	35.3132	35.1987	35.0301	34.8767	34.71	34.5295	34.3432	34.2146	34.0439	33.8475	33.6447	33.5077	33.2715	33.0776	32.9251	32.7228	32.5176	32.3286	32.1433	31.9035	31.8465	31.5602	31.4792	31.3384	31.1481	31.0595	30.97	30.9282	30.8673	30.878	30.8366	30.8362	30.8322	30.7033	30.7677	30.9284	31.0126	31.0427	31.1459	31.1684	31.2174	31.2731	31.1381	31.1992
Sin-CPnd_038-Ex1-11C-lcwgs-1-2	39.1955	38.9401	39.3324	39.3594	39.4085	39.404	39.296	39.3593	39.3741	39.3457	39.4109	39.2083	39.3512	39.3011	39.3555	39.5493	39.5899	39.5464	39.5194	39.5445	39.5628	39.537	39.5104	39.513	39.4713	39.4141	39.3723	39.4443	39.4783	39.4081	39.3918	39.4108	39.3866	39.3497	39.3329	39.3502	39.3352	39.3209	39.3914	39.3489	39.3132	39.3681	39.2548	39.1993	39.0834	38.7429	39.3492	39.2414	39.2502	39.1378	39.2458	39.057	38.8719	39.0875	38.9993	38.8681	38.746	38.3406	38.476	38.4771	38.4351	38.4266	38.4419	38.3856	38.3162	38.4377	38.4307	38.3961	38.3504	38.4122	38.5391	38.7219	38.8518	38.9439	38.9745	38.9976	38.988	38.9745	38.9571	38.9499	38.8911	38.8787	38.8396	38.7939	38.7543	38.7009	38.6397	38.5543	38.4701	38.4079	38.2904	38.1717	38.046	37.9145	37.8081	37.6328	37.4844	37.2997	37.0996	36.9099	36.642	36.3885	36.1502	35.89	35.6329	35.4334	35.2315	35.1067	34.9681	34.851	34.6429	34.4886	34.338	34.1975	34.0345	33.8506	33.6159	33.4861	33.2779	33.1152	32.9985	32.8023	32.63	32.4925	32.318	32.1647	32.1399	32.0008	32.0315	32.008	31.925	31.9038	31.9271	31.9531	31.8712	31.9302	31.9112	31.9402	31.9042	31.8082	31.8805	31.9857	32.0899	32.1322	32.2446	32.3389	32.3174	32.4029	32.3322	32.4291
Sin-CPnd_039-Ex1-10F-lcwgs-1-2	39.256	38.9499	39.3648	39.3749	39.4172	39.3869	39.3152	39.3805	39.3728	39.3484	39.4053	39.2022	39.3594	39.317	39.3636	39.5582	39.5942	39.5544	39.5218	39.549	39.5744	39.5388	39.5045	39.5085	39.4828	39.4133	39.366	39.4385	39.4718	39.4078	39.3887	39.4189	39.3392	39.3491	39.3469	39.368	39.2819	39.2716	39.3853	39.3458	39.3179	39.3647	39.249	39.1369	39.052	38.384	39.3266	39.0568	39.0614	38.8488	39.16	38.8088	38.5325	38.9677	38.65	38.4808	38.1263	38.3024	38.2728	38.2819	38.1691	38.1483	38.1866	38.3463	38.0373	38.5038	38.2138	38.0665	38.0125	38.179	38.4057	38.6978	38.8595	38.942	38.9742	38.9652	38.9511	38.9499	38.9183	38.8954	38.8268	38.8013	38.7415	38.6802	38.6072	38.5281	38.4505	38.3433	38.249	38.109	38.0058	37.8558	37.7119	37.5606	37.4279	37.2368	37.096	36.9225	36.6887	36.5386	36.3292	36.1274	35.9192	35.7197	35.5277	35.3446	35.1513	35.0404	34.8643	34.7128	34.5313	34.3613	34.2045	34.0139	33.9062	33.7088	33.4559	33.3096	33.067	32.9139	32.7481	32.5306	32.307	32.1298	31.8758	31.6655	31.5763	31.3448	31.2456	31.1209	30.9573	30.8438	30.7308	30.746	30.6219	30.6618	30.6012	30.5993	30.6442	30.5175	30.5816	30.7306	30.85	30.8376	30.98	30.9846	31.0403	31.0719	30.9863	31.0626
Sin-CPnd_040-Ex1-11E-lcwgs-1-2	39.1663	38.9363	39.3394	39.3659	39.388	39.355	39.2984	39.3489	39.3603	39.3297	39.4101	39.19	39.3366	39.2905	39.3489	39.5546	39.5871	39.538	39.5051	39.5229	39.5633	39.5328	39.5054	39.4936	39.4599	39.4152	39.3681	39.421	39.4691	39.4086	39.3736	39.4198	39.3828	39.3571	39.3512	39.3416	39.3325	39.302	39.3926	39.3585	39.3104	39.3518	39.2462	39.2231	39.1049	38.8137	39.3474	39.2157	39.2325	39.1356	39.2295	39.06	38.894	39.1175	39.0131	38.8701	38.7518	38.4858	38.581	38.5823	38.541	38.5546	38.5633	38.5404	38.4556	38.6062	38.5814	38.5266	38.4824	38.5266	38.6486	38.7876	38.8977	38.9871	39.0005	38.9905	39.0001	38.976	38.9519	38.9484	38.8927	38.8773	38.8187	38.7676	38.7219	38.6766	38.6021	38.5197	38.4088	38.3455	38.2315	38.1297	37.9959	37.8477	37.7464	37.5462	37.431	37.2032	36.9926	36.8018	36.5518	36.2716	35.9827	35.7346	35.4948	35.2418	35.038	34.9449	34.7949	34.6467	34.4416	34.2837	34.1413	33.9861	33.8294	33.6683	33.4037	33.2827	33.0723	32.9253	32.7556	32.574	32.4309	32.325	32.1122	31.9987	32.0111	31.803	31.8672	31.8722	31.7764	31.7822	31.7638	31.8579	31.7843	31.8558	31.8175	31.855	31.8641	31.7551	31.789	31.9574	32.0748	32.0923	32.2369	32.3592	32.3482	32.4675	32.3574	32.4431
Sin-CPnd_042-Ex1-10D-lcwgs-1-2	39.2074	38.9423	39.3178	39.3592	39.3742	39.3571	39.2483	39.3298	39.3528	39.2983	39.3854	39.1916	39.3291	39.3214	39.3276	39.5427	39.5735	39.5402	39.505	39.5487	39.5629	39.5145	39.4954	39.4907	39.4697	39.4032	39.3438	39.4078	39.4457	39.3833	39.3612	39.3799	39.2825	39.3235	39.2759	39.3154	39.2522	39.2292	39.3395	39.3133	39.2138	39.3212	39.2064	39.0093	38.904	37.9072	39.2741	38.8973	38.8924	38.6363	39.0519	38.5749	38.1683	38.8005	38.3042	38.1046	37.5392	37.7907	37.7753	37.7685	37.6509	37.6004	37.6688	37.8486	37.4206	38.0594	37.6436	37.4701	37.4311	37.646	38.0186	38.4393	38.6713	38.801	38.827	38.8625	38.8466	38.8354	38.8115	38.8212	38.7467	38.6918	38.611	38.5589	38.4684	38.4035	38.2652	38.1534	38.0192	37.9051	37.7404	37.5489	37.3859	37.1896	36.9859	36.8064	36.6003	36.3433	36.0807	35.8641	35.5597	35.3085	35.0504	34.7767	34.5997	34.318	34.1289	33.9871	33.739	33.6039	33.3825	33.1928	33.0077	32.8223	32.6816	32.4547	32.2569	32.1038	31.8625	31.7068	31.5591	31.2691	31.0802	30.8981	30.7069	30.5055	30.3808	30.1549	30.1095	30.0079	29.8523	29.7729	29.7336	29.7869	29.7455	29.8759	29.8277	29.9759	30.0637	30.0634	30.1759	30.386	30.5688	30.6861	30.8548	30.9321	31.0064	31.1551	31.0847	31.2675
Sin-CPnd_043-Ex1-1C-lcwgs-1-2	39.2194	38.8779	39.3052	39.334	39.395	39.3565	39.2982	39.3087	39.3421	39.3044	39.3939	39.1676	39.3309	39.2782	39.3444	39.5281	39.5693	39.5422	39.5011	39.544	39.5571	39.5251	39.4831	39.4554	39.4417	39.3952	39.3338	39.4059	39.4582	39.3838	39.3749	39.3899	39.3631	39.3088	39.364	39.364	39.2997	39.341	39.3947	39.3533	39.3516	39.3342	39.2344	39.2251	39.1416	38.9448	39.3625	39.2391	39.2687	39.138	39.2443	39.0659	38.903	39.1016	39.0129	38.9071	38.7962	38.6618	38.7012	38.7041	38.6466	38.6703	38.6751	38.6606	38.5355	38.705	38.6681	38.5894	38.5376	38.5972	38.7087	38.8221	38.9302	39.0024	39.0152	39.0287	39.0533	39.0415	38.9998	38.9814	38.9906	38.9814	38.915	38.9333	38.9033	38.9014	38.8473	38.8354	38.7788	38.7533	38.6914	38.6429	38.5605	38.499	38.4584	38.3889	38.2882	38.2321	38.1624	38.0517	37.9127	37.8035	37.6474	37.4848	37.3675	37.1717	37.0836	37.0077	36.9043	36.7742	36.6523	36.5173	36.3489	36.2244	36.0466	35.8675	35.6322	35.4794	35.2454	35.0443	34.8965	34.6841	34.4051	34.2216	34.0157	33.8321	33.7403	33.4208	33.3762	33.2393	32.9929	32.8106	32.6911	32.6399	32.3718	32.3311	32.1615	31.9503	31.8066	31.5886	31.5267	31.5869	31.5576	31.4174	31.4937	31.4804	31.368	31.3455	31.1112	31.0362
Sin-CPnd_044-Ex1-2C-lcwgs-1-2	38.7713	38.6136	38.9685	39.0069	39.1412	39.2157	39.0123	39.1404	39.2095	39.1128	39.241	38.8926	39.0744	39.0576	39.0499	39.2663	39.3691	39.3254	39.2141	39.3131	39.3354	39.3031	39.2103	39.2786	39.2417	39.0729	38.982	39.1412	39.1205	39.013	38.9563	39.0299	38.8826	38.7053	38.9371	38.8204	38.8216	38.8354	38.8012	38.9263	38.9854	38.9263	38.8254	38.769	38.6293	38.4543	38.9286	38.7544	38.7245	38.6101	38.8235	38.6692	38.3254	38.6969	38.4643	38.4267	38.1128	37.977	38.0192	38.152	38.0476	38.0092	38.1596	38.0629	37.8987	37.9478	37.9954	37.9885	37.9409	37.8926	38.066	38.2356	38.35	38.3638	38.3101	38.2629	38.3392	38.2433	38.1366	38.1581	38.122	37.888	37.9087	37.8496	37.5395	37.5687	37.3807	37.0606	36.944	36.7045	36.581	36.2134	36.0361	35.8914	35.3461	35.099	34.8665	34.4206	34.3822	34.1658	33.518	33.3538	33.0649	32.8503	32.4712	32.1949	31.9793	31.8342	31.7153	31.6915	31.4996	31.2832	31.1036	31.043	31.1251	30.8074	30.7414	30.6761	30.5472	30.4394	30.0614	30.2018	29.7982	29.9233	29.4896	29.4643	29.3292	29.0921	29.3093	29.4689	29.4781	29.4674	29.7345	30.1504	30.0975	30.1404	30.4601	30.6312	30.8534	30.8327	31.0721	31.2325	31.6554	31.6124	32.0161	32.1627	32.241	32.2233	32.2755	32.4121
Sin-CPnd_045-Ex1-11H-lcwgs-1-2	39.2586	38.9564	39.3478	39.3337	39.3977	39.3407	39.2758	39.333	39.3525	39.3335	39.3914	39.1802	39.33	39.2793	39.3387	39.5304	39.5744	39.524	39.4993	39.5166	39.5589	39.5218	39.4927	39.4778	39.4398	39.3813	39.347	39.4183	39.4439	39.3838	39.3638	39.3931	39.3595	39.3485	39.3588	39.3659	39.3195	39.3123	39.3919	39.371	39.3524	39.3448	39.2411	39.2579	39.184	38.9867	39.3466	39.228	39.2536	39.1565	39.2527	39.0967	38.9551	39.161	39.074	38.9684	38.9114	38.8844	38.8857	38.8736	38.8356	38.8606	38.8659	38.8878	38.7955	38.9504	38.898	38.8352	38.7781	38.8097	38.8912	38.9867	39.05	39.0837	39.0875	39.0856	39.0772	39.0756	39.0501	39.0501	39.0162	39.0168	38.9865	38.9756	38.9523	38.9327	38.9058	38.8663	38.8279	38.7977	38.7433	38.6948	38.6495	38.5817	38.5271	38.4554	38.3945	38.3019	38.2056	38.1248	37.9948	37.8707	37.7209	37.5642	37.4299	37.2581	37.1104	37.0254	36.9105	36.782	36.6373	36.4908	36.3371	36.1868	36.0269	35.8475	35.6093	35.4416	35.2385	35.0506	34.9016	34.6927	34.4816	34.2994	34.0642	33.8575	33.7653	33.4883	33.4207	33.3102	33.0978	32.9514	32.8139	32.7267	32.5426	32.4603	32.286	32.1922	32.0531	31.8055	31.7435	31.7854	31.7752	31.6922	31.7252	31.6777	31.6085	31.5758	31.4031	31.4031
Sin-CPnd_049-Ex1-4C-lcwgs-1-2	39.2484	38.967	39.3499	39.3811	39.4207	39.4161	39.3073	39.3466	39.3479	39.3668	39.4383	39.1899	39.3033	39.2599	39.3375	39.4992	39.5849	39.4917	39.4922	39.5264	39.5199	39.531	39.5058	39.4685	39.4413	39.4252	39.3259	39.3723	39.4242	39.3698	39.4076	39.3229	39.3622	39.3637	39.2766	39.3068	39.3038	39.2919	39.3451	39.3325	39.3134	39.3441	39.2423	39.0675	38.9693	38.3154	39.3678	39.2579	39.2065	38.9521	39.2146	38.9149	38.8489	39.0282	38.8937	38.7683	38.5189	38.339	38.4806	38.396	38.3909	38.3209	38.3315	38.3919	38.1804	38.5683	38.465	38.3053	38.266	38.4997	38.5285	38.8237	38.9395	38.9642	38.9753	38.8761	38.8474	38.8267	38.7662	38.6856	38.6771	38.6131	38.597	38.3849	38.3516	38.1315	38.0569	37.9164	37.6917	37.5204	37.3698	37.1758	37.1113	36.727	36.5733	36.3446	36.1698	35.8458	35.5693	35.3078	34.9783	34.6751	34.4448	33.9985	34.0025	33.7048	33.4544	33.3965	33.1526	33.0705	33.006	32.7836	32.4655	32.5063	32.3229	32.1214	31.9013	31.8015	31.5612	31.4108	31.2866	31.1088	30.8207	30.6685	30.4962	30.4136	30.3748	30.1139	30.1567	30.1058	30.1995	30.2332	30.1909	30.4927	30.4866	30.6081	30.865	30.9146	30.9914	31.1395	31.199	31.2987	31.7421	31.5431	31.8992	31.9159	32.0101	31.8821	32.0259	32.2655
Sin-CPnd_050-Ex1-9B-lcwgs-1-2	39.1897	38.9011	39.3169	39.3861	39.365	39.3729	39.289	39.3411	39.365	39.3167	39.394	39.248	39.3527	39.3477	39.3585	39.563	39.5805	39.5574	39.539	39.551	39.566	39.5241	39.501	39.4657	39.4695	39.4207	39.3269	39.4058	39.4213	39.3821	39.398	39.3722	39.3793	39.2456	39.3177	39.2315	39.1145	39.2255	39.3308	39.2744	39.0427	39.3014	39.1626	38.881	38.6759	37.8497	39.2127	39.0844	39.0535	38.8238	38.9449	38.6123	38.2925	38.4591	38.2989	38.0769	37.4256	36.8894	37.2601	37.1223	37.0037	36.9665	36.9855	36.9896	36.7908	36.9657	37.1913	37.0331	36.861	37.0016	37.3181	37.7901	38.2239	38.5393	38.6647	38.7218	38.7485	38.7506	38.7268	38.7406	38.6725	38.644	38.5859	38.5343	38.4582	38.3689	38.2903	38.1477	38.0267	37.9215	37.7353	37.5683	37.4172	37.2185	37.0609	36.8135	36.6238	36.3754	36.1072	35.8884	35.5825	35.3158	35.0306	34.7659	34.5651	34.3841	34.1856	34.0974	33.9457	33.8293	33.6735	33.505	33.364	33.2252	33.134	32.9823	32.7846	32.7201	32.4818	32.3784	32.2479	32.0916	31.9139	31.8283	31.6414	31.5267	31.593	31.4373	31.5249	31.5738	31.5345	31.5844	31.6697	31.7794	31.8336	31.9534	32.0192	32.1519	32.2444	32.2398	32.344	32.5199	32.6742	32.7816	32.9401	33.0144	33.0725	33.1981	33.1695	33.2942
Sin-CPnd_051-Ex1-12G-lcwgs-1-2	39.1761	38.9059	39.301	39.3559	39.3794	39.3696	39.2588	39.3564	39.3456	39.3132	39.384	39.1774	39.3266	39.3189	39.3412	39.5398	39.5648	39.5245	39.5079	39.519	39.5407	39.5139	39.4864	39.4802	39.4539	39.3936	39.3438	39.3852	39.4139	39.3649	39.3679	39.3439	39.3596	39.2228	39.3044	39.1928	39.0109	39.198	39.2449	39.1947	39.2311	39.2538	39.1658	38.9578	38.8379	37.4558	39.2067	38.2099	38.8186	38.5887	38.9257	38.3728	37.862	38.4519	37.9967	37.7004	37.0151	37.4884	37.3711	37.3768	37.1826	37.1323	37.2127	37.5046	36.9653	37.6653	37.23	36.9544	36.8835	37.1143	37.5139	38.0486	38.4081	38.5898	38.6687	38.6944	38.7242	38.7199	38.7032	38.6906	38.637	38.609	38.5543	38.48	38.3897	38.3068	38.2372	38.0997	37.9739	37.8571	37.6927	37.5461	37.3608	37.1741	37.001	36.7883	36.5997	36.3594	36.1381	35.9186	35.6685	35.3971	35.1809	34.9233	34.7244	34.5131	34.3012	34.2031	33.9906	33.779	33.6219	33.4237	33.2337	33.0717	32.9441	32.7756	32.5724	32.4435	32.2234	32.0982	31.938	31.7511	31.5056	31.3509	31.1835	30.9526	30.9203	30.6756	30.6143	30.5029	30.3815	30.2815	30.2321	30.2853	30.2482	30.3897	30.3627	30.502	30.579	30.5557	30.6703	30.8858	31.006	31.0675	31.2369	31.2912	31.3917	31.4733	31.4199	31.5719
Sin-CPnd_053-Ex1-9G-lcwgs-1-2	39.1923	38.8778	39.2884	39.3621	39.3811	39.3649	39.2521	39.3453	39.3523	39.3074	39.384	39.2009	39.3254	39.3149	39.3401	39.5512	39.5653	39.5397	39.5164	39.5315	39.5579	39.5244	39.4954	39.4866	39.461	39.3937	39.3445	39.4061	39.4309	39.386	39.3795	39.3695	39.3608	39.2489	39.3124	39.2572	39.2075	39.2604	39.3367	39.2996	39.1824	39.3088	39.189	39.0114	38.8567	38.0594	39.2456	39.1111	39.0793	38.908	39.0137	38.7097	38.3947	38.6126	38.4462	38.2632	37.7301	37.3485	37.6242	37.5113	37.4353	37.4128	37.4194	37.4243	37.2512	37.4229	37.5866	37.4494	37.3144	37.4485	37.7089	38.0937	38.4295	38.6757	38.7709	38.8119	38.8239	38.8512	38.8352	38.8173	38.7591	38.7319	38.6833	38.6336	38.5629	38.4731	38.3932	38.2685	38.1647	38.0346	37.8894	37.701	37.5708	37.3573	37.2227	36.9799	36.8101	36.5569	36.3409	36.0771	35.8175	35.5164	35.2529	34.9961	34.7802	34.562	34.3939	34.2767	34.1288	33.9695	33.8376	33.6723	33.5137	33.3582	33.2459	33.098	32.8496	32.7723	32.5359	32.3953	32.2555	32.0855	31.8886	31.7854	31.59	31.5051	31.471	31.3538	31.4209	31.4083	31.3937	31.4257	31.4765	31.5789	31.5962	31.7363	31.7728	31.8554	31.9636	31.9393	32.0378	32.2229	32.3369	32.4672	32.6304	32.6931	32.7647	32.8675	32.8194	32.9673
Sin-CPnd_058-Ex1-9D-lcwgs-1-2	39.206	38.9359	39.3068	39.3644	39.3896	39.3767	39.2593	39.3312	39.339	39.3265	39.3873	39.2119	39.3305	39.3034	39.3381	39.5455	39.5881	39.5251	39.5212	39.5331	39.5449	39.513	39.494	39.4842	39.4592	39.3878	39.3314	39.4051	39.4151	39.3741	39.372	39.3851	39.3514	39.2987	39.3471	39.2864	39.2405	39.2866	39.3602	39.319	39.1991	39.2998	39.1943	39.0354	38.8982	38.3603	39.261	39.122	39.1349	38.9654	39.0593	38.7875	38.5286	38.7295	38.6128	38.4512	38.0523	37.7587	37.9544	37.8931	37.8158	37.82	37.8322	37.8222	37.6625	37.847	37.9431	37.8318	37.7419	37.8312	38.0463	38.3471	38.6182	38.7819	38.8404	38.8876	38.8872	38.8966	38.8788	38.8484	38.816	38.7775	38.7156	38.6766	38.586	38.5102	38.4271	38.3118	38.2169	38.0789	37.9456	37.774	37.6286	37.4201	37.2691	37.0609	36.8893	36.639	36.4019	36.19	35.8761	35.5949	35.298	35.0543	34.8018	34.6041	34.3961	34.2736	34.1378	33.9724	33.7553	33.6618	33.5022	33.3006	33.1779	33.0073	32.7798	32.6582	32.4372	32.3143	32.1487	32.0242	31.8123	31.686	31.499	31.3427	31.3454	31.158	31.2128	31.2134	31.1609	31.1739	31.234	31.3477	31.3382	31.4635	31.4959	31.6215	31.6902	31.6361	31.7729	31.9613	32.1524	32.2188	32.4253	32.5028	32.5359	32.6825	32.6295	32.7855
Sin-CPnd_061-Ex1-9A-lcwgs-1-2	39.2124	38.9323	39.3246	39.3722	39.3647	39.3496	39.2733	39.3443	39.3653	39.3235	39.3967	39.1954	39.3332	39.3047	39.3543	39.5451	39.5751	39.5483	39.5216	39.537	39.5559	39.5192	39.4965	39.4816	39.4655	39.3968	39.3393	39.4066	39.4212	39.3866	39.3688	39.3761	39.3512	39.2913	39.3226	39.3016	39.2494	39.2787	39.3648	39.3177	39.2131	39.3201	39.1932	39.0732	38.9318	38.4579	39.2745	39.1552	39.1426	38.9917	39.0953	38.845	38.6116	38.8056	38.6769	38.4953	38.2018	37.9372	38.1206	38.0361	37.9766	37.9748	37.995	38.0028	37.8286	38.0199	38.0979	37.9879	37.8895	37.9773	38.1575	38.4228	38.6673	38.8108	38.8927	38.8972	38.902	38.8938	38.8648	38.8556	38.7848	38.7814	38.7129	38.6595	38.5928	38.5095	38.4473	38.3303	38.2313	38.0923	37.9638	37.7994	37.6612	37.4802	37.3461	37.1034	36.923	36.6857	36.4486	36.2391	36.0004	35.6763	35.4368	35.1609	34.9418	34.7156	34.5426	34.4626	34.3246	34.1793	33.9971	33.8344	33.6763	33.4869	33.3934	33.2187	32.9916	32.863	32.6595	32.4973	32.3526	32.192	32.0056	31.85	31.6689	31.5387	31.5074	31.3648	31.3999	31.3765	31.3341	31.332	31.3884	31.5091	31.484	31.5903	31.6084	31.7134	31.728	31.6904	31.8111	32.0064	32.103	32.1857	32.3801	32.439	32.4897	32.5626	32.53	32.6768
Sin-CPnd_062-Ex1-11D-lcwgs-1-2	39.1862	38.9563	39.3402	39.3642	39.3879	39.3595	39.2567	39.3262	39.3657	39.3201	39.4	39.1719	39.3323	39.2966	39.353	39.5405	39.5818	39.5276	39.4989	39.5333	39.5603	39.5171	39.4974	39.4866	39.4598	39.3947	39.348	39.4249	39.4448	39.3945	39.3695	39.3964	39.38	39.3239	39.3222	39.3292	39.318	39.2982	39.3589	39.3262	39.2856	39.3368	39.235	39.186	39.0654	38.7343	39.3265	39.1962	39.2254	39.1178	39.2069	39.0116	38.8312	39.0555	38.9671	38.8274	38.7023	38.3645	38.4627	38.4509	38.4294	38.4183	38.4393	38.3876	38.3019	38.4758	38.4384	38.3978	38.3434	38.3924	38.5326	38.7191	38.8508	38.923	38.9585	38.9652	38.9785	38.9844	38.9442	38.9579	38.9016	38.8934	38.8286	38.8136	38.7643	38.7306	38.6756	38.5957	38.5067	38.458	38.3797	38.2494	38.144	38.0308	37.9168	37.7488	37.6331	37.4309	37.2563	37.0802	36.8217	36.5781	36.3121	36.0632	35.8028	35.5623	35.3594	35.2612	35.0958	34.9615	34.7568	34.6277	34.4316	34.3031	34.1005	33.9795	33.7005	33.5564	33.3471	33.2148	33.0309	32.8521	32.6698	32.5147	32.2676	32.1529	32.1082	31.922	31.9292	31.8895	31.7827	31.7472	31.7125	31.7368	31.679	31.7153	31.7146	31.713	31.7016	31.643	31.6835	31.8266	31.9106	31.9737	32.1106	32.1426	32.146	32.2007	32.1375	32.2015
Sin-CPnd_063-Ex1-9F-lcwgs-1-2	39.2122	38.9357	39.3468	39.3608	39.4221	39.3918	39.3046	39.3525	39.3485	39.3316	39.4011	39.2075	39.3597	39.3105	39.3518	39.5681	39.5912	39.5375	39.5306	39.5349	39.5692	39.5281	39.4902	39.4891	39.4675	39.4057	39.3481	39.4073	39.4598	39.3959	39.377	39.3786	39.3707	39.2811	39.332	39.3099	39.2221	39.2925	39.3656	39.3363	39.2141	39.3379	39.1999	39.0729	38.9303	38.4086	39.2916	39.1523	39.1569	39.0078	39.1082	38.8397	38.5998	38.79	38.6651	38.4959	38.1374	37.864	38.045	37.9736	37.9065	37.9059	37.9223	37.9099	37.7674	37.9326	38.0397	37.9333	37.8097	37.9114	38.1237	38.4135	38.6449	38.7916	38.8896	38.9068	38.9113	38.9099	38.8705	38.8326	38.7907	38.7408	38.6894	38.6091	38.5309	38.4345	38.3403	38.2178	38.0904	37.9496	37.7787	37.6131	37.4208	37.2063	37.057	36.795	36.5924	36.3271	36.0784	35.8203	35.532	35.2761	34.9792	34.6782	34.4772	34.2533	34.076	33.9706	33.8267	33.6895	33.4796	33.3749	33.1812	33.0634	32.9239	32.7814	32.5718	32.409	32.2415	32.0773	31.9739	31.7893	31.5881	31.4546	31.2886	31.1648	31.1744	31.0344	31.1209	31.1094	31.088	31.1675	31.2368	31.3588	31.4498	31.5754	31.6192	31.7448	31.836	31.8352	31.9509	32.2022	32.3353	32.4339	32.629	32.7121	32.7661	32.9016	32.8677	33.0232
Sin-CPnd_065-Ex1-11B-lcwgs-1-2	39.1738	38.8944	39.3373	39.3926	39.3775	39.3757	39.303	39.342	39.3723	39.3248	39.4081	39.2042	39.3541	39.3158	39.358	39.5514	39.5918	39.5484	39.5124	39.5452	39.5697	39.533	39.5106	39.5233	39.4926	39.4229	39.3787	39.4151	39.4527	39.4203	39.3961	39.4045	39.3819	39.2957	39.2984	39.2551	39.2937	39.2794	39.3334	39.2407	39.1543	39.3256	39.2083	39.0552	38.8745	38.3113	39.2813	39.1792	39.1872	39.0481	39.1499	38.9221	38.6866	38.8958	38.7957	38.6234	38.3732	37.4522	37.7413	37.7126	37.6976	37.6627	37.673	37.5059	37.4432	37.6004	37.6383	37.6077	37.5758	37.7012	37.9312	38.2231	38.4871	38.6985	38.7829	38.8353	38.8702	38.8922	38.861	38.8536	38.8156	38.7887	38.7537	38.7135	38.6737	38.6126	38.557	38.477	38.3962	38.302	38.1954	38.0861	37.9666	37.8256	37.7005	37.5391	37.3846	37.1574	36.9723	36.7638	36.5191	36.2774	35.9765	35.7021	35.4882	35.2507	35.0431	34.9428	34.8087	34.6579	34.5077	34.3462	34.1923	34.0761	33.9062	33.7826	33.5503	33.4077	33.2461	33.0912	32.9628	32.7839	32.6343	32.5182	32.3455	32.2368	32.2726	32.0849	32.1575	32.1469	32.0564	32.069	32.1049	32.1708	32.1302	32.2121	32.1636	32.274	32.2403	32.1686	32.2607	32.3984	32.4997	32.5698	32.6876	32.7644	32.8159	32.8924	32.8276	32.9323
Sin-CPnd_067-Ex1-9C-lcwgs-1-2	39.2134	38.9536	39.334	39.3657	39.4195	39.4095	39.3144	39.3699	39.3713	39.3324	39.4153	39.1927	39.3539	39.3299	39.3675	39.5596	39.5937	39.5503	39.5354	39.5427	39.5615	39.5348	39.4957	39.4916	39.4824	39.4261	39.3584	39.4186	39.4426	39.3909	39.3895	39.3952	39.3768	39.3011	39.3368	39.306	39.2119	39.2806	39.3712	39.3308	39.1798	39.3161	39.1964	39.0501	38.9257	38.3754	39.2672	39.1516	39.1385	38.9644	39.0773	38.8401	38.554	38.7671	38.6147	38.4615	38.0733	37.7749	37.9966	37.9179	37.8366	37.8106	37.8496	37.8547	37.7102	37.8654	37.944	37.8431	37.7447	37.8417	38.0512	38.3728	38.5911	38.7794	38.8487	38.8796	38.8957	38.889	38.8559	38.8382	38.7893	38.7544	38.6708	38.628	38.5482	38.451	38.378	38.252	38.0997	37.9939	37.8087	37.6581	37.4687	37.2708	37.1043	36.8804	36.6703	36.4413	36.1573	35.9253	35.6537	35.3362	35.0796	34.7866	34.5691	34.3619	34.1811	34.0891	33.9353	33.8012	33.6026	33.4727	33.2912	33.1652	33.014	32.8795	32.7044	32.561	32.347	32.2139	32.0648	31.9033	31.7061	31.5814	31.4094	31.2637	31.2995	31.1407	31.2469	31.2094	31.1938	31.2897	31.3573	31.4817	31.5159	31.6554	31.677	31.8218	31.8781	31.8433	32.0027	32.2177	32.3731	32.4509	32.6302	32.7034	32.7843	32.8929	32.7979	32.9951
Sin-CPnd_074-Ex1-12A-lcwgs-1-2	39.1733	38.933	39.3116	39.3662	39.3739	39.3456	39.2972	39.3431	39.3637	39.3285	39.4002	39.1922	39.3385	39.3234	39.3456	39.5411	39.574	39.5141	39.4953	39.5189	39.5393	39.5158	39.4728	39.4937	39.4434	39.373	39.3166	39.3755	39.4105	39.3519	39.3348	39.3247	39.3224	39.2434	39.2959	39.2091	39.0939	39.1878	39.2463	39.1991	39.2259	39.2389	39.1422	38.9893	38.8532	37.96	39.1952	38.5462	38.9313	38.7323	38.9868	38.598	38.2048	38.6586	38.326	38.0988	37.6272	37.9099	37.847	37.8322	37.6957	37.6922	37.7425	37.9519	37.5525	38.0756	37.7737	37.5745	37.4671	37.6619	37.9453	38.3227	38.5648	38.6939	38.7393	38.7473	38.7501	38.7603	38.7131	38.6855	38.63	38.6037	38.5172	38.463	38.3728	38.2922	38.1848	38.0556	37.9404	37.7834	37.6443	37.4705	37.3226	37.1034	36.9477	36.7005	36.5326	36.3007	36.0309	35.816	35.5139	35.2806	34.9883	34.7746	34.5336	34.3058	34.0862	33.9624	33.7812	33.5836	33.4034	33.2047	33.0684	32.8771	32.7287	32.5599	32.3486	32.2296	31.9791	31.7912	31.6559	31.4815	31.209	31.1071	30.8778	30.6778	30.6011	30.3711	30.3435	30.1966	30.056	30.0182	29.9304	29.9847	30.0119	30.0861	30.1271	30.1984	30.2836	30.2971	30.4049	30.6464	30.8258	30.8895	31.0908	31.1536	31.2389	31.3414	31.2811	31.4461
Sin-CPnd_075-Ex1-11G-lcwgs-1-2	39.1639	38.9068	39.3156	39.3619	39.3851	39.365	39.2559	39.3479	39.3517	39.3121	39.3884	39.1906	39.3147	39.2927	39.348	39.5413	39.5807	39.5291	39.5146	39.5379	39.5631	39.528	39.4965	39.4979	39.4725	39.412	39.3742	39.4219	39.4456	39.4036	39.3888	39.3967	39.3858	39.2421	39.2822	39.2596	39.2924	39.2973	39.3559	39.3019	39.2281	39.3413	39.2365	39.1324	39.0053	38.4324	39.3045	39.2099	39.2237	39.0692	39.1933	38.9726	38.7439	38.9739	38.8522	38.6892	38.4828	37.8341	38.0388	38.0197	37.9834	37.9614	37.9923	37.8629	37.8035	37.9307	37.9657	37.9389	37.903	37.9889	38.1664	38.424	38.6473	38.8183	38.8757	38.9022	38.9227	38.9255	38.9037	38.8974	38.8668	38.8473	38.7946	38.7797	38.7155	38.6832	38.62	38.5415	38.4742	38.3845	38.2646	38.1564	38.0447	37.8839	37.7789	37.6081	37.4545	37.2429	37.0488	36.8717	36.6465	36.3372	36.067	35.7877	35.5601	35.2851	35.1381	35.0211	34.8625	34.7008	34.5404	34.3601	34.1914	34.0601	33.9029	33.741	33.5155	33.355	33.1407	33.0182	32.8661	32.6796	32.5165	32.38	32.218	32.0754	32.0932	31.9382	31.96	31.9241	31.8669	31.843	31.8142	31.8987	31.8308	31.8869	31.8874	31.9356	31.9454	31.862	31.9514	32.1193	32.2207	32.2928	32.4297	32.5021	32.5298	32.6011	32.5497	32.6686
Sin-CPnd_076-Ex1-10E-lcwgs-1-2	39.2669	38.9983	39.3583	39.369	39.3789	39.3592	39.3174	39.3602	39.3808	39.3512	39.3979	39.2065	39.3424	39.3046	39.3651	39.5466	39.5788	39.5319	39.5003	39.5335	39.5596	39.5309	39.4949	39.4878	39.4571	39.4076	39.3572	39.4231	39.4558	39.3919	39.3717	39.4069	39.3335	39.3424	39.33	39.3529	39.2917	39.2788	39.3739	39.3441	39.2977	39.3288	39.2173	39.151	39.0625	38.4607	39.3167	39.0538	39.0686	38.8789	39.1519	38.8356	38.5647	38.9798	38.6987	38.5407	38.2122	38.3849	38.3559	38.3564	38.2709	38.2707	38.3052	38.4375	38.1328	38.5625	38.3172	38.1927	38.1473	38.2628	38.4847	38.7457	38.8839	38.9625	38.9858	38.98	38.9873	38.9647	38.9413	38.9212	38.8514	38.8214	38.7651	38.7106	38.6406	38.5564	38.4835	38.381	38.2738	38.1602	38.0328	37.8935	37.7743	37.6109	37.4551	37.2964	37.1406	36.9514	36.7498	36.5617	36.3493	36.1366	35.9179	35.6987	35.5227	35.2918	35.1054	34.9781	34.8115	34.6559	34.4416	34.256	34.117	33.956	33.7615	33.6	33.3545	33.2268	32.9651	32.8112	32.6826	32.4029	32.197	31.981	31.7804	31.5328	31.445	31.1772	31.1008	30.9763	30.7851	30.6625	30.5858	30.5652	30.4821	30.5014	30.4373	30.4971	30.4942	30.4163	30.4651	30.6276	30.7469	30.735	30.8584	30.9091	30.9426	30.983	30.8935	30.9722
Sin-CPnd_079-Ex1-9H-lcwgs-1-2	39.1585	38.9203	39.3221	39.3294	39.4089	39.3545	39.26	39.3317	39.3354	39.3068	39.3803	39.1994	39.308	39.2848	39.3199	39.5456	39.5518	39.5155	39.5127	39.5249	39.5475	39.4992	39.4799	39.4594	39.4345	39.3655	39.3239	39.3873	39.402	39.3619	39.3472	39.3567	39.3379	39.2633	39.2896	39.3002	39.2404	39.2557	39.3314	39.3048	39.2142	39.283	39.1669	39.0586	38.9338	38.4572	39.2484	39.121	39.114	38.9606	39.0748	38.8328	38.5774	38.7868	38.6693	38.5224	38.2029	37.9779	38.1398	38.0625	38.0114	38.008	38.0344	38.0378	37.8979	38.0567	38.1366	38.0348	37.9165	38.0268	38.1954	38.4481	38.661	38.795	38.8376	38.8576	38.8512	38.8576	38.823	38.7792	38.7353	38.686	38.6331	38.5652	38.4973	38.3772	38.289	38.1684	38.0477	37.9027	37.7537	37.5651	37.3841	37.1671	37.0375	36.782	36.5741	36.3238	36.0859	35.8089	35.5172	35.2313	34.9344	34.6922	34.4722	34.2333	34.0778	33.9129	33.7947	33.6316	33.4807	33.3171	33.1426	33.029	32.8643	32.6985	32.4947	32.3601	32.1785	32.0012	31.8629	31.6816	31.4771	31.3804	31.2091	31.0323	31.0691	30.8697	30.9353	30.9104	30.9601	30.9565	31.0227	31.1441	31.1677	31.3295	31.3749	31.4923	31.5749	31.5351	31.6539	31.8795	32.0225	32.132	32.3475	32.4062	32.4458	32.5544	32.5446	32.6739
Sin-CPnd_080-Ex1-2E-lcwgs-1-2	39.2955	38.9487	39.3266	39.3779	39.4113	39.3651	39.2811	39.371	39.4158	39.3155	39.4761	39.2117	39.401	39.2748	39.2471	39.4979	39.5782	39.5649	39.5279	39.559	39.5283	39.5427	39.5024	39.4537	39.4813	39.4494	39.4171	39.4519	39.4746	39.3562	39.3751	39.3018	39.3447	39.0968	39.3747	39.3198	39.2487	39.2411	39.2115	39.3096	39.31	39.2145	39.186	39.0669	39.0058	38.7816	39.1919	39.0924	39.0924	38.9477	39.1002	38.7013	38.624	38.8427	38.6577	38.56	38.3606	38.0135	38.1067	38.0664	37.9806	38.0287	37.998	37.9824	37.9097	37.8699	37.9621	37.9166	37.8466	37.8973	38.0479	38.3924	38.5604	38.7283	38.7639	38.7938	38.8482	38.8201	38.7646	38.7139	38.769	38.7631	38.772	38.7069	38.7024	38.7183	38.6332	38.6044	38.5441	38.5837	38.3865	38.3302	38.2562	38.2096	38.0901	37.9495	38.0117	37.8022	37.588	37.6369	37.3897	37.2106	37.0937	36.9205	36.7385	36.6086	36.4488	36.4817	36.3282	36.1095	36.0633	35.9094	35.7813	35.775	35.4957	35.3137	35.1475	34.9507	34.7816	34.6836	34.4978	34.2903	34.1275	33.9909	33.7001	33.4741	33.4502	33.1	33.1629	33.0915	32.7731	32.77	32.6268	32.4144	32.2753	32.2157	32.0472	31.9702	31.9386	31.5375	31.5593	31.5793	31.5553	31.637	31.6311	31.5112	31.4987	31.5223	31.312	31.4376
Sin-CPnd_081-Ex1-10G-lcwgs-1-2	39.218	38.8994	39.3139	39.3609	39.3862	39.3747	39.2546	39.3588	39.3578	39.3137	39.3805	39.1816	39.3295	39.2972	39.3412	39.5495	39.5785	39.549	39.5137	39.541	39.5614	39.5381	39.5033	39.4948	39.4769	39.4211	39.3644	39.4184	39.4604	39.4005	39.371	39.3724	39.3039	39.3055	39.2845	39.3413	39.2774	39.2189	39.3448	39.2942	39.2618	39.3335	39.2196	39.0616	38.9534	37.8714	39.2843	38.8879	38.8912	38.6402	39.0689	38.5783	38.1786	38.7931	38.2942	38.1028	37.514	37.81	37.7714	37.7643	37.6351	37.5874	37.659	37.8602	37.4192	38.0744	37.6258	37.4375	37.4151	37.6164	37.9758	38.4238	38.6808	38.8114	38.8567	38.865	38.8725	38.8782	38.8556	38.8416	38.7873	38.7552	38.7022	38.6482	38.5641	38.4877	38.4116	38.3004	38.1888	38.0837	37.9604	37.8209	37.6917	37.5079	37.3639	37.1893	37.0489	36.8086	36.6405	36.428	36.2196	35.9852	35.783	35.5555	35.3612	35.1551	34.9935	34.8324	34.6889	34.5144	34.3301	34.1375	33.9969	33.8284	33.6839	33.484	33.2671	33.1224	32.8912	32.7243	32.5479	32.3414	32.1076	31.9283	31.6952	31.4492	31.3903	31.1231	31.0223	30.9487	30.7598	30.673	30.5699	30.5828	30.5173	30.5388	30.4692	30.5473	30.5634	30.4992	30.5513	30.753	30.8522	30.8632	30.9878	31.0385	31.0673	31.1112	31.0466	31.1761
Sin-CPnd_085-Ex1-4H-lcwgs-1-2	39.1596	38.894	39.3275	39.3042	39.3798	39.3213	39.2466	39.3216	39.3283	39.314	39.3939	39.1564	39.3097	39.2572	39.3028	39.5253	39.5851	39.5218	39.5007	39.5273	39.5623	39.5187	39.4833	39.4706	39.428	39.3753	39.3477	39.4201	39.4436	39.3977	39.3761	39.3987	39.3497	39.346	39.3507	39.3734	39.3371	39.3214	39.3878	39.3661	39.3433	39.338	39.2261	39.2132	39.1476	38.7046	39.3444	39.2089	39.2282	39.1157	39.2228	39.0413	38.8679	39.1149	39.0081	38.8869	38.7405	38.7118	38.7364	38.7315	38.6726	38.6826	38.7047	38.7234	38.5958	38.8554	38.755	38.6694	38.6096	38.6611	38.7783	38.9173	38.9904	39.0386	39.042	39.0413	39.0254	39.0312	39.021	39.0043	38.9607	38.9519	38.9443	38.9167	38.9079	38.8777	38.8484	38.8145	38.776	38.7426	38.7056	38.6591	38.6258	38.5572	38.5131	38.4759	38.4347	38.3561	38.2849	38.2427	38.1361	38.0686	37.956	37.838	37.7435	37.5901	37.4646	37.3974	37.2788	37.1745	37.0427	36.9019	36.7823	36.6207	36.4771	36.2634	36.0434	35.8603	35.6921	35.4646	35.2875	35.0714	34.8408	34.6328	34.3454	34.0842	33.9488	33.6211	33.5142	33.3417	33.0902	32.8813	32.6701	32.5528	32.2899	32.1955	31.9481	31.8257	31.6006	31.2952	31.1967	31.2048	31.1184	31.0202	30.9915	30.9039	30.8025	30.7392	30.4792	30.4211
Sin-CPnd_088-Ex1-2D-lcwgs-1-2	39.0835	38.8229	39.1723	39.2773	39.2524	39.2915	39.1211	39.2635	39.2321	39.1467	39.2804	39.0536	39.236	39.1593	39.2119	39.4078	39.4836	39.3818	39.3885	39.4392	39.4218	39.3933	39.3422	39.3822	39.3393	39.139	39.1952	39.1723	39.2563	39.2003	39.125	39.2461	39.154	38.9928	39.0859	39.112	39.0389	38.918	39.0265	39.0806	39.0478	39.0352	38.9071	38.958	38.8176	38.7225	39.0386	38.9001	39.014	38.8581	38.9189	38.709	38.5077	38.721	38.654	38.4961	38.4146	38.2625	38.3398	38.2505	38.2625	38.222	38.1839	38.3118	38.2037	38.3494	38.2543	38.2254	38.0883	38.1771	38.2331	38.4059	38.3847	38.5845	38.4995	38.5521	38.5179	38.4189	38.3649	38.4001	38.3485	38.1762	38.1134	37.9797	37.8055	37.7852	37.6045	37.3185	37.2046	36.9783	36.694	36.6858	36.3224	35.924	35.737	35.4643	35.1385	34.7519	34.4097	34.1699	33.6602	33.1303	32.9011	32.6264	32.1969	32.0478	31.8089	31.9575	31.528	31.4764	31.3885	31.1829	31.1573	30.9855	30.7804	30.8509	30.5652	30.4006	30.3977	29.9722	30.1819	29.8948	29.6902	29.5748	29.4122	29.3181	29.4981	29.3021	29.6144	29.5208	29.715	29.8103	29.8707	30.2066	30.2683	30.5101	30.7189	30.7864	31.1004	31.0565	31.5695	31.7934	32.0782	32.2027	32.4035	32.5497	32.7331	32.8065	32.9932	33.0068
Sin-CPnd_089-Ex1-9E-lcwgs-1-2	39.2142	38.9501	39.3436	39.36	39.3633	39.3603	39.3043	39.344	39.3545	39.3441	39.4007	39.1928	39.3401	39.2973	39.3404	39.5397	39.571	39.5341	39.5055	39.5274	39.5532	39.5155	39.4871	39.4767	39.4383	39.3835	39.3378	39.4086	39.449	39.3681	39.3599	39.3646	39.352	39.2982	39.3368	39.3378	39.2504	39.286	39.3658	39.3341	39.2425	39.3194	39.2014	39.1023	38.9931	38.5572	39.2972	39.1574	39.1615	39.0132	39.1244	38.8693	38.6722	38.8765	38.7663	38.6048	38.3228	38.154	38.2857	38.2367	38.1482	38.1728	38.1861	38.2069	38.0465	38.2262	38.2802	38.201	38.089	38.1746	38.3416	38.5718	38.7581	38.8858	38.9087	38.9407	38.9338	38.919	38.9053	38.8793	38.817	38.8157	38.7536	38.7107	38.6215	38.5588	38.4779	38.3769	38.2927	38.1572	38.0348	37.8904	37.7467	37.5767	37.4434	37.2282	37.0788	36.8558	36.6476	36.45	36.202	35.9573	35.6804	35.4841	35.2995	35.082	34.9162	34.8228	34.6767	34.5295	34.3292	34.2222	34.0699	33.9291	33.7789	33.6258	33.4154	33.2887	33.0652	32.9355	32.7878	32.6341	32.4487	32.3118	32.1378	31.9422	31.942	31.7767	31.7527	31.7457	31.6941	31.6974	31.7125	31.7733	31.7756	31.8012	31.8402	31.8756	31.9143	31.8712	31.9545	32.1087	32.2377	32.271	32.3968	32.4819	32.5066	32.5512	32.4829	32.606
Sin-CPnd_090-Ex1-12F-lcwgs-1-2	39.2309	38.9614	39.3677	39.3568	39.4335	39.4046	39.3307	39.3747	39.377	39.3627	39.4185	39.2075	39.3617	39.3133	39.3694	39.5506	39.5916	39.5375	39.5193	39.5295	39.57	39.5358	39.5088	39.4939	39.4462	39.3974	39.3592	39.4318	39.4499	39.3947	39.3669	39.3924	39.364	39.3395	39.3527	39.3517	39.2689	39.2993	39.3606	39.3476	39.3334	39.3247	39.2172	39.2084	39.1394	38.7779	39.318	39.0527	39.1708	39.054	39.1931	38.9612	38.7566	39.0407	38.8976	38.7505	38.6038	38.7238	38.6828	38.6754	38.6108	38.6248	38.642	38.721	38.5414	38.7974	38.6733	38.5663	38.5048	38.5638	38.6938	38.8547	38.9412	38.9868	38.994	38.9939	38.9925	38.9904	38.9719	38.9714	38.9382	38.9336	38.905	38.8878	38.8585	38.8324	38.8023	38.7629	38.7236	38.6973	38.6409	38.5879	38.5446	38.4818	38.437	38.3668	38.3148	38.2316	38.1555	38.0785	37.9762	37.8744	37.7681	37.6463	37.5449	37.4017	37.2788	37.1819	37.0696	36.9512	36.8143	36.6776	36.5196	36.3866	36.2347	36.059	35.8149	35.6765	35.4619	35.2586	35.1249	34.8937	34.6578	34.4579	34.2117	33.9528	33.8297	33.5193	33.3985	33.2335	32.9889	32.7811	32.5912	32.4677	32.2599	32.143	31.9454	31.8193	31.6737	31.4027	31.3165	31.3325	31.2986	31.1772	31.1893	31.0831	31.0131	30.948	30.7149	30.6867
Sin-CPnd_092-Ex1-11F-lcwgs-1-2	39.1976	38.9275	39.3439	39.3669	39.4263	39.392	39.3153	39.3476	39.3854	39.3452	39.4136	39.2123	39.3372	39.2966	39.352	39.5551	39.5961	39.5481	39.5017	39.5432	39.5648	39.537	39.5122	39.5147	39.4789	39.4224	39.3764	39.4402	39.4729	39.4138	39.3817	39.4087	39.386	39.3452	39.3342	39.3337	39.3371	39.3184	39.389	39.3582	39.3059	39.3478	39.2639	39.1968	39.0796	38.7241	39.3479	39.2369	39.2479	39.1433	39.2514	39.0595	38.8778	39.0863	39.001	38.8379	38.7244	38.3405	38.458	38.4353	38.4036	38.4085	38.4301	38.364	38.292	38.4432	38.421	38.3831	38.3352	38.3926	38.5344	38.7151	38.8408	38.934	38.9928	38.9828	38.9883	38.9903	38.9364	38.9242	38.8867	38.8677	38.8031	38.7475	38.6969	38.6547	38.5602	38.4677	38.3776	38.277	38.1506	38.0138	37.9005	37.7067	37.5903	37.403	37.2357	37.0012	36.8002	36.5536	36.2615	35.9799	35.6897	35.3898	35.1129	34.8773	34.6694	34.5879	34.4269	34.2819	34.0555	33.8896	33.7324	33.581	33.4185	33.2738	33.0052	32.8638	32.6531	32.5224	32.409	32.1882	32.0193	31.9029	31.7579	31.6629	31.6622	31.4932	31.5808	31.5876	31.5319	31.5826	31.5748	31.6825	31.6541	31.7241	31.7235	31.7837	31.8315	31.7824	31.8826	32.0386	32.181	32.2294	32.3932	32.517	32.5113	32.6474	32.5823	32.6837
Sin-CPnd_093-Ex1-10C-lcwgs-1-2	39.2373	38.9582	39.3271	39.373	39.4115	39.4082	39.3007	39.3591	39.3762	39.3371	39.4107	39.2179	39.3557	39.3283	39.36	39.5647	39.5954	39.5586	39.5188	39.5446	39.5702	39.5438	39.512	39.5119	39.4773	39.421	39.3567	39.4394	39.4756	39.4151	39.3996	39.4103	39.3407	39.364	39.3444	39.3589	39.294	39.2803	39.3901	39.3571	39.3005	39.3468	39.2468	39.1128	39.0473	38.317	39.338	39.0217	39.0585	38.841	39.151	38.7618	38.4573	38.9413	38.5929	38.4153	37.9945	38.2314	38.1781	38.1906	38.0838	38.0488	38.0902	38.278	37.903	38.4086	38.0776	37.9641	37.91	38.0705	38.3241	38.6615	38.8287	38.9237	38.9453	38.9553	38.951	38.9487	38.9084	38.8819	38.8034	38.7967	38.7108	38.6634	38.5722	38.4881	38.4127	38.2814	38.1672	38.0552	37.9082	37.7504	37.6259	37.4395	37.2952	37.11	36.9787	36.7518	36.551	36.3351	36.1386	35.9052	35.6842	35.476	35.2719	35.0574	34.8989	34.7794	34.5932	34.4357	34.2477	34.0847	33.9181	33.7922	33.614	33.4844	33.2272	33.1074	32.8706	32.7064	32.5555	32.3159	32.1127	31.9136	31.7098	31.4827	31.3503	31.1341	31.0675	30.9515	30.7838	30.6653	30.5758	30.6009	30.5012	30.5773	30.5465	30.5886	30.6455	30.5645	30.6397	30.8106	30.918	30.9644	31.0678	31.129	31.1852	31.2302	31.1196	31.2154
Sin-CPnd_094-Ex1-3H-lcwgs-1-2	39.1992	38.9	39.3436	39.319	39.3903	39.3356	39.2488	39.3269	39.3291	39.3178	39.3791	39.1647	39.3119	39.2567	39.3177	39.5265	39.5774	39.5271	39.4839	39.5213	39.5574	39.5297	39.4856	39.4632	39.438	39.3888	39.344	39.431	39.4424	39.393	39.3687	39.4056	39.3646	39.3384	39.3667	39.3737	39.3335	39.3302	39.4014	39.3901	39.3628	39.3555	39.2535	39.2733	39.2063	39.0186	39.3589	39.2333	39.2678	39.1587	39.2605	39.1047	38.9544	39.1624	39.0799	38.9627	38.9039	38.913	38.9093	38.9043	38.8574	38.8758	38.8895	38.9204	38.8194	38.9821	38.9356	38.8531	38.7895	38.8338	38.9088	39.0097	39.0775	39.1076	39.096	39.1034	39.106	39.102	39.0854	39.0835	39.0679	39.0682	39.0533	39.047	39.0428	39.015	39.0178	38.9927	38.9767	38.9767	38.9472	38.9146	38.9009	38.8619	38.8375	38.8039	38.7813	38.7323	38.6907	38.6552	38.5745	38.5177	38.418	38.3215	38.2301	38.0719	37.9624	37.8793	37.7805	37.6887	37.5447	37.4099	37.2576	37.1083	36.9465	36.775	36.5129	36.3469	36.1293	35.9289	35.7537	35.5088	35.2703	35.0536	34.7807	34.5069	34.3597	34.0208	33.8682	33.7149	33.4098	33.1949	32.9703	32.8148	32.5669	32.4031	32.1283	31.9521	31.7535	31.3922	31.2683	31.2526	31.1704	31.0202	31.0007	30.8925	30.7521	30.6886	30.3879	30.358
Sin-CPnd_095-Ex1-2B-lcwgs-1-2	39.297	39.0479	39.3752	39.3625	39.4256	39.3997	39.3475	39.382	39.3825	39.3572	39.4248	39.2168	39.3537	39.3139	39.3642	39.5301	39.5694	39.522	39.4869	39.4955	39.555	39.5165	39.4915	39.4646	39.4215	39.3615	39.3154	39.3801	39.4202	39.3546	39.3198	39.3613	39.3273	39.2575	39.3088	39.3124	39.2866	39.2539	39.3094	39.3068	39.3063	39.2478	39.1917	39.2196	39.1234	38.9353	39.2565	39.1079	39.1309	39.0271	39.1321	38.9324	38.7981	39.0113	38.957	38.7779	38.7528	38.7459	38.7703	38.7477	38.721	38.71	38.728	38.7923	38.649	38.8008	38.7623	38.7135	38.6459	38.6706	38.7513	38.8432	38.8971	38.9328	38.9054	38.8963	38.8794	38.8576	38.8111	38.7977	38.7538	38.7293	38.6669	38.5912	38.5542	38.4762	38.4062	38.2877	38.2029	38.0856	37.9457	37.8185	37.707	37.5069	37.3587	37.1914	37.0463	36.8517	36.6419	36.4449	36.2399	35.9713	35.7415	35.5489	35.3316	35.1604	34.9835	34.8841	34.7893	34.6373	34.5199	34.3772	34.2154	34.0823	33.908	33.7678	33.5209	33.3703	33.1394	32.9609	32.8679	32.6718	32.4652	32.3125	32.132	31.9909	31.912	31.6964	31.7302	31.7208	31.6298	31.4955	31.4919	31.5847	31.4098	31.5056	31.4235	31.4789	31.4107	31.295	31.3606	31.4636	31.5319	31.5614	31.6384	31.673	31.6944	31.7365	31.6621	31.7046
Undetermined	38.1402	37.7247	38.1289	38.0658	38.3297	38.3403	38.1557	38.2372	38.3337	38.2252	38.398	38.0588	38.2735	38.2014	38.2893	38.5083	38.6462	38.5523	38.4539	38.5566	38.6325	38.5595	38.5205	38.4675	38.4867	37.5883	37.4998	37.5759	37.6437	37.5181	37.4744	37.4525	37.2302	37.0202	36.8804	36.9154	36.8398	36.8805	36.8817	36.9471	36.8974	37.238	37.0739	36.8553	36.5676	35.6269	37.1369	36.5984	36.7093	36.4057	36.7986	36.2165	35.7931	36.3526	35.9459	35.6342	35.1927	35.2509	35.2159	35.2064	35.1176	35.0946	35.1401	35.2557	34.9235	35.4664	35.257	35.0723	34.9899	35.1856	35.5109	35.9375	36.2184	36.4147	36.4829	36.4448	36.4632	36.4521	36.4975	36.4555	36.3784	36.324	36.2799	36.1847	36.0682	35.9949	35.875	35.7261	35.5905	35.4543	35.2752	35.0783	34.8916	34.6607	34.488	34.2557	34.0243	33.7397	33.4771	33.2097	32.9022	32.6036	32.289	32.0139	31.8019	31.5418	31.3356	31.1799	30.9839	30.8059	30.5992	30.4276	30.2399	30.104	29.9649	29.8096	29.5947	29.4988	29.2909	29.1732	29.066	28.9019	28.7272	28.6245	28.4647	28.335	28.3373	28.1715	28.2128	28.1682	28.1263	28.1244	28.152	28.2629	28.3046	28.4479	28.5308	28.7057	28.8342	28.8758	29.0753	29.3442	29.5663	29.7238	29.9673	30.1086	30.2595	30.4271	30.4495	30.6541
