Sample	1	2	3	4	5	6	7	8	9	10	11	12	13	14	15	16	17	18	19	20	21	22	23	24	25	26	27	28	29	30	31	32	33	34	35	36	37	38	39	40	41	42	43	44	45	46	47	48	49	50	51	52	53	54	55	56	57	58	59	60	61	62	63	64	65	66	67	68	69	70	71	72	73	74	75	76	77	78	79	80	81	82	83	84	85	86	87	88	89	90	91	92	93	94	95	96	97	98	99	100	101	102	103	104	105	106	107	108	109	110	111	112	113	114	115	116	117	118	119	120	121	122	123	124	125	126	127	128	129	130	131	132	133	134	135	136	137	138	139	140	141	142	143	144	145	146	147	148	149	150
Sin-APnd_001-Ex1-6G-lcwgs-1-2	0.084749	0.0937351	0.00247312	0.00361228	0.00038054399999999997	0.000572054	0.000150236	0.00024269	0.00031863299999999997	6.27361e-05	0.000755309	0.0012572	0.00154364	9.080220000000001e-06	0.12663100000000002	0.0007982339999999999	0.00237076	6.4387e-05	0.000520049	0.00019563799999999999	7.67692e-05	0.0436189	0.0	3.3019e-06	0.0	0.0	0.0	4.9528499999999995e-06	9.16277e-05	0.0006909220000000001	6.6038e-06	6.93399e-05	0.0864355	1.07452e-05	1.65579e-05	0.00014184400000000002	0.000231973	7.2533e-05	0.00398885	1.76315e-05	6.74625e-06	0.000547517	6.819519999999999e-06	0.0	0.0862167	0.0	0.000475956	0.000668266	0.0	0.0	0.0001243	4.85283e-05	7.66791e-05	0.0876444	0.000456039	1.58919e-05	0.0	0.0873182	0.0	0.0010038500000000001	0.0880502	3.68513e-05	0.0	1.16631e-06	0.0	0.0	0.178987	3.85219e-06	0.127714	1.6223599999999998e-05	6.94217e-06	3.2812e-05	0.000799087	3.7681699999999995e-05	0.045152199999999997	0.13031900000000002	4.92833e-06	0.0	0.000628007	0.0869351	0.0	0.00138708	0.0	8.3555e-05	4.42148e-05	2.8292499999999997e-05	0.0	0.000884612	0.00133236	7.98265e-05	0.000111101	1.0707699999999999e-05	2.77579e-05	0.000515234	3.8822499999999996e-05	0.00014252699999999999	4.82445e-05	1.3363e-05	0.00013885200000000002	0.00120494	0.0	0.086076	8.096639999999999e-06	0.0	6.57007e-05	0.000100358	0.0841571	0.000266984	1.5450999999999998e-05	1.60923e-05	0.0782934	0.0	0.00036389699999999996	0.000221174	0.0	0.0	5.730760000000001e-05	0.000112024	7.7886e-06	8.12063e-06	0.0	0.0	0.0	9.57945e-06	0.0	0.0	4.35051e-05	0.0	0.0	0.0	0.0	0.0426884	9.802670000000001e-05	0.0	0.0	0.0788018	0.0	0.0100273	0.056073500000000005	0.011827899999999999	0.00197633	0.00109667	0.000172773	0.00027032900000000003	0.00129462	0.000592002	0.00036360099999999996	0.0708849	0.000272861	0.0
Sin-APnd_002-Ex1-3G-lcwgs-1-2	0.0848303	0.09568979999999999	0.0025161199999999997	0.00362219	0.000383498	0.000610324	0.000144981	0.000275932	0.00026424	6.78137e-05	0.00077635	0.00132354	0.0014919	4.67681e-06	0.12360800000000001	0.0008792400000000001	0.00243896	8.41826e-05	0.0004910650000000001	0.00021045599999999998	9.11978e-05	0.0426922	0.0	9.35362e-06	0.0	0.0	0.0	2.3384e-06	6.78137e-05	0.0006173390000000001	1.63688e-05	6.07985e-05	0.08503140000000001	2.34328e-06	7.047439999999999e-06	0.00012251999999999999	0.000191516	6.64652e-05	0.00397024	1.67779e-05	4.82147e-06	0.000490095	1.95488e-05	0.0	0.08617040000000001	0.0	0.000547292	0.000607136	0.0	0.0	8.77582e-05	5.6626700000000005e-05	9.029140000000001e-05	0.0879441	0.00046301	1.72273e-05	0.0	0.0857371	0.0	0.0009930289999999999	0.0875864	2.5779e-05	0.0	0.0	0.0	0.0	0.177205	0.0	0.127375	2.33272e-05	2.7940599999999998e-05	2.4599300000000003e-05	0.0008215130000000001	6.06229e-05	0.0450964	0.130387	4.71731e-06	0.0	0.0006511409999999999	0.0871412	0.0	0.00159966	0.0	3.51612e-05	5.4503099999999997e-05	4.38305e-05	0.0	0.0009046099999999999	0.00144993	8.62167e-05	0.000163797	7.717119999999999e-06	3.2018e-05	0.000531476	1.72361e-05	0.000161046	3.7170000000000005e-05	0.0	9.03572e-05	0.0013157099999999999	0.0	0.0857262	0.0	0.0	0.00011454700000000001	0.000119347	0.08287309999999999	0.000302339	0.0	0.0	0.0796192	0.0	0.000390265	0.00016652	0.0	0.0	0.0	8.7746e-05	0.0	0.0	2.4945099999999996e-05	0.0	0.0	0.0	0.0	0.0	0.000129117	0.0	0.0	0.0	0.0	0.043693699999999995	8.3626e-05	0.0	4.5577e-05	0.0796091	0.0	0.00971584	0.0568092	0.0127758	0.0016634999999999998	0.00168049	0.00013008600000000001	0.000135871	0.00092348	0.000447058	0.000235496	0.071521	9.14231e-05	0.0
Sin-APnd_003-Ex1-3H-lcwgs-1-2	0.0857615	0.097457	0.0024982900000000002	0.00367588	0.0003498	0.000575381	0.000131175	0.000258375	0.000317006	4.96875e-05	0.0007741310000000001	0.00125511	0.0016277600000000002	7.94999e-06	0.124497	0.000782081	0.0023859899999999997	7.55249e-05	0.00046308699999999994	0.000199744	8.44687e-05	0.0429081	0.0	2.9812500000000005e-06	0.0	0.0	0.0	3.975e-06	7.65187e-05	0.000665812	1.1925000000000002e-05	7.254370000000001e-05	0.08569600000000001	6.964390000000001e-06	2.29161e-05	0.000144721	0.000204029	9.32348e-05	0.00400115	2.82403e-05	4.04932e-06	0.000544901	1.5322e-05	0.0	0.086365	0.0	0.000450529	0.00067064	0.0	1.07533e-06	0.00011295299999999999	7.244559999999999e-05	7.43722e-05	0.0878385	0.000464083	1.8443e-05	0.0	0.0869813	0.0	0.000932197	0.08801329999999999	3.16034e-05	0.0	0.0	0.0	0.0	0.178654	4.23898e-06	0.128439	1.76739e-05	4.51454e-06	2.30742e-05	0.00076133	3.86141e-05	0.0437454	0.130375	1.72677e-06	0.0	0.000633308	0.0871969	0.0	0.00146282	0.0	7.44644e-05	4.04013e-05	1.31213e-05	0.0	0.000854716	0.0013574099999999999	5.8990700000000004e-05	0.00013682699999999998	7.838079999999999e-06	7.00887e-05	0.0006037200000000001	1.72333e-05	0.000139412	5.20989e-05	0.0	0.000154031	0.00126145	0.0	0.08645760000000001	2.25515e-05	0.0	3.63015e-05	8.36601e-05	0.0827234	0.000215937	4.66772e-06	1.4530200000000002e-05	0.0788457	0.0	0.000308792	0.000196891	0.0	0.0	5.04569e-05	9.829609999999999e-05	1.3622100000000001e-05	1.41585e-05	0.0	0.0	7.94131e-06	8.25091e-06	0.0	0.0	9.27848e-05	0.0	0.0	3.13061e-05	0.0	0.0431854	8.21158e-05	0.0	3.80491e-05	0.0779414	0.0	0.0100144	0.0583111	0.0114158	0.00201876	0.0010110499999999999	0.00010521400000000001	0.00010947499999999999	0.00112156	0.000377372	0.00029161	0.0725475	7.1974e-05	0.0
Sin-APnd_004-Ex1-4A-lcwgs-1-2	0.0859313	0.0960688	0.00259962	0.00374356	0.00038507600000000004	0.000610762	0.000165033	0.00021158	0.000321602	7.75795e-05	0.000720784	0.00126102	0.0015727500000000001	1.12843e-05	0.12716	0.000835038	0.0024768999999999998	8.74533e-05	0.0004922770000000001	0.000186191	8.32216e-05	0.0432851	0.0	2.82107e-06	0.0	0.0	0.0	9.87375e-06	9.873750000000001e-05	0.000703858	1.4105399999999999e-05	7.05268e-05	0.0866521	8.48158e-06	2.9764200000000002e-05	0.00015497200000000002	0.000221195	6.592370000000001e-05	0.00398375	2.6074300000000002e-05	1.3122600000000002e-05	0.000527316	1.03665e-05	1.49439e-06	0.0863727	1.52663e-06	0.00051307	0.000706081	0.0	1.61105e-06	0.000135803	6.98439e-05	7.78061e-05	0.0873144	0.00045610199999999995	7.1571699999999994e-06	0.0	0.0870666	0.0	0.0010095500000000001	0.0878182	2.45506e-05	0.0	0.0	0.0	0.0	0.17782699999999999	4.77561e-06	0.12884299999999999	1.0107299999999999e-05	7.80364e-06	3.21488e-05	0.000747767	3.69409e-05	0.0455283	0.129725	6.2254600000000005e-06	0.0	0.0006702170000000001	0.0871322	0.0	0.0016520399999999998	0.0	7.41101e-05	7.26106e-05	2.50442e-05	0.0	0.0009529919999999999	0.00131176	6.244080000000001e-05	0.00015933199999999998	5.16236e-06	0.00010179199999999999	0.00060035	1.15371e-05	0.00014965	9.32114e-05	0.0	0.00010067799999999999	0.00110925	0.0	0.0862255	0.0	0.0	8.454630000000001e-05	0.000167307	0.0847667	0.000181325	0.0	2.06977e-05	0.078162	0.0	0.000373823	0.000133784	0.0	0.0	2.7489499999999998e-05	0.000128772	0.0	0.0	0.0	0.0	0.0	1.8127300000000002e-05	0.0	0.0	0.00018408499999999998	0.0	0.0	2.30824e-05	0.0	0.0435414	5.19303e-05	0.0	0.0	0.077972	0.0	0.0105468	0.0553639	0.011987000000000001	0.0017903	0.00119575	0.000116634	0.00020214900000000002	0.000884172	0.000395974	0.000323074	0.0754444	0.000106955	0.0
Sin-APnd_005-Ex1-4B-lcwgs-1-2	0.0860284	0.0959794	0.00251426	0.00361104	0.00039579599999999996	0.000665224	0.000164518	0.000242008	0.000307576	5.96078e-05	0.000754635	0.00128634	0.00156292	7.15294e-06	0.127504	0.0008345100000000001	0.00240458	7.868239999999999e-05	0.000542431	0.00019909	8.82196e-05	0.04372	0.0	4.76863e-06	0.0	0.0	0.0	4.76863e-06	7.39137e-05	0.0007367529999999999	7.15294e-06	6.79529e-05	0.0864004	5.97664e-06	2.87814e-05	0.00010594200000000001	0.00020560100000000003	6.56505e-05	0.0040530900000000005	1.3545000000000002e-05	7.44476e-06	0.0005918960000000001	1.26317e-05	1.27627e-06	0.0864822	1.30716e-06	0.00048621700000000005	0.000753854	0.0	1.38597e-06	0.000115552	9.32025e-05	9.198e-05	0.087568	0.00045819899999999995	2.32299e-05	0.0	0.08639430000000001	0.0	0.000963323	0.08773020000000001	3.01786e-05	0.0	1.8644199999999998e-06	0.0	0.0	0.179297	2.07381e-06	0.128968	1.97458e-05	0.0	1.395e-05	0.000811604	4.19183e-05	0.0446005	0.13152999999999998	2.70148e-06	0.0	0.00062179	0.0855151	0.0	0.00142465	0.0	7.79712e-05	7.0146e-05	2.17827e-05	0.0	0.0008993320000000001	0.00124656	2.50886e-05	0.000143058	4.4953800000000005e-06	9.795600000000001e-05	0.000488947	1.50755e-05	0.000177389	9.21304e-05	1.1264800000000001e-05	8.19797e-05	0.0012418800000000001	0.0	0.0871483	0.0	0.0	5.18111e-05	0.000185023	0.08632390000000001	0.000225598	8.70198e-06	9.061860000000001e-06	0.0787598	0.0	0.00044015	0.000234555	0.0	0.0	4.82384e-05	6.28088e-05	2.61786e-05	1.36308e-05	1.4191899999999999e-05	0.0	0.0	1.60017e-05	0.0	0.0	9.04079e-05	0.0	5.88413e-05	0.0	0.0	0.0437187	0.000161223	0.0	0.0	0.08118929999999999	0.0	0.009350269999999999	0.0579151	0.011462400000000001	0.00159355	0.0007647690000000001	0.00017298999999999998	0.000251953	0.0008250149999999999	0.00043109599999999995	0.00041113699999999995	0.0738718	0.000190252	0.0
Sin-APnd_006-Ex1-4C-lcwgs-1-2	0.0872646	0.09751119999999999	0.00255013	0.00358551	0.000326082	0.0005225680000000001	0.000153287	0.000239684	0.000334443	5.85276e-05	0.000778974	0.00127785	0.00158443	1.95092e-05	0.12767900000000001	0.000712086	0.00236061	5.99211e-05	0.00047658199999999997	0.000167222	6.688870000000001e-05	0.0440741	0.0	1.3935100000000001e-06	1.3935100000000001e-06	0.0	0.0	4.1805399999999994e-06	0.000100333	0.000627081	6.9675700000000004e-06	5.29535e-05	0.0871852	6.9734200000000006e-06	2.51313e-05	9.92591e-05	0.000236638	7.57539e-05	0.00413073	2.53739e-05	5.65591e-06	0.000571864	4.27446e-06	0.0	0.0877814	2.89575e-06	0.00044022900000000004	0.000716698	0.0	0.0	9.50708e-05	7.01545e-05	8.483710000000001e-05	0.0873765	0.000428643	2.0849499999999997e-05	0.0	0.0883082	0.0	0.00109523	0.087701	4.24994e-05	0.0	0.0	0.0	0.0	0.18013300000000002	6.0095e-06	0.128803	1.04904e-05	8.59671e-06	4.84604e-05	0.000853641	6.94791e-05	0.044716	0.131199	2.50571e-06	0.0	0.00055345	0.087109	0.0	0.0014854100000000002	0.0	8.565419999999999e-05	4.7293199999999996e-05	2.27563e-05	0.0	0.000899824	0.0014615	6.64397e-05	0.00015638200000000002	3.9428e-06	4.48641e-05	0.000468317	1.74652e-05	0.00023956	8.426459999999999e-05	1.45559e-05	8.04833e-05	0.00116838	0.0	0.0868256	0.0	0.0	3.76198e-05	0.000130271	0.0851066	0.00021095899999999998	2.19317e-05	0.0	0.0807232	0.0	0.000333318	0.000160014	9.250209999999999e-06	0.0	3.0065199999999998e-05	0.000125158	0.0	3.38856e-05	0.0	0.0	0.0	0.0	0.0	0.0	0.000224221	0.0	1.62076e-05	1.68716e-05	0.0	0.0443101	3.8066400000000005e-05	0.0	0.0	0.078095	0.0	0.00978741	0.0564674	0.011986	0.0020564900000000002	0.00115616	0.00022933199999999998	0.00023882599999999998	0.00124454	0.000227567	0.00040932	0.07354959999999999	7.88139e-05	0.0
Sin-APnd_007-Ex1-4D-lcwgs-1-2	0.08547160000000001	0.09424700000000001	0.00250627	0.0036776	0.000376696	0.000559546	0.00015397799999999998	0.00019384700000000003	0.00032307900000000004	5.36174e-05	0.0008070099999999999	0.00120708	0.00159615	1.09984e-05	0.126853	0.000798762	0.0024224100000000003	9.48615e-05	0.000474308	0.000185599	8.38631e-05	0.0431455	0.0	1.09984e-05	0.0	0.0	0.0	1.3748e-06	7.42395e-05	0.000675029	1.7872500000000002e-05	6.3241e-05	0.08637210000000001	8.26319e-06	2.62237e-05	0.000142534	0.00019990199999999998	4.7373e-05	0.00400214	2.8128500000000004e-05	9.90175e-06	0.000576644	1.14748e-05	0.0	0.085184	1.47467e-06	0.000478714	0.00075772	0.0	1.55052e-06	0.000157338	5.5927299999999996e-05	6.98386e-05	0.0865239	0.000432225	1.54237e-05	0.0	0.0864207	0.0	0.0009620060000000001	0.0867058	2.33383e-05	0.0	0.0	0.0	0.0	0.177496	8.99513e-06	0.12767399999999998	1.6589399999999997e-05	1.21717e-05	3.0018799999999998e-05	0.0008535859999999999	6.60642e-05	0.0447247	0.12906700000000002	2.87623e-06	0.0	0.000668028	0.0873984	0.0	0.0015483699999999999	0.0	7.0935e-05	5.8546500000000006e-05	2.6438e-05	0.0	0.000898177	0.00138592	6.452400000000001e-05	0.000151194	4.59831e-06	6.184949999999999e-05	0.000546459	3.56669e-05	0.000158236	7.64732e-05	0.0	0.000164275	0.00113748	0.0	0.0837672	6.7755600000000006e-06	7.028710000000001e-06	6.5643e-05	0.000143915	0.0852504	0.000204157	8.48239e-06	1.76194e-05	0.0799902	0.0	0.000464405	0.000215667	1.06775e-05	0.0	5.77394e-05	0.000156069	0.0	1.29772e-05	0.0	0.0	0.0	0.0	0.0	0.0	0.000136466	0.0	0.0	0.0	0.0	0.044285	8.653609999999999e-05	0.0	0.0	0.0803304	0.0	0.00911901	0.0539167	0.0113955	0.00233646	0.0010332100000000001	0.000195625	0.000203691	0.0013093599999999999	0.000444062	0.000388288	0.0734365	4.48738e-05	0.0
Sin-APnd_008-Ex1-4E-lcwgs-1-2	0.0849247	0.0948631	0.00253761	0.00350464	0.00035001499999999996	0.000566531	0.00014584	0.000254658	0.000311872	6.73106e-05	0.000787534	0.00130134	0.00156946	8.97475e-06	0.12721500000000002	0.000830164	0.00236372	7.74072e-05	0.000514926	0.000233343	8.97475e-05	0.0433413	0.0	2.24369e-06	0.0	0.0	0.0	8.97475e-06	0.00011891500000000001	0.000674228	8.97475e-06	8.63819e-05	0.0867308	5.617e-06	2.92589e-05	0.00011389800000000001	0.000270201	9.07105e-05	0.00397449	2.62784e-05	6.88796e-06	0.000567907	9.29185e-06	1.1697e-06	0.08669059999999999	3.56898e-06	0.00049624	0.00068744	0.0	3.73351e-06	0.000110995	7.4206e-05	7.40314e-05	0.0877255	0.000478959	2.1848e-05	0.0	0.0873998	0.0	0.000853371	0.0873089	2.9265800000000004e-05	0.0	1.60968e-06	0.0	0.0	0.179584	7.08957e-06	0.129883	1.86558e-05	9.57625e-06	2.16385e-05	0.000806203	7.67942e-05	0.0456085	0.130896	0.0	0.0	0.000664188	0.0868435	0.0	0.00139407	0.0	8.318739999999999e-05	6.0065e-05	1.77091e-05	0.0	0.000814911	0.0012513000000000001	6.3806e-05	0.000166623	7.17731e-06	5.9403899999999995e-05	0.000518482	1.9868700000000002e-05	0.000156241	6.809390000000001e-05	3.96797e-05	0.000105062	0.00109814	0.0	0.0872836	1.05166e-05	0.0	3.39025e-05	0.000152477	0.0849439	0.000220951	6.55223e-06	1.35976e-05	0.0790954	0.0	0.000357121	0.000299568	0.0	0.0	4.40753e-05	5.4885899999999996e-05	9.49574e-06	0.0	0.0	0.0	0.0	0.0	0.0	0.0	8.912e-05	0.0	0.0	1.4226100000000001e-05	0.0	0.0424232	0.000142857	0.0	3.4122700000000005e-05	0.0790245	0.0	0.00933459	0.056091300000000004	0.0129326	0.00145068	0.00128737	0.00018417000000000002	0.000286472	0.000966992	0.000464832	0.00024297900000000002	0.0755517	0.000154855	0.0
Sin-APnd_009-Ex1-4F-lcwgs-1-2	0.0841876	0.0944261	0.0024539600000000003	0.00353855	0.000309017	0.000605917	0.00010754999999999999	0.000231763	0.000318106	4.8473299999999995e-05	0.0007710290000000001	0.0012860600000000001	0.00154206	9.08875e-06	0.12665300000000002	0.00076194	0.00228582	8.93727e-05	0.0004711	0.000168142	0.000104521	0.0438138	0.0	7.5739599999999996e-06	0.0	0.0	0.0	4.54437e-06	5.9076900000000004e-05	0.000698319	1.36331e-05	5.7562099999999996e-05	0.0865794	1.21388e-05	2.58485e-05	0.000134138	0.00022014900000000002	6.74977e-05	0.00387648	9.283220000000001e-06	4.6659000000000005e-06	0.000492824	4.72494e-06	3.1735099999999996e-06	0.0871055	3.23048e-06	0.000515701	0.000674963	0.0	3.3845000000000004e-06	0.000101232	6.44231e-05	8.84152e-05	0.0876825	0.000473567	2.2343e-05	0.0	0.08763599999999999	0.0	0.000999125	0.0872305	2.74213e-05	0.0	0.0	0.0	0.0	0.179253	7.33742e-06	0.130288	1.80775e-05	5.311709999999999e-06	4.09899e-05	0.000880168	6.65699e-05	0.0452882	0.132037	3.16484e-06	0.0	0.000623183	0.0872604	0.0	0.00141592	0.0	8.70359e-05	3.68182e-05	2.5394099999999998e-05	0.0	0.0008436469999999999	0.00140496	5.35626e-05	0.000232168	5.23299e-06	6.515669999999999e-05	0.000529547	3.5083199999999996e-05	0.000151744	5.673229999999999e-05	6.55132e-06	0.000102158	0.000977216	0.0	0.0879698	7.95748e-06	8.27891e-06	5.1699199999999995e-05	0.000215445	0.08479590000000001	0.000146058	0.0	0.0	0.0780405	0.0	0.000394809	0.00022449	0.0	0.0	5.6564900000000005e-05	0.00013271	0.0	3.20756e-05	0.0	0.0	0.0	0.0	0.0	0.0	0.000107497	0.0	2.34011e-05	0.0	0.0	0.0441018	0.000166164	0.0	0.0	0.0795136	0.0	0.0103503	0.0572709	0.0129776	0.0021509100000000002	0.00118709	0.000256419	0.000222991	0.0017253	0.000586852	0.000308915	0.07122250000000001	0.000179953	0.0
Sin-APnd_010-Ex1-4G-lcwgs-1-2	0.085327	0.0951817	0.0024399	0.00360364	0.000326866	0.000534344	0.000124024	0.000236456	0.000318752	7.0705e-05	0.000796301	0.00124487	0.00158912	1.1591e-05	0.127496	0.000805573	0.00237267	6.49095e-05	0.0005331849999999999	0.000178501	6.95459e-05	0.0433503	0.0	4.6363899999999995e-06	0.0	0.0	0.0	1.1590999999999998e-06	0.000104319	0.0006850269999999999	6.9545900000000004e-06	7.0705e-05	0.0868675	3.48322e-06	2.21065e-05	0.000110806	0.00026438	7.277310000000001e-05	0.00414316	1.5389e-05	7.13957e-06	0.000562547	9.63794e-06	1.21349e-06	0.08688069999999999	2.4689899999999997e-06	0.000437591	0.000660147	0.0	0.0	0.00012145999999999999	5.82399e-05	6.5781e-05	0.0874781	0.000488537	1.26637e-05	0.0	0.0881123	0.0	0.000970665	0.08768530000000001	3.78138e-05	0.0	0.0	0.0	0.0	0.18021199999999998	0.0	0.129863	1.32372e-05	5.81823e-06	2.38788e-05	0.0007923499999999999	4.6110400000000005e-05	0.0452408	0.130681	0.0	0.0	0.000675962	0.0875745	0.0	0.00144309	0.0	3.34044e-05	6.6006e-05	2.95994e-06	0.0	0.0008669579999999999	0.00132178	5.38066e-05	0.000198076	1.43657e-05	5.9439100000000005e-05	0.000560995	1.59003e-05	0.00014396	5.1094299999999996e-05	4.41055e-06	9.5956e-05	0.0012122	0.0	0.0852303	2.10636e-05	0.0	5.66348e-05	0.00016466700000000001	0.0847777	0.000247109	1.97394e-05	2.7331e-05	0.0803763	0.0	0.000451622	0.000174916	0.0	0.0	1.78488e-05	0.000139109	0.0	2.0025100000000002e-05	0.0	0.0	0.0	0.0	0.0	0.0	9.16594e-05	0.0	0.0	1.4718300000000001e-05	0.0	0.0435755	9.91857e-05	0.0	1.7861399999999998e-05	0.0783728	0.0	0.00984172	0.055544500000000004	0.0123735	0.0018200299999999998	0.0013061000000000001	0.000123612	0.000334393	0.00109903	0.000504512	0.00041171799999999994	0.0761544	0.000136028	0.0
Sin-APnd_011-Ex1-4H-lcwgs-1-2	0.0845855	0.09457979999999999	0.0025603099999999997	0.0036050899999999996	0.000359396	0.000586169	0.00015489399999999998	0.000272331	0.00036749499999999996	7.18791e-05	0.000762324	0.00128168	0.00155907	9.11144e-06	0.127282	0.000818005	0.00235278	7.28915e-05	0.0005061909999999999	0.000227786	7.79534e-05	0.0433229	0.0	6.07429e-06	0.0	0.0	0.0	8.09906e-06	7.18791e-05	0.000655011	1.2148600000000001e-05	5.770579999999999e-05	0.0859674	4.05847e-06	3.96767e-05	0.00011328500000000001	0.000218208	7.51068e-05	0.00406369	1.4560100000000001e-05	3.14051e-06	0.0006274859999999999	1.16962e-05	0.0	0.086647	1.09621e-06	0.000547087	0.0006959420000000001	0.0	1.15728e-06	0.000115204	7.528939999999999e-05	6.808669999999999e-05	0.087196	0.000470511	1.02935e-05	0.0	0.08753040000000001	0.0	0.00102588	0.08721319999999999	3.6748899999999996e-05	0.0	0.0	0.0	0.0	0.17966	1.7122899999999998e-06	0.128114	2.89558e-05	9.308480000000001e-06	1.91606e-05	0.0008598500000000001	7.71336e-05	0.0447555	0.13126	1.10958e-05	0.0	0.000601924	0.0872412	0.0	0.0013721500000000001	0.0	5.80572e-05	5.42754e-05	3.24821e-05	0.0	0.0008116810000000001	0.00148696	6.76458e-05	0.000136559	7.2510099999999995e-06	3.38037e-05	0.000474717	4.03143e-05	0.00013367700000000001	5.628429999999999e-05	8.97914e-06	8.38221e-05	0.00121727	0.0	0.0865076	1.61568e-05	0.0	4.63781e-05	0.000138481	0.0849531	0.00020117000000000003	0.0	6.9961100000000005e-06	0.0777721	0.0	0.000281745	0.000178703	0.0	0.0	1.81778e-05	0.00011319900000000001	0.0	1.01555e-05	0.0	0.0	0.0	0.0	0.0	0.0	0.000131077	0.0	0.0	0.0	0.0	0.0421197	0.00019523700000000001	0.0	0.0	0.0760161	0.0	0.0102275	0.0561245	0.0110824	0.0017144	0.00101439	0.000186905	0.000145196	0.0011044599999999998	0.00047003800000000004	0.000381887	0.0744423	0.000125086	0.0
Sin-APnd_012-Ex1-5A-lcwgs-1-2	0.085682	0.0956748	0.00249448	0.0036557399999999998	0.00035579	0.000581123	0.000144292	0.000242135	0.000346895	4.94152e-05	0.0008291870000000001	0.0012660199999999999	0.0015832600000000002	8.89474e-06	0.127158	0.000760006	0.00243024	8.1041e-05	0.00048525700000000006	0.000187778	9.29006e-05	0.043438899999999996	0.0	5.92983e-06	0.0	0.0	0.0	4.94152e-06	7.8076e-05	0.000689836	8.89474e-06	6.127489999999999e-05	0.0859251	1.979e-06	3.66666e-05	0.000134025	0.000216893	7.28124e-05	0.00395664	2.1082799999999997e-05	8.06423e-06	0.000549919	7.1269599999999994e-06	2.0485199999999997e-06	0.0866495	2.07855e-06	0.000494767	0.000705719	0.0	1.08066e-06	0.00013011999999999998	7.086020000000001e-05	6.8437e-05	0.0874674	0.00044912999999999995	1.5246000000000001e-05	0.0	0.0873899	0.0	0.00105616	0.0880143	2.4809899999999998e-05	0.0	0.0	0.0	0.0	0.17718199999999998	2.96064e-06	0.12892699999999999	2.17019e-05	9.52354e-06	3.90236e-05	0.0008445550000000001	4.7784700000000003e-05	0.0450705	0.131291	7.36086e-06	0.0	0.000605148	0.0868008	0.0	0.00150122	2.1608800000000002e-06	6.88617e-05	5.02716e-05	2.82212e-05	0.0	0.0009528879999999999	0.0013907	2.91536e-05	0.00010933200000000002	5.6398e-06	4.94957e-05	0.000478023	1.55257e-05	0.00012190000000000001	6.63128e-05	3.42937e-06	0.000145526	0.0011610000000000001	0.0	0.0862713	8.14824e-06	0.0	5.68511e-05	0.000181516	0.0845065	0.00023927699999999998	2.5348000000000002e-05	0.0	0.07985619999999999	0.0	0.00039503199999999997	0.00014085900000000001	0.0	0.0	6.18833e-05	0.000100053	0.0	0.0	0.0	0.0	0.0	9.01326e-06	0.0	0.0	0.00012183	0.0	0.0	0.0	0.0	0.0443174	0.000116179	0.0	1.39798e-05	0.0799649	0.0	0.010317199999999999	0.0553453	0.0120713	0.0017927999999999998	0.0012556099999999999	0.00017581900000000002	0.000305225	0.00127369	0.000288857	0.000210113	0.0730394	8.11679e-05	0.0
Sin-APnd_013-Ex1-5B-lcwgs-1-2	0.08584460000000001	0.0965519	0.00253921	0.00366921	0.000367448	0.000647973	0.000165944	0.00023047799999999997	0.000343742	5.79488e-05	0.0008126	0.00134468	0.00152642	6.585090000000001e-06	0.127046	0.0008810850000000001	0.00246546	8.29721e-05	0.00047676099999999997	0.000200187	7.3753e-05	0.043642	0.0	9.21913e-06	0.0	0.0	0.0	5.26807e-06	8.69232e-05	0.0007296280000000001	1.44872e-05	6.05828e-05	0.086943	5.27817e-06	2.51314e-05	0.000141939	0.000262238	6.14829e-05	0.00406936	9.45403e-06	4.07787e-06	0.000577856	1.2427199999999999e-05	0.0	0.0866942	1.42554e-06	0.000535862	0.000717835	0.0	1.5123e-06	0.000133883	5.01619e-05	6.71274e-05	0.086845	0.00047989	2.04507e-05	0.0	0.0876087	0.0	0.00109015	0.08684	1.78255e-05	0.0	0.0	0.0	0.0	0.17744900000000002	2.34968e-06	0.128606	1.4988599999999999e-05	5.15469e-06	2.66021e-05	0.000950151	5.95215e-05	0.045008	0.131639	3.1238700000000003e-06	0.0	0.000618128	0.0862686	0.0	0.0013397	0.0	5.94545e-05	5.3371899999999996e-05	2.9782099999999997e-05	0.0	0.0007912789999999999	0.0014519	8.86176e-05	0.000163499	5.30317e-06	2.7542200000000002e-05	0.000543513	1.1885099999999999e-05	0.00015434999999999998	8.34012e-05	1.3342899999999999e-05	9.02203e-05	0.00116248	0.0	0.0870973	8.118749999999999e-06	8.44842e-06	8.79277e-05	0.00018324700000000002	0.0850989	0.000288276	2.07172e-05	0.0	0.0814253	0.0	0.000353928	0.00017804	0.0	0.0	4.32154e-05	0.00010507899999999999	0.0	3.26151e-05	0.0	0.0	0.0	1.92003e-05	0.0	0.0	8.70647e-05	0.0	0.0	0.0	0.0	0.0433088	5.59227e-05	0.0	3.03822e-05	0.0788917	0.0	0.010219599999999999	0.0550536	0.0115654	0.00236427	0.0011961300000000001	0.000344239	0.00017947200000000002	0.00112498	0.000491108	0.000258371	0.0782757	0.0	0.0
Sin-APnd_014-Ex1-5C-lcwgs-1-2	0.0858928	0.0961321	0.00268651	0.00382602	0.000371933	0.000650512	0.000146699	0.00022968	0.000379342	5.77904e-05	0.0008683370000000001	0.0014092	0.00162406	1.1854400000000001e-05	0.127927	0.000852037	0.00246276	0.000128917	0.0005067769999999999	0.000217825	0.000112617	0.0434302	0.0	5.92722e-06	0.0	0.0	0.0	1.03726e-05	6.223579999999999e-05	0.0007083020000000001	2.07453e-05	8.298100000000001e-05	0.0871212	1.0394200000000001e-05	2.38205e-05	0.000141888	0.00022639999999999997	6.777520000000001e-05	0.00415488	2.74249e-05	1.07415e-05	0.000620371	1.71741e-05	1.57739e-06	0.08690679999999999	3.23284e-06	0.000527862	0.000812142	0.0	0.0	0.00011393400000000001	7.50516e-05	7.11137e-05	0.0874653	0.00045698099999999997	1.75411e-05	0.0	0.0873115	0.0	0.00103423	0.0873139	2.7363300000000003e-05	0.0	0.0	0.0	0.0	0.178873	8.18308e-06	0.128948	1.16416e-05	1.50421e-05	4.66701e-05	0.000868816	5.99057e-05	0.0452954	0.131305	3.6929300000000002e-06	0.0	0.000639028	0.0882302	0.0	0.001559	0.0	9.536290000000001e-05	5.943370000000001e-05	1.5440400000000002e-05	0.0	0.000962821	0.0012684600000000001	8.441670000000001e-05	0.000138103	0.0	5.4505399999999995e-05	0.000504153	2.22076e-05	0.000162066	7.24557e-05	8.40235e-06	0.000131584	0.00113591	0.0	0.0847445	1.04134e-05	0.0	5.68493e-05	0.00010705899999999999	0.08341130000000001	0.000286052	4.0804100000000005e-05	1.4226400000000002e-05	0.0786388	0.0	0.000260576	0.00022140400000000002	0.0	0.0	0.0	0.000143028	0.0	0.0	0.0	0.0	0.0	0.0	0.0	0.0	6.1127e-05	0.0	0.0	0.0	0.0	0.0432964	0.00011984400000000001	0.0	4.3650200000000004e-05	0.0787149	0.0	0.0106446	0.0527544	0.012316399999999998	0.00206489	0.00114272	6.28857e-05	0.000197133	0.0011010899999999999	0.0006508390000000001	0.000305371	0.0710529	0.000179606	0.0
Sin-APnd_015-Ex1-5D-lcwgs-1-2	0.0867475	0.09619989999999999	0.0026535	0.00374162	0.000368582	0.000650525	0.000133629	0.00025404299999999997	0.000348024	5.72697e-05	0.0008164610000000001	0.0013407	0.0015947399999999999	7.3422700000000004e-06	0.126062	0.000791497	0.00251987	8.66388e-05	0.000488995	0.0002188	9.25126e-05	0.0428172	0.0	5.87382e-06	1.4684499999999999e-06	0.0	0.0	7.3422700000000004e-06	7.48912e-05	0.000759191	5.87382e-06	6.75489e-05	0.0862526	4.41117e-06	1.91468e-05	0.000109212	0.000218967	5.6386e-05	0.00402324	2.24272e-05	9.0141e-06	0.000565004	9.12189e-06	1.53128e-06	0.0850143	1.55825e-06	0.000510119	0.000792939	0.0	4.899990000000001e-06	0.00011595799999999999	8.74464e-05	7.85956e-05	0.0869209	0.00046696199999999997	2.1631599999999998e-05	0.0	0.0862699	0.0	0.00114129	0.0867642	1.43724e-05	0.0	2.15444e-06	0.0	0.0	0.175414	7.18559e-06	0.12670800000000002	1.5211600000000002e-05	2.61012e-06	5.10903e-05	0.0009087699999999999	6.56804e-05	0.0441708	0.12996100000000002	3.1361099999999998e-06	0.0	0.000662852	0.0863457	0.0	0.0014101299999999999	0.0	8.31938e-05	4.51348e-05	2.12578e-05	0.0	0.0008227509999999999	0.00154596	5.41391e-05	0.00016352899999999999	0.0	8.276549999999999e-05	0.0005449459999999999	0.0	0.000142712	0.000103297	6.72363e-06	0.000112067	0.00119708	0.0	0.0858228	1.65091e-05	0.0	3.59101e-05	8.43731e-05	0.0834125	0.000183822	1.0663900000000001e-05	2.22708e-05	0.08123530000000001	0.0	0.00055866	0.000172454	0.0	0.0	9.09453e-05	0.00015842	0.0	5.19348e-05	0.0	0.0	0.0	0.0	0.0	0.0	0.000165179	0.0	0.0	0.0	0.0	0.0407396	0.000215756	0.0	0.0	0.0823752	0.0	0.0107692	0.0542991	0.011594799999999999	0.00284004	0.00125658	9.738920000000001e-05	0.00030549799999999997	0.00144012	0.000784664	0.000710075	0.07113720000000001	6.94294e-05	0.0
Sin-APnd_016-Ex1-5E-lcwgs-1-2	0.0863989	0.0965046	0.002794	0.00366922	0.000370128	0.0006133169999999999	0.00013362	0.000261896	0.00031668	4.54309e-05	0.000750946	0.00143642	0.00158741	9.35343e-06	0.12648600000000002	0.000848489	0.00245594	0.00010555999999999999	0.00048637800000000004	0.000247198	0.000121595	0.0431888	0.0	5.34481e-06	0.0	0.0	0.0	1.06896e-05	0.00010155099999999999	0.000724222	1.20258e-05	9.2198e-05	0.0867797	8.03764e-06	3.62843e-05	0.000113313	0.000257479	6.94809e-05	0.00402635	1.65718e-05	4.1779400000000005e-06	0.000601758	1.42109e-05	0.0	0.0866901	1.47917e-06	0.000521646	0.000783095	0.0	1.5890600000000001e-06	0.000144379	0.00010112200000000001	8.986729999999999e-05	0.0864033	0.000496294	2.73767e-05	0.0	0.0871816	0.0	0.00106111	0.0864113	2.59736e-05	0.0	0.0	0.0	0.0	0.17863	2.61804e-06	0.128451	1.4011700000000002e-05	2.0307600000000002e-05	3.30508e-05	0.000896085	8.05473e-05	0.0445802	0.131119	3.58652e-06	0.0	0.000660542	0.0867574	0.0	0.00143923	0.0	7.92395e-05	4.36064e-05	3.0231200000000003e-05	0.0	0.0009490729999999999	0.0015958099999999998	6.50382e-05	0.00011086	1.2830300000000001e-05	4.68051e-05	0.000592387	2.17925e-05	0.000234773	0.00010267499999999999	8.24333e-06	0.000189321	0.00120389	0.0	0.0859314	1.02043e-05	0.0	4.45089e-05	0.000174545	0.0836919	0.00017795000000000002	0.0	1.38893e-05	0.078951	0.0	0.000428316	0.00019894399999999997	0.0	0.0	5.68552e-05	0.000198041	0.0	0.0	0.0	0.0	0.0	2.56711e-05	0.0	0.0	0.00011715600000000001	0.0	0.0	0.0	0.0	0.0410144	7.600120000000001e-05	0.0	0.0	0.0765897	0.0	0.0102917	0.0543266	0.011760300000000001	0.00215908	0.00096113	0.000118028	0.000184676	0.0008367030000000001	0.000540145	0.00028465799999999997	0.0729289	0.0	0.0
Sin-APnd_017-Ex1-5F-lcwgs-1-2	0.0855061	0.09480419999999999	0.00246126	0.00357435	0.000348639	0.000598123	0.00012314299999999998	0.00022549600000000002	0.000353437	5.117629999999999e-05	0.0008092259999999999	0.0012074400000000002	0.00147292	7.9963e-06	0.127372	0.0008540049999999999	0.00224696	9.43564e-05	0.000505366	0.00019191099999999999	8.63601e-05	0.0435351	0.0	4.7977799999999995e-06	0.0	0.0	0.0	4.7977799999999995e-06	9.59556e-05	0.000642903	6.39704e-06	6.55697e-05	0.0872988	4.80692e-06	4.49734e-05	0.000104712	0.000250595	6.98102e-05	0.0038733199999999995	1.80524e-05	8.26108e-06	0.000557781	1.00775e-05	1.6960600000000001e-06	0.0868958	1.7362699999999998e-06	0.000549151	0.0006287440000000001	0.0	1.8458499999999999e-06	0.00011275400000000001	7.46888e-05	9.37653e-05	0.0876422	0.00046677899999999996	2.50261e-05	0.0	0.08683640000000001	0.0	0.00102354	0.08765970000000001	6.08029e-05	0.0	0.0	0.0	0.0	0.177865	0.0	0.129005	1.54346e-05	1.27534e-05	3.6241799999999996e-05	0.000691114	5.98103e-05	0.044892800000000004	0.131291	3.89181e-06	0.0	0.000655325	0.0866393	0.0	0.00141108	0.0	9.97569e-05	2.06977e-05	4.2959999999999995e-05	0.0	0.0008687859999999999	0.00147456	5.62984e-05	0.000110556	0.0	4.22207e-05	0.000571071	1.52406e-05	0.000166567	9.909929999999999e-05	1.72103e-05	0.000107637	0.00128093	0.0	0.087076	0.0	0.0	8.045409999999999e-05	0.000203977	0.08401660000000001	0.000248224	2.7272599999999997e-05	1.42315e-05	0.0788341	0.0	0.000420778	0.00020264000000000002	0.0	0.0	1.92156e-05	0.00012031599999999999	0.0	2.18535e-05	0.0	0.0	0.0	0.0	0.0	0.0	0.000117838	0.0	0.0	0.0	0.0	0.0417705	0.000114167	0.0	4.14245e-05	0.0769446	0.0	0.010043700000000001	0.0581567	0.013074699999999998	0.0019916300000000003	0.000902017	0.000176541	0.000368427	0.0014762299999999998	0.000471412	0.000354521	0.0696228	0.0	0.0
Sin-APnd_018-Ex1-5G-lcwgs-1-2	0.0871634	0.0964384	0.00255461	0.0037901899999999997	0.000370128	0.000636839	0.000136077	0.000277596	0.00035198499999999997	4.17302e-05	0.0007692859999999999	0.00135714	0.00158212	2.35866e-05	0.12676	0.000843675	0.0024856699999999997	0.000105233	0.000509834	0.000214094	0.00011793300000000001	0.0437005	0.0	7.25742e-06	0.0	0.0	0.0	1.27005e-05	8.1646e-05	0.000743885	1.27005e-05	8.1646e-05	0.0865302	1.2722800000000001e-05	3.64307e-05	0.000142457	0.00026017200000000003	6.252760000000001e-05	0.00420035	1.2996200000000001e-05	1.86754e-06	0.00059599	1.13665e-05	1.91067e-06	0.0865663	3.90029e-06	0.0005091599999999999	0.000741648	0.0	0.0	0.000129629	6.59172e-05	7.79288e-05	0.0866081	0.0004949	3.4454e-05	0.0	0.0869396	0.0	0.00108264	0.0875488	2.91063e-05	0.0	0.0	0.0	0.0	0.179955	0.0	0.127699	2.32024e-05	3.41839e-06	1.76387e-05	0.00071	8.64541e-05	0.045162400000000005	0.130864	8.2968e-06	0.0	0.000537595	0.08633990000000001	0.0	0.00145064	0.0	3.70882e-05	5.49532e-05	1.14049e-05	0.0	0.00096528	0.00139924	9.296389999999999e-05	0.000186432	0.0	6.729079999999999e-05	0.00045922099999999995	1.6210999999999998e-05	0.000118195	7.03794e-05	1.83465e-05	0.000105246	0.00131749	0.0	0.0861064	0.0	0.0	9.86777e-05	0.00020621799999999998	0.0864452	0.000239105	1.46956e-05	1.53559e-05	0.082243	0.0	0.00047338999999999997	0.0002016	0.0	0.0	6.28558e-05	0.00024089100000000002	0.0	2.39362e-05	0.0	0.0	0.0	0.0	0.0	0.0	6.53052e-05	0.0	0.0	0.0	0.0	0.045686000000000004	0.0	0.0	4.65685e-05	0.0771796	0.0	0.010457300000000001	0.0573528	0.012112099999999999	0.00104328	0.00128905	0.000269804	0.000352682	0.0012558	0.000465889	0.00040984100000000004	0.0746132	0.0	0.0
Sin-APnd_019-Ex1-5H-lcwgs-1-2	0.0869665	0.09666380000000001	0.00268383	0.00369943	0.000380385	0.000651378	0.00016905999999999998	0.000257319	0.000318231	6.46406e-05	0.000783146	0.00136491	0.0015314900000000002	1.6160199999999998e-05	0.127187	0.0008129799999999999	0.00250607	9.8204e-05	0.000520854	0.00018522	0.00010069	0.0437343	0.0	7.45853e-06	0.0	0.0	0.0	6.21544e-06	8.82593e-05	0.0006886710000000001	1.11878e-05	7.58284e-05	0.0865252	6.224290000000001e-06	2.61885e-05	0.00012247699999999999	0.000263139	7.66718e-05	0.0042374299999999995	2.02717e-05	5.09335e-06	0.00057887	6.445480000000001e-06	0.0	0.0868187	1.32217e-06	0.00049439	0.000754201	0.0	6.935489999999999e-06	0.000118199	6.14347e-05	7.84036e-05	0.0874631	0.000466096	1.68563e-05	0.0	0.0874006	0.0	0.0010252500000000001	0.08759549999999999	2.6174800000000002e-05	0.0	0.0	0.0	0.0	0.177944	2.03302e-06	0.128748	4.51534e-05	1.77014e-05	3.64554e-05	0.000926921	8.46e-05	0.045523299999999996	0.130823	0.0	0.0	0.000621459	0.0869876	0.0	0.00142743	0.0	6.33132e-05	5.518190000000001e-05	2.85736e-05	0.0	0.000897545	0.00129688	7.84036e-05	0.00015416100000000002	4.44521e-06	4.61792e-05	0.000585254	1.4957000000000001e-05	0.00017099299999999998	4.3099e-05	0.0	0.000116726	0.00122137	0.0	0.0861462	0.0	0.0	2.23238e-05	0.000163059	0.0856117	0.000312536	6.17092e-05	9.19791e-06	0.0806441	0.0	0.000501962	0.00019648900000000002	0.0	0.0	4.9719400000000004e-05	0.000103821	0.0	2.82972e-05	0.0	0.0	0.0	0.0	0.0	0.0	0.000133945	0.0	0.0	0.0	0.0	0.042692799999999996	9.935900000000001e-05	0.0	2.70779e-05	0.0791744	0.0	0.0114156	0.0548284	0.0114769	0.00198544	0.00104108	0.000272096	0.000162426	0.00131762	0.00035713	0.000329515	0.0736725	0.000110318	0.0
Sin-APnd_020-Ex1-6A-lcwgs-1-2	0.0858722	0.0960236	0.002699	0.00385857	0.000351768	0.000659112	0.000151405	0.00025476	0.000344515	4.895739999999999e-05	0.000801451	0.00138259	0.0016174100000000001	1.2692700000000001e-05	0.126944	0.000847689	0.00256573	0.000106981	0.0005077069999999999	0.000200363	0.000105168	0.0436818	0.0	4.53309e-06	0.0	0.0	0.0	3.6264800000000002e-06	6.43699e-05	0.000718949	8.15957e-06	7.88758e-05	0.08681509999999999	5.44825e-06	3.5483e-05	0.000138613	0.000250564	6.238640000000001e-05	0.00407467	2.12814e-05	7.4418e-06	0.000566254	1.13101e-05	0.0	0.0863081	9.69136e-07	0.000514885	0.000733237	0.0	6.141710000000001e-06	0.000137387	5.4036800000000004e-05	7.45078e-05	0.0886223	0.000493916	2.6464600000000004e-05	0.0	0.0872957	0.0	0.00105699	0.0885446	3.3492500000000005e-05	0.0	1.41513e-06	0.0	0.0	0.177395	0.0	0.128022	2.21024e-05	7.02446e-06	3.26714e-05	0.0009061760000000001	4.2655400000000005e-05	0.045033	0.13026400000000002	0.0	0.0	0.000653798	0.0869816	0.0	0.0014418599999999999	5.30835e-06	5.77772e-05	3.1405900000000004e-05	3.26065e-05	0.0	0.0007389229999999999	0.0014665	2.0748e-05	0.000140297	7.48551e-06	7.01733e-05	0.00058468	1.69179e-05	0.000136559	4.5900000000000004e-05	4.78791e-06	8.99176e-05	0.00117296	0.0	0.0852569	1.18172e-05	0.0	4.5063e-05	0.000127927	0.0838433	0.000250005	2.30686e-05	0.0	0.0805355	0.0	0.00041348099999999994	0.000144036	0.0	0.0	2.19703e-05	0.000103361	0.0	0.0	0.0	0.0	0.0	0.0	0.0	0.0	0.00020469599999999998	0.0	0.0	1.94993e-05	0.0	0.042322900000000004	0.000111234	0.0	2.42786e-05	0.07790670000000001	0.0	0.00928986	0.054558	0.0126503	0.00220381	0.00110508	0.000210177	0.00029277400000000004	0.000958165	0.000604362	0.00034042400000000003	0.07317610000000001	5.0185e-05	0.0
Sin-APnd_021-Ex1-6B-lcwgs-1-2	0.085097	0.0951225	0.00248852	0.0037134800000000003	0.000341617	0.000576032	0.000132931	0.00023441499999999997	0.000328753	7.57561e-05	0.000841893	0.00122639	0.00154228	7.1468e-06	0.127691	0.000779002	0.0023941799999999997	5.4315700000000006e-05	0.000504564	0.000168665	7.1468e-05	0.043717	0.0	1.0005500000000001e-05	0.0	0.0	0.0	4.28808e-06	7.86148e-05	0.000634636	1.71523e-05	6.00332e-05	0.0880672	1.14537e-05	2.72572e-05	0.00012941799999999999	0.000194675	6.799410000000001e-05	0.00404566	2.1877399999999998e-05	8.7945e-06	0.0005807760000000001	2.96684e-06	0.0	0.08725480000000001	0.0	0.000471086	0.000649739	0.0	3.1753e-06	0.000104531	4.40136e-05	8.10268e-05	0.0870488	0.000450242	2.42809e-05	0.0	0.08658360000000001	0.0	0.000986104	0.0878131	2.1379e-05	0.0	0.0	0.0	0.0	0.179096	2.22049e-06	0.130133	1.3988699999999999e-05	7.17166e-06	2.94282e-05	0.0008453460000000001	2.83938e-05	0.0454098	0.133099	5.5911600000000005e-06	0.0	0.0006800259999999999	0.0877967	0.0	0.0015330799999999998	3.31547e-06	3.75522e-05	4.92601e-05	2.90264e-05	0.0	0.0009000009999999999	0.0012163200000000001	6.17819e-05	0.000140422	1.3190399999999998e-05	5.91253e-05	0.0005879079999999999	4.865099999999999e-06	0.00014596500000000002	4.6885e-05	1.07927e-05	0.000145395	0.00103747	0.0	0.08695349999999999	0.0	0.0	4.85215e-05	0.00014402299999999999	0.0857631	0.000209691	8.068839999999999e-06	0.0	0.0807949	0.0	0.000441811	0.000205156	0.0	0.0	6.591569999999999e-05	0.000148504	0.0	0.0	0.0	0.0	0.0	0.0	0.0	0.0	9.745529999999999e-05	0.0	0.0	1.83306e-05	0.0	0.044222199999999996	4.1344700000000004e-05	0.0	0.0	0.0776284	0.0	0.010303	0.0533116	0.012752600000000001	0.0016716799999999998	0.0011744799999999999	0.000125563	0.00029432	0.0014335	0.0008218449999999999	0.000225461	0.0702973	0.000393799	0.0
Sin-APnd_022-Ex1-6C-lcwgs-1-2	0.08633350000000001	0.0959981	0.0025193100000000003	0.00386584	0.000322153	0.000575532	0.000148408	0.000253379	0.00034025200000000003	4.3436399999999996e-05	0.0007746159999999999	0.00123794	0.00159629	7.2394000000000005e-06	0.13005899999999998	0.00072032	0.00232385	7.60137e-05	0.00060811	0.000184605	9.04925e-05	0.0446816	0.0	3.6197000000000003e-06	0.0	0.0	0.0	3.6197000000000003e-06	5.4295499999999995e-05	0.0007058419999999999	7.2394000000000005e-06	5.4295499999999995e-05	0.08948260000000001	3.62529e-06	1.81617e-05	0.000207528	0.00018256200000000002	6.59414e-05	0.004225619999999999	3.69439e-05	3.7134900000000003e-06	0.00056778	7.520579999999999e-06	0.0	0.0877547	0.0	0.00039757400000000004	0.000654388	0.0	0.0	0.000106594	6.240959999999999e-05	9.29777e-05	0.086525	0.000384696	8.90462e-06	0.0	0.08905099999999999	0.0	0.000931682	0.0861098	2.0169e-05	0.0	5.27597e-06	0.0	0.0	0.18046399999999999	0.0	0.131661	1.23077e-05	1.26502e-05	5.2033699999999996e-05	0.000709103	6.8809e-05	0.0453594	0.13216599999999998	0.0	0.0	0.000638772	0.0867472	0.0	0.00135868	0.0	6.53689e-05	5.78943e-05	9.974449999999999e-06	0.0	0.0008111240000000001	0.00117114	5.7206799999999996e-05	0.000213355	0.0	5.09448e-05	0.000515096	4.1090899999999997e-05	8.52437e-05	8.8436e-05	0.0	0.00011125299999999999	0.00122189	0.0	0.08560179999999999	1.84787e-05	0.0	9.98605e-05	0.00014551	0.0877385	0.00022484599999999998	0.0	0.0	0.0801856	0.0	0.000384195	5.71056e-05	0.0	0.0	3.2219e-05	0.00013408500000000001	0.0	0.0	3.77019e-05	0.0	0.0	0.0	0.0	0.0	9.544060000000001e-05	0.0	0.0	0.0	0.0	0.0479239	0.0	0.0	0.0	0.0826688	0.0	0.00975389	0.050506800000000004	0.0115117	0.0015713	0.000775734	8.95741e-05	0.000186151	0.000968801	0.00020233799999999999	0.0005302050000000001	0.07821170000000001	0.0	0.0
Sin-APnd_023-Ex1-6D-lcwgs-1-2	0.086594	0.096459	0.00264316	0.0038495499999999998	0.000397487	0.000655727	0.000141779	0.000253177	0.000317737	5.56988e-05	0.000819026	0.00135323	0.00152665	1.26588e-05	0.126724	0.0008000380000000001	0.00244442	7.46871e-05	0.000525341	0.00020760499999999997	8.35483e-05	0.043246400000000004	0.0	6.329410000000001e-06	0.0	0.0	0.0	2.53177e-06	7.08894e-05	0.000735478	7.595300000000001e-06	7.21553e-05	0.08625730000000001	5.06769e-06	2.91694e-05	0.00015492	0.00021366200000000002	6.24312e-05	0.00409877	1.4081800000000001e-05	8.98836e-06	0.000515431	1.5526e-05	2.59986e-06	0.085442	0.0	0.000503286	0.0006834230000000001	0.0	1.35926e-06	0.000112609	6.52622e-05	8.00926e-05	0.08728670000000001	0.00045863100000000003	1.7557200000000002e-05	0.0	0.0867163	0.0	0.00101013	0.08762009999999999	2.91395e-05	0.0	0.0	0.0	0.0	0.17677700000000002	0.0	0.127592	1.53578e-05	7.86567e-06	3.62773e-05	0.000861503	3.17766e-05	0.0450034	0.13005899999999998	2.29024e-06	0.0	0.000672593	0.0870039	0.0	0.0013587999999999999	2.71017e-06	7.81186e-05	4.3123e-05	2.07462e-05	0.0	0.0008201860000000001	0.00138411	8.07341e-05	0.000159875	0.0	0.00011886500000000001	0.000526289	7.949739999999999e-06	0.000156301	8.51692e-05	0.0	0.00015096	0.00124261	0.0	0.0843836	1.05712e-05	0.0	4.55275e-05	0.00011825099999999999	0.0849904	0.00024891000000000003	1.3267599999999998e-05	4.82774e-05	0.0795501	0.0	0.000449449	0.00022558099999999998	0.0	0.0	7.26077e-05	0.000179425	0.0	3.0707800000000004e-05	0.0	0.0	0.0	2.39938e-05	0.0	0.0	8.134470000000001e-05	0.0	0.0	1.53298e-05	0.0	0.0429648	6.92572e-05	0.0	1.87879e-05	0.0808613	0.0	0.00985428	0.05392860000000001	0.0129011	0.00208054	0.00116362	0.000316366	0.000164835	0.000889087	0.000630806	0.00025267299999999997	0.0723952	3.66969e-05	0.0
Sin-APnd_024-Ex1-6E-lcwgs-1-2	0.08501500000000001	0.0949774	0.0027263	0.00371079	0.00035972	0.0005604060000000001	9.84496e-05	0.000249911	0.000337001	7.9517e-05	0.000829249	0.001348	0.00153354	7.57305e-06	0.129473	0.0008368220000000001	0.002359	9.84496e-05	0.00045059600000000005	0.00020447199999999998	0.00012116899999999999	0.0448135	0.0	0.0	0.0	0.0	0.0	3.78652e-06	8.33035e-05	0.000685361	7.57305e-06	6.43709e-05	0.0881162	3.79161e-06	2.27881e-05	0.000125587	0.000259419	5.73872e-05	0.0041227699999999996	1.5415199999999998e-05	7.74285e-06	0.000521484	3.9148900000000006e-06	0.0	0.0881999	0.0	0.000509872	0.000699494	0.0	0.0	0.00015304	3.8825099999999995e-05	6.57291e-05	0.0870908	0.000498646	0.0	0.0	0.0883301	0.0	0.00103711	0.08857649999999999	4.19133e-05	0.0	5.48934e-06	0.0	0.0	0.180903	0.0	0.129826	1.28456e-05	1.98169e-05	5.43734e-05	0.000720474	6.48053e-05	0.0442894	0.130166	0.0	0.0	0.0006455380000000001	0.08620309999999999	0.0	0.0015409299999999998	0.0	8.86261e-05	4.07296e-05	0.0	0.0	0.000925395	0.00156667	7.26843e-05	0.000100462	0.0	5.40269e-05	0.000504496	1.45424e-05	0.00019626500000000002	6.26992e-05	0.0	6.77162e-05	0.00124961	0.0	0.08787009999999999	1.97701e-05	0.0	0.0	0.000200547	0.0860741	0.000362426	2.5171200000000004e-05	2.6217000000000003e-05	0.08037409999999999	0.0	0.00032602900000000003	9.26397e-05	0.0	0.0	3.49666e-05	3.64509e-05	0.0	3.95756e-05	0.0	0.0	0.0	0.0	0.0	0.0	0.000158488	0.0	0.0	0.0	0.0	0.0443572	6.77763e-05	0.0	0.0	0.0786352	0.0	0.0100278	0.0538886	0.0115637	0.00228365	0.000597121	0.000726366	0.000108238	0.00135542	0.0009466870000000001	0.00037335	0.0689729	0.0	0.0
Sin-APnd_025-Ex1-6F-lcwgs-1-2	0.0840795	0.09448100000000001	0.002572	0.0036331600000000003	0.000401349	0.000621986	0.000151294	0.000247954	0.000340411	6.09378e-05	0.000802698	0.00130701	0.0015864800000000001	1.26078e-05	0.12748600000000002	0.000811104	0.00242491	8.19509e-05	0.0005337310000000001	0.000222738	8.82548e-05	0.044430000000000004	0.0	4.20261e-06	0.0	0.0	0.0	4.20261e-06	8.82548e-05	0.00070814	4.20261e-06	5.8836500000000005e-05	0.08683640000000001	6.3131600000000006e-06	3.58399e-05	0.000158469	0.000254224	8.500430000000001e-05	0.00403314	1.71343e-05	0.0	0.000538817	2.17747e-06	0.0	0.08695649999999999	0.0	0.000497795	0.000685341	0.0	6.99943e-06	0.00013953499999999998	7.19831e-05	7.79716e-05	0.0873555	0.000511449	2.82258e-05	0.0	0.0875345	0.0	0.00106613	0.0871016	4.0756e-05	0.0	0.0	0.0	0.0	0.179056	3.38683e-06	0.12986899999999998	2.50712e-05	3.68628e-06	5.69439e-05	0.000832971	4.8355199999999994e-05	0.0449205	0.132196	0.0	0.0	0.000585253	0.0862033	0.0	0.00147057	0.0	7.25682e-05	5.20273e-05	1.7968600000000003e-05	0.0	0.0008690950000000001	0.00130892	4.85158e-05	0.00011513300000000001	0.0	5.43794e-05	0.0005168659999999999	8.39965e-06	0.000166011	0.000118175	0.0	0.000128181	0.00135597	0.0	0.0855776	0.0	0.0	5.0530300000000006e-05	0.000197763	0.086	0.000272826	1.4988e-05	6.25957e-05	0.0795217	0.0	0.00040989	0.000148918	0.0	0.0	2.12481e-05	8.88341e-05	0.0	0.0	2.5348600000000003e-05	0.0	0.0	0.0	0.0	0.0	9.913430000000001e-05	0.0	0.0	0.0	0.0	0.0467772	0.0	0.0	0.0	0.0811674	0.0	0.008707310000000001	0.0545295	0.0113279	0.00155506	0.00117552	0.00027339300000000003	0.000429024	0.00104952	0.000315283	0.000333091	0.0718092	9.790089999999999e-05	0.0
Sin-CPnd_013-Ex1-4E-lcwgs-1-2	0.132567	0.08837829999999999	0.0	0.0	0.0	0.0	0.0	0.0	0.0	0.0	0.0	0.0	0.0	0.0	0.11047299999999999	0.0	0.0	0.0	0.0	0.0	0.0	0.08837829999999999	0.0	0.0	0.0	0.0	0.0	0.0	0.0	0.0	0.0	0.0	0.044189099999999995	0.0	0.0	0.0	0.0	0.0	0.0	0.0	0.0	0.0	0.0	0.0	0.023142799999999998	0.0	0.0	0.0	0.0	0.0	0.0	0.0	0.0	0.07380070000000001	0.0	0.0	0.0	0.101471	0.0	0.0	0.130242	0.0	0.0	0.0	0.0	0.0	0.136649	0.0	0.139353	0.0	0.0	0.0	0.0	0.0	0.0	0.0901172	0.0	0.0	0.0	0.0313381	0.0	0.0	0.0	0.0	0.0	0.0	0.0	0.0	0.0	0.0	0.0	0.0	0.0	0.0	0.0	0.0	0.0	0.0	0.0	0.0	0.0	0.0	0.0	0.0	0.0	0.0	0.0426985	0.0	0.0	0.0	0.0905387	0.0	0.0	0.0	0.0	0.0	0.0	0.0	0.0	0.0	0.0	0.0	0.0	0.0	0.0	0.0	0.0	0.0	0.0	0.0	0.0	0.058997100000000004	0.0	0.0	0.0	0.18797	0.0	0.0	0.0	0.0	0.0	0.0	0.0	0.0	0.0	0.0	0.0	0.0	0.0	0.0
Sin-CPnd_015-Ex1-4A-lcwgs-1-2	0.0747314	0.0934143	0.0	0.0	0.0	0.0	0.0	0.0	0.0	0.0	0.0	0.0	0.0	0.0	0.19616999999999998	0.0	0.0	0.0	0.0	0.0	0.0	0.0467071	0.0	0.0	0.0	0.0	0.0	0.0	0.0	0.0	0.0	0.0	0.0934143	0.0	0.0	0.0	0.0	0.0	0.0	0.0	0.0	0.0	0.0	0.0	0.0879593	0.0	0.0	0.0	0.0	0.0	0.0	0.0	0.0	0.10481100000000002	0.0	0.0	0.0	0.0980606	0.0	0.0	0.10126	0.0	0.0	0.0	0.0	0.0	0.229524	0.0	0.09909579999999998	0.0	0.0	0.0	0.0	0.0	0.0801603	0.16247	0.0	0.0	0.0	0.057347699999999995	0.0	0.0	0.0	0.0	0.0	0.0	0.0	0.0	0.0	0.0	0.0	0.0	0.0	0.0	0.0	0.0	0.0	0.0	0.0	0.0	0.0	0.15603699999999998	0.0	0.0	0.0	0.0	0.0630385	0.0	0.0	0.0	0.0221386	0.0	0.0	0.0	0.0	0.0	0.0	0.0	0.0	0.0	0.0	0.0	0.0	0.0	0.0	0.0	0.0	0.0	0.0	0.0	0.0	0.0594884	0.0	0.0	0.0	0.0946074	0.0	0.0	0.0665115	0.0	0.0	0.0	0.0	0.0	0.0	0.0	0.0	0.0393856	0.0	0.0
Sin-CPnd_018-Ex1-11A-lcwgs-1-2	0.0824368	0.0870167	0.0036638599999999997	0.00412184	0.0	0.0018319299999999998	0.0	0.0009159649999999999	0.0	0.0	0.000457982	0.0018319299999999998	0.0013739499999999999	0.0	0.140601	0.0013739499999999999	0.0013739499999999999	0.0	0.0	0.0013739499999999999	0.0	0.0503781	0.0	0.0	0.0	0.0	0.0	0.0	0.0	0.0	0.0	0.0	0.0961763	0.0	0.0	0.000460564	0.0	0.0	0.00604426	0.0	0.0	0.0	0.0	0.0	0.0910146	0.0	0.0004901910000000001	0.000989962	0.0	0.0	0.0	0.0	0.0	0.0898143	0.000538773	0.0	0.0	0.0947285	0.0	0.00116406	0.0887558	0.0	0.0	0.0	0.0	0.0	0.187321	0.0	0.14064500000000002	0.0	0.0	0.0	0.000739251	0.0	0.0469267	0.130271	0.0	0.0	0.000834836	0.0887501	0.0	0.004449310000000001	0.0	0.0	0.0	0.0	0.0	0.00304201	0.0	0.0	0.0	0.0	0.0	0.00115797	0.0	0.0	0.0	0.0	0.0	0.0	0.0	0.0774829	0.0	0.0	0.0	0.0	0.11708700000000001	0.0	0.0	0.0	0.05711410000000001	0.0	0.00350785	0.0	0.0	0.0	0.0	0.0	0.0	0.0	0.0	0.0	0.0	0.0	0.0	0.0	0.0	0.0	0.0	0.0	0.0	0.0357134	0.0	0.0	0.0	0.0745115	0.0	0.0114695	0.0467741	0.0148929	0.0030465500000000003	0.00622103	0.0	0.00323353	0.0	0.0	0.0	0.0792764	0.0	0.0
Sin-CPnd_019-Ex1-1H-lcwgs-1-2	0.09986999999999999	0.109292	0.00565302	0.0094217	0.0	0.0	0.00188434	0.00188434	0.0	0.0	0.00188434	0.00188434	0.00188434	0.0	0.14321	0.00188434	0.0	0.0	0.00188434	0.0	0.0	0.028265099999999998	0.0	0.0	0.0	0.0	0.0	0.0	0.0	0.00188434	0.0	0.0	0.06595190000000001	0.0	0.0	0.0018935399999999998	0.0	0.0	0.00953471	0.0	0.0	0.00192452	0.0	0.0	0.0760323	0.0	0.0	0.0	0.0	0.0	0.0	0.0	0.0	0.0641516	0.0	0.0	0.0	0.137363	0.0	0.0	0.08189099999999999	0.0	0.0	0.0	0.0	0.0	0.168754	0.0	0.102382	0.0	0.0	0.0	0.0	0.0	0.0373274	0.143507	0.0	0.0	0.0	0.06676539999999999	0.0	0.0030077899999999998	0.0	0.0	0.0	0.0	0.0	0.0033729100000000002	0.0	0.0	0.0	0.0	0.0	0.0	0.0	0.0	0.0	0.0	0.0	0.0	0.0	0.104994	0.0	0.0	0.0	0.0	0.0929224	0.0	0.0	0.0	0.0686577	0.0	0.0	0.0	0.0	0.0	0.0	0.0	0.0	0.0	0.0	0.0	0.0	0.0	0.0	0.0	0.0	0.0	0.0	0.0	0.0	0.030562299999999997	0.0	0.0	0.0	0.0920598	0.0	0.0122339	0.0756144	0.0	0.0	0.0	0.0	0.0	0.0	0.0159363	0.0	0.0697958	0.0	0.0
Sin-CPnd_020-Ex1-12E-lcwgs-1-2	0.08503300000000001	0.0985889	0.00369709	0.00369709	0.00041078699999999997	0.0	0.0	0.00041078699999999997	0.0	0.00041078699999999997	0.000821575	0.00164315	0.00123236	0.0	0.12323600000000001	0.00041078699999999997	0.00287551	0.0	0.0	0.00041078699999999997	0.0	0.0431327	0.0	0.0	0.0	0.0	0.0	0.0	0.0	0.000821575	0.0	0.00041078699999999997	0.0936595	0.0	0.0	0.0	0.0	0.0	0.0037526400000000002	0.0	0.0	0.00042273500000000004	0.0	0.0	0.0973521	0.0	0.00043731700000000006	0.0	0.0	0.0	0.0	0.0	0.0	0.0861649	0.0	0.0	0.0	0.0984368	0.0	0.000505832	0.09537630000000001	0.0	0.0	0.0	0.0	0.0	0.207786	0.0	0.13650500000000002	0.0	0.0	0.0	0.000618112	0.0	0.0486089	0.122352	0.0	0.0	0.000686412	0.0838323	0.0	0.000724202	0.0	0.0	0.0	0.0	0.0	0.000811866	0.000827904	0.0	0.0008620390000000001	0.0	0.0	0.0	0.0	0.0	0.0	0.0	0.00101357	0.0	0.0	0.0841842	0.0	0.0	0.0	0.00117518	0.08760559999999999	0.0	0.0	0.0	0.0914256	0.0	0.0	0.0	0.0	0.0	0.0	0.0	0.0	0.0	0.0	0.0	0.0	0.0	0.0	0.0	0.00182899	0.0	0.0	0.0	0.0	0.0326337	0.0	0.0	0.0	0.0711285	0.0	0.0116203	0.0665415	0.0121495	0.0	0.0	0.0	0.0	0.0	0.0	0.0	0.0842815	0.0	0.0
Sin-CPnd_021-Ex1-3D-lcwgs-1-2	0.0719101	0.0898876	0.0	0.0	0.0	0.0	0.0	0.0	0.0	0.0	0.0	0.0	0.00898876	0.0	0.14382	0.0	0.0	0.0	0.0	0.0	0.0	0.00898876	0.0	0.0	0.0	0.0	0.0	0.0	0.0	0.0	0.0	0.0	0.125843	0.0	0.0	0.0	0.0	0.0	0.0	0.0	0.0	0.0	0.0	0.0	0.0798324	0.0	0.0	0.0104635	0.0	0.0	0.0110889	0.0	0.0	0.0709052	0.0	0.0	0.0	0.102973	0.0	0.0	0.124723	0.0	0.0	0.0	0.0	0.0	0.160282	0.0	0.11776600000000001	0.0	0.0	0.0	0.0	0.0	0.0786009	0.0806127	0.0	0.0	0.0	0.13541	0.0	0.0	0.0	0.0	0.0	0.0	0.0	0.0	0.0	0.0	0.0	0.0	0.0	0.0	0.0	0.0	0.0	0.0	0.0	0.0	0.0	0.116054	0.0	0.0	0.0	0.0	0.08684320000000001	0.0	0.0	0.0	0.142383	0.0	0.0	0.0	0.0	0.0	0.0	0.0	0.0	0.0	0.0	0.0	0.0	0.0	0.0	0.0	0.0	0.0	0.0	0.0	0.0	0.0	0.0	0.0	0.0	0.16129	0.0	0.0	0.08568980000000001	0.0	0.0	0.0	0.0	0.0	0.0	0.0	0.0	0.10661	0.0	0.0
Sin-CPnd_022-Ex1-1D-lcwgs-1-2	0.0837797	0.0939349	0.0	0.0	0.0	0.0	0.0	0.0	0.0	0.0	0.0	0.0	0.007616339999999999	0.0	0.126939	0.0	0.00253878	0.0	0.00253878	0.0	0.0	0.0406205	0.0	0.0	0.0	0.0	0.0	0.0	0.0	0.0	0.0	0.0	0.0685471	0.0	0.0	0.0	0.0	0.0	0.0	0.0	0.0	0.0	0.0	0.0	0.095927	0.0	0.0	0.0	0.0	0.0	0.0	0.0	0.0	0.09643979999999999	0.0	0.0	0.0	0.10085000000000001	0.0	0.0	0.0912939	0.0	0.0	0.0	0.0	0.0	0.160206	0.0	0.127448	0.0	0.0	0.0	0.0	0.0	0.0512187	0.124333	0.0	0.0	0.0	0.0748036	0.0	0.0	0.0	0.0	0.0	0.0	0.0	0.0	0.0	0.0	0.0	0.0	0.0	0.0	0.0	0.0	0.0	0.0	0.0	0.00365497	0.0	0.0744186	0.0	0.0	0.0	0.0	0.0895499	0.0	0.0	0.0	0.0566	0.0	0.0	0.0	0.0	0.0	0.0	0.0	0.0	0.0	0.0	0.0	0.0	0.0	0.0	0.0	0.0	0.0	0.0	0.0	0.0	0.0403511	0.0	0.0	0.0	0.0737735	0.0	0.0107881	0.043634799999999994	0.00552944	0.0	0.0	0.0	0.0	0.0	0.0	0.0	0.107752	0.0	0.0
Sin-CPnd_023-Ex1-12B-lcwgs-1-2	0.0866673	0.0760859	0.0050387999999999995	0.00302328	0.00050388	0.00201552	0.0	0.00100776	0.0	0.0	0.00050388	0.00352716	0.00100776	0.0	0.12597	0.00050388	0.00201552	0.0	0.00050388	0.00100776	0.0	0.0513957	0.0	0.0	0.0	0.0	0.0	0.0	0.0	0.00100776	0.0	0.0	0.0932178	0.0	0.000506142	0.0	0.0	0.0	0.004625440000000001	0.0	0.0	0.0	0.0	0.0	0.0846064	0.0	0.0	0.00110308	0.0	0.0	0.0	0.0	0.0	0.0844052	0.0	0.0	0.0	0.09399439999999999	0.0	0.0026055699999999998	0.0840965	0.0	0.0	0.0	0.0	0.0	0.191131	0.0	0.149818	0.0	0.0	0.0008106159999999999	0.0	0.0	0.048241799999999994	0.121384	0.0	0.0	0.000936751	0.0774942	0.0	0.0019987	0.0	0.0	0.0	0.0	0.0	0.0	0.00116767	0.0	0.0	0.0	0.0	0.0	0.0	0.0	0.0	0.0	0.00147102	0.00150423	0.0	0.0898303	0.0	0.0	0.0	0.0	0.0884079	0.0	0.0018515100000000002	0.0	0.0853557	0.0	0.0	0.0	0.0	0.0	0.0	0.0	0.0	0.0	0.0	0.0	0.0	0.0	0.0	0.0	0.0	0.0	0.0	0.0	0.0	0.0277034	0.0	0.0	0.0	0.110519	0.0	0.0104851	0.0678353	0.0	0.0	0.0	0.0	0.0	0.0	0.0	0.0	0.0714286	0.0	0.0
Sin-CPnd_024-Ex1-12C-lcwgs-1-2	0.0779307	0.0974134	0.00194827	0.00454596	0.0	0.0	0.0	0.0	0.0	0.0	0.0012988399999999999	0.00194827	0.0	0.0	0.115597	0.0	0.00194827	0.0	0.000649422	0.0	0.0	0.0500055	0.0	0.0	0.0	0.0	0.0	0.0	0.0	0.0	0.0	0.0	0.0941662	0.0	0.0	0.0	0.0	0.0	0.00265382	0.0	0.0	0.0	0.0	0.0	0.0813138	0.0	0.0	0.0014375	0.0	0.0	0.0	0.0	0.0	0.08192819999999999	0.0	0.0	0.0	0.09916090000000001	0.0	0.0017274999999999999	0.07302349999999999	0.0	0.0	0.0	0.0	0.0	0.16967	0.0	0.135632	0.0	0.0	0.0	0.00113152	0.0	0.0497908	0.143282	0.0	0.0	0.0	0.0842032	0.0	0.00280686	0.0	0.0	0.0	0.0	0.0	0.00162665	0.00167003	0.0	0.0	0.0	0.0	0.0	0.0	0.0	0.0	0.0	0.0	0.0	0.0	0.0856363	0.0	0.0	0.0	0.0	0.0943273	0.0	0.0	0.0	0.09507349999999999	0.0	0.0	0.0	0.0	0.0	0.0	0.0	0.0	0.0	0.0	0.0	0.0	0.0	0.0	0.0	0.0	0.0	0.0	0.0	0.0	0.0457582	0.0	0.0	0.0	0.0745972	0.0	0.0103751	0.0370116	0.0	0.0	0.0	0.0	0.0	0.0060186599999999995	0.0	0.0063259100000000006	0.0789526	0.0	0.0
Sin-CPnd_025-Ex1-3B-lcwgs-1-2	0.0962137	0.08489440000000001	0.0	0.0	0.0	0.0	0.0	0.0	0.0	0.0	0.0	0.0	0.0	0.0	0.101873	0.0	0.00565963	0.0	0.0	0.0	0.0	0.06791559999999999	0.0	0.0	0.0	0.0	0.0	0.0	0.0	0.0	0.0	0.0	0.0509367	0.0	0.0	0.0	0.0	0.0	0.005755059999999999	0.0	0.0	0.0	0.0	0.0	0.130649	0.0	0.0	0.0	0.0	0.0	0.0	0.0	0.0	0.0765209	0.0	0.0	0.0	0.112904	0.0	0.0	0.075152	0.0	0.0	0.0	0.0	0.0	0.21913800000000003	0.0	0.149678	0.0	0.0	0.0	0.0	0.0	0.0321363	0.16294599999999998	0.0	0.0	0.0	0.0774127	0.0	0.00885269	0.0	0.0	0.0	0.0	0.0	0.0	0.0	0.0	0.0	0.0	0.0	0.0	0.0	0.0	0.0	0.0	0.0	0.0	0.0	0.0350385	0.0	0.0	0.0	0.0	0.100629	0.0	0.0	0.0	0.106228	0.0	0.0	0.0	0.0	0.0	0.0	0.0	0.0	0.0	0.0	0.0	0.0	0.0	0.0	0.0	0.0	0.0	0.0	0.0	0.0	0.0539084	0.0	0.0	0.0	0.07582939999999999	0.0	0.0	0.0395726	0.0	0.0	0.0	0.0	0.0	0.0	0.0	0.0	0.0944733	0.0	0.0
Sin-CPnd_028-Ex1-12H-lcwgs-1-2	0.0821412	0.0983579	0.00246776	0.0031728299999999997	0.0007050740000000001	0.0	0.0	0.0007050740000000001	0.00035253700000000004	0.0	0.00035253700000000004	0.0007050740000000001	0.00211522	0.0	0.12620800000000001	0.00035253700000000004	0.00211522	0.0	0.0007050740000000001	0.00035253700000000004	0.0	0.0437146	0.0	0.0	0.0	0.0	0.0	0.0	0.0	0.00141015	0.0	0.0	0.0789683	0.0	0.0	0.000354575	0.0	0.0	0.00465373	0.0	0.0	0.0	0.0	0.0	0.0974206	0.0	0.000374116	0.0	0.0	0.0	0.0	0.0	0.0	0.07907650000000001	0.0	0.0	0.0	0.07535359999999999	0.0	0.0012705099999999999	0.0753957	0.0	0.0	0.0	0.0	0.0	0.186765	0.0	0.134403	0.0	0.0	0.0	0.0	0.0	0.040026900000000004	0.15195899999999998	0.0	0.0	0.000543106	0.0771116	0.0	0.0011334000000000001	0.0	0.0	0.0	0.0	0.0	0.000617375	0.0012527999999999999	0.0	0.0	0.0	0.0	0.0	0.0	0.0	0.0	0.0	0.0	0.000735408	0.0	0.0763948	0.0	0.0	0.00078964	0.0	0.0885099	0.000823479	0.0	0.0	0.0850793	0.0	0.0	0.000895841	0.0	0.0	0.0	0.0	0.0	0.0	0.0	0.0	0.0	0.0	0.0	0.0	0.0	0.0	0.0	0.0	0.0	0.034187300000000004	0.00115425	0.0	0.0	0.0756839	0.0	0.0061787100000000005	0.0388593	0.013993	0.00645828	0.0	0.0	0.0	0.0	0.00139456	0.0	0.0823941	0.0	0.0
Sin-CPnd_029-Ex1-4D-lcwgs-1-2	0.0827752	0.112875	0.00752502	0.0	0.0	0.0	0.0	0.0	0.0	0.0	0.0	0.0	0.00752502	0.0	0.16555	0.0	0.0	0.0	0.0	0.0	0.0	0.0602002	0.0	0.0	0.0	0.0	0.0	0.0	0.0	0.0	0.0	0.0	0.0827752	0.0	0.0	0.0	0.0	0.0	0.0	0.0	0.0	0.0	0.0	0.0	0.0759045	0.0	0.008717639999999999	0.0	0.0	0.0	0.0	0.0	0.0	0.10954000000000001	0.0	0.0	0.0	0.108909	0.0	0.0113688	0.12819	0.0	0.0	0.0	0.0	0.0	0.270526	0.0	0.14257199999999998	0.0	0.0	0.0	0.0	0.0	0.06687839999999999	0.154746	0.0	0.0	0.0	0.0764088	0.0	0.0202716	0.0	0.0	0.0	0.0	0.0	0.0239464	0.0	0.0	0.0	0.0	0.0	0.0	0.0	0.0	0.0	0.0	0.0	0.0	0.0	0.10402199999999999	0.0	0.0	0.0	0.0	0.156863	0.0	0.0	0.0	0.0855066	0.0	0.0	0.0	0.0	0.0	0.0	0.0	0.0	0.0	0.0	0.0	0.0	0.0	0.0	0.0	0.0	0.0	0.0	0.0	0.0	0.0700771	0.0	0.0	0.0	0.0	0.0	0.0	0.0811688	0.0	0.0	0.0	0.0	0.0	0.0	0.0	0.0	0.0	0.0	0.0
Sin-CPnd_031-Ex1-3G-lcwgs-1-2	0.060308400000000005	0.060308400000000005	0.0	0.0	0.0	0.0	0.0	0.0	0.0	0.0	0.0	0.0	0.0	0.0	0.137848	0.0	0.0	0.0	0.0	0.0	0.0	0.034462	0.0	0.0	0.0	0.0	0.0	0.0	0.0	0.0	0.0	0.0	0.146463	0.0	0.0	0.0	0.0	0.0	0.0	0.0	0.0	0.0	0.0	0.0	0.09944850000000001	0.0	0.0	0.0	0.0	0.0	0.0	0.0	0.0	0.0482393	0.0	0.0	0.0	0.16880199999999998	0.0	0.0	0.06108109999999999	0.0	0.0	0.0	0.0	0.0	0.21567999999999998	0.0	0.154032	0.0	0.0	0.0	0.0	0.0	0.058309	0.141543	0.0	0.0	0.0	0.0738643	0.0	0.0	0.0	0.0	0.0	0.0	0.0	0.0	0.0	0.0	0.0	0.0	0.0	0.0	0.0	0.0	0.0	0.0	0.0	0.0	0.0	0.11225099999999999	0.0	0.0	0.0	0.0	0.137268	0.0	0.0	0.0	0.054279	0.0	0.018546	0.0	0.0	0.0	0.0	0.0	0.0	0.0	0.0	0.0	0.0	0.0	0.0	0.0	0.0	0.0	0.0	0.0	0.0	0.0969697	0.0	0.0	0.0	0.0514007	0.0	0.0	0.0539229	0.0273673	0.0	0.0282326	0.0	0.029146000000000002	0.0	0.0	0.0	0.0952683	0.0	0.0
Sin-CPnd_032-Ex1-3E-lcwgs-1-2	0.12506	0.0817701	0.00962001	0.00481	0.0	0.0	0.0	0.00481	0.0	0.0	0.0	0.00481	0.0	0.0	0.11062999999999999	0.0	0.00481	0.0	0.0	0.0	0.0	0.03367	0.0	0.0	0.0	0.0	0.0	0.0	0.0	0.0	0.0	0.0	0.0769601	0.0	0.0	0.0	0.0	0.0	0.0097012	0.0	0.0	0.0	0.0	0.0	0.0738734	0.0	0.0	0.0049711700000000004	0.0	0.0	0.0	0.0	0.0	0.117575	0.0	0.0	0.0	0.14094800000000002	0.0	0.0	0.0797787	0.0	0.0	0.0	0.0	0.0	0.22733599999999998	0.0	0.0957099	0.0	0.0	0.0	0.00579341	0.0	0.0647402	0.20778900000000003	0.0	0.0	0.0	0.0735429	0.0	0.0	0.0	0.0	0.0	0.0	0.0	0.0	0.0	0.0	0.0	0.0	0.0	0.0	0.0	0.0	0.0	0.0	0.0	0.0	0.0	0.0609106	0.0	0.0	0.0	0.0	0.0805932	0.0	0.0	0.0	0.0506671	0.0	0.00867754	0.0	0.0	0.0	0.0	0.0	0.0	0.0	0.0	0.0	0.0	0.0	0.0	0.0	0.0	0.0	0.0	0.0	0.0	0.033218899999999996	0.0	0.0	0.0	0.058595999999999995	0.0	0.0	0.0856164	0.0	0.0	0.0	0.0	0.0	0.0	0.0	0.0	0.0439625	0.0	0.0
Sin-CPnd_033-Ex1-1B-lcwgs-1-2	0.0	0.0493218	0.0	0.0246609	0.0	0.0	0.0	0.0	0.0	0.0	0.0	0.0	0.0	0.0	0.12330500000000001	0.0	0.0	0.0	0.0	0.0	0.0	0.0493218	0.0	0.0	0.0	0.0	0.0	0.0	0.0	0.0	0.0	0.0	0.0246609	0.0	0.0	0.0	0.0	0.0	0.0	0.0	0.0	0.0	0.0	0.0	0.053590599999999995	0.0	0.0	0.0	0.0	0.0	0.0	0.0	0.0	0.121581	0.0	0.0	0.0	0.128991	0.0	0.0	0.0340252	0.0	0.0	0.0	0.0	0.0	0.15278799999999998	0.0	0.11995199999999999	0.0	0.0	0.0	0.0	0.0	0.0	0.18665400000000001	0.0	0.0	0.0	0.0515996	0.0	0.0	0.0	0.0	0.0	0.0	0.0	0.0	0.0	0.0	0.0	0.0	0.0	0.0	0.0	0.0	0.0	0.0	0.0	0.0	0.0	0.0	0.0	0.0	0.0	0.0	0.10090800000000001	0.0	0.0	0.0	0.0	0.0	0.0	0.0	0.0	0.0	0.0	0.0	0.0	0.0	0.0	0.0	0.0	0.0	0.0	0.0	0.0	0.0	0.0	0.0	0.0	0.19084	0.0	0.0	0.0	0.0	0.0	0.0	0.0	0.0	0.0	0.0	0.0	0.0	0.0	0.0	0.0	0.27932999999999997	0.0	0.0
Sin-CPnd_034-Ex1-3C-lcwgs-1-2	0.0902663	0.07522190000000001	0.00501479	0.0	0.0	0.0	0.0	0.0	0.0	0.0	0.0	0.0	0.0	0.0	0.11534	0.0	0.0	0.0	0.0	0.0	0.0	0.030088800000000002	0.0	0.0	0.0	0.0	0.0	0.0	0.0	0.0	0.0	0.0	0.09528110000000001	0.0	0.0	0.0	0.0	0.0	0.0	0.0	0.0	0.0	0.0	0.0	0.103708	0.0	0.0	0.0	0.0	0.0	0.0	0.0	0.0	0.0765111	0.0	0.0	0.0	0.0844928	0.0	0.0	0.1041	0.0	0.0	0.0	0.0	0.0	0.165858	0.0	0.10030700000000001	0.0	0.0	0.0	0.0	0.0	0.0808734	0.116025	0.0	0.0	0.0	0.10775900000000001	0.0	0.0147667	0.0	0.0	0.0	0.0	0.0	0.00802504	0.0	0.0	0.0	0.0	0.0	0.0	0.0	0.0	0.0	0.0	0.0	0.0	0.0	0.12040900000000002	0.0	0.0	0.0	0.0	0.0546747	0.0	0.0	0.0	0.10637	0.0	0.0	0.0	0.0	0.0	0.0	0.0	0.0	0.0	0.0	0.0	0.0	0.0	0.0	0.0	0.0	0.0	0.0	0.0	0.0	0.0	0.0	0.0	0.0	0.079984	0.0	0.0	0.0431779	0.0221092	0.0	0.0	0.0	0.0	0.0	0.0	0.0	0.0278242	0.0	0.0
Sin-CPnd_035-Ex1-12D-lcwgs-1-2	0.0926558	0.0824962	0.00447024	0.00447024	0.0	0.00121916	0.0	0.00081277	0.0	0.000406385	0.00081277	0.00325108	0.00162554	0.0	0.132888	0.000406385	0.00203193	0.0	0.000406385	0.00081277	0.0	0.049579	0.0	0.0	0.0	0.0	0.0	0.0	0.0	0.000406385	0.0	0.0	0.0747749	0.0	0.0	0.0	0.00040912699999999996	0.000410113	0.0049356700000000005	0.0	0.0	0.0	0.0	0.0	0.08984690000000001	0.0	0.000853654	0.00042984299999999996	0.0	0.0	0.000439939	0.0	0.0	0.0709185	0.0	0.0	0.0	0.08606420000000001	0.0	0.000480716	0.0777941	0.0	0.0	0.0	0.0	0.0	0.193869	0.0	0.129783	0.0	0.0	0.0005618099999999999	0.00056982	0.0	0.0381026	0.12252700000000001	0.0	0.0	0.000622181	0.0871867	0.0	0.0013038099999999999	0.0	0.0	0.0	0.0	0.0	0.000715861	0.0014543	0.0	0.0	0.0	0.0	0.0	0.0	0.0	0.0	0.0	0.0	0.00086924	0.0	0.0790223	0.000912817	0.0	0.0	0.0	0.0710379	0.0	0.0	0.0	0.0799203	0.0	0.0	0.0	0.0	0.0	0.0	0.00115915	0.0	0.0	0.0	0.0	0.0	0.0	0.0	0.0	0.0	0.0	0.0	0.0	0.0	0.050423600000000006	0.0	0.0	0.0	0.087363	0.0	0.0110723	0.0627635	0.00654986	0.00166683	0.0	0.0	0.0	0.0	0.0	0.0	0.0811187	0.0	0.0
Sin-CPnd_038-Ex1-11C-lcwgs-1-2	0.0897209	0.10054099999999999	0.00225429	0.00450859	0.00045085899999999996	0.00045085899999999996	0.0	0.0	0.0	0.0	0.0018034300000000002	0.000901717	0.000901717	0.0	0.119928	0.000901717	0.00270515	0.0	0.000901717	0.0	0.00045085899999999996	0.0482419	0.0	0.0	0.0	0.0	0.0	0.0	0.0	0.00225429	0.0	0.0	0.10324699999999999	0.0	0.0	0.0	0.000454963	0.0	0.00320935	0.0	0.0	0.0009312109999999999	0.0	0.0	0.0855765	0.0	0.0	0.000976906	0.0	0.0	0.0	0.0	0.0	0.0876378	0.00052834	0.0	0.0	0.08365990000000001	0.0	0.0005665560000000001	0.0805134	0.0	0.0	0.0	0.0	0.0	0.18764999999999998	0.0	0.12939099999999998	0.0	0.0	0.0	0.000700584	0.0	0.0370314	0.124162	0.0	0.0	0.000780116	0.0801982	0.0	0.00164608	0.0	0.0	0.0	0.0	0.0	0.000921031	0.00187675	0.0	0.0	0.0	0.00202411	0.0020635099999999997	0.0	0.0	0.0	0.0	0.0	0.0034484299999999997	0.0	0.07861259999999999	0.0	0.0	0.0	0.0	0.088499	0.0	0.0	0.0	0.0698558	0.0	0.0014447700000000002	0.0	0.0	0.0	0.0	0.0015733700000000002	0.0	0.0	0.0	0.0	0.0	0.0	0.0	0.0	0.0	0.0	0.0	0.0	0.0	0.0432347	0.0	0.0	0.0	0.06885469999999999	0.0	0.00215606	0.0547513	0.0111205	0.00226101	0.0	0.0	0.0	0.0	0.0	0.0	0.0676678	0.0	0.0
Sin-CPnd_039-Ex1-10F-lcwgs-1-2	0.0830091	0.08977	0.00150243	0.000751213	0.00037560699999999997	0.0	0.0	0.00037560699999999997	0.00037560699999999997	0.0	0.0	0.00150243	0.000751213	0.0	0.11981900000000001	0.00112682	0.00262925	0.0	0.00037560699999999997	0.0	0.0	0.0413167	0.0	0.0	0.0	0.0	0.0	0.0	0.0	0.00112682	0.0	0.0	0.0890188	0.0	0.0	0.0	0.0	0.0	0.00228773	0.0	0.0	0.0011589	0.0	0.0	0.0895723	0.0	0.000398365	0.000802536	0.0	0.0	0.000411494	0.0	0.0	0.0871836	0.00042756399999999996	0.0	0.0	0.09411699999999999	0.0	0.000451914	0.0768151	0.0	0.0	0.0	0.0	0.0	0.174685	0.0	0.13239599999999999	0.0	0.0	0.0	0.0005374869999999999	0.0	0.0520245	0.141022	0.0	0.0	0.000587979	0.0961872	0.0	0.000616591	0.0	0.0	0.0	0.0	0.0	0.0	0.0	0.0	0.0	0.0	0.0	0.000750492	0.0	0.0	0.0	0.0	0.0	0.0008307370000000001	0.0	0.0937102	0.0	0.0	0.0	0.0	0.0851821	0.0	0.0	0.0	0.0832857	0.0	0.0	0.0	0.0	0.0	0.0	0.0	0.0	0.0	0.0	0.0	0.0	0.0	0.0	0.0	0.0	0.0	0.0	0.0	0.0	0.0401163	0.0	0.0	0.0	0.0828984	0.0	0.0111249	0.06310070000000001	0.0148498	0.0	0.0034246	0.0	0.0	0.0	0.0	0.0	0.0747355	0.0	0.0
Sin-CPnd_040-Ex1-11E-lcwgs-1-2	0.0703269	0.0849784	0.00390705	0.00439543	0.0	0.000488381	0.0	0.0	0.0	0.0	0.000488381	0.00146514	0.000976763	0.0	0.14016499999999998	0.0019535299999999998	0.0024419100000000003	0.0	0.0	0.0	0.0	0.0429776	0.0	0.0	0.0	0.0	0.0	0.0	0.0	0.000976763	0.000488381	0.0	0.0932808	0.0	0.0	0.0	0.0	0.0	0.0034766	0.0	0.0	0.0010092	0.0	0.0	0.07633	0.0	0.000525152	0.000530214	0.0	0.0	0.0005477980000000001	0.0	0.0	0.09264889999999999	0.0	0.0	0.0	0.0847967	0.0	0.0	0.0868345	0.0	0.0	0.0	0.0	0.0	0.183797	0.0	0.124301	0.0	0.0	0.0	0.000771016	0.000784142	0.0502721	0.120222	0.0	0.0	0.0	0.0925619	0.0	0.0	0.0	0.0	0.0	0.0	0.0	0.0	0.0020674	0.0	0.0	0.0	0.0	0.00113704	0.0	0.0	0.00120169	0.0	0.0	0.0	0.0	0.0871425	0.0	0.0	0.0	0.0	0.0780527	0.0	0.0	0.0	0.0668034	0.0	0.0	0.0	0.0	0.0	0.0	0.0	0.0	0.0	0.0	0.0	0.0	0.0	0.0	0.0	0.0	0.0	0.0	0.0	0.0	0.0450055	0.0	0.0	0.0	0.0699858	0.0	0.00249725	0.058484	0.00777403	0.0	0.0	0.0	0.0	0.0	0.0	0.0	0.0713444	0.0	0.0
Sin-CPnd_042-Ex1-10D-lcwgs-1-2	0.0806101	0.0813111	0.0056076599999999996	0.00420575	0.0014019199999999999	0.00210287	0.0	0.000700958	0.000700958	0.0	0.0	0.0014019199999999999	0.0014019199999999999	0.0	0.11776099999999999	0.0	0.00420575	0.0014019199999999999	0.000700958	0.000700958	0.0014019199999999999	0.0455622	0.0	0.0	0.0	0.0	0.0	0.0	0.0	0.000700958	0.0	0.0	0.0904235	0.0	0.0	0.000705831	0.0	0.000710641	0.00571082	0.0	0.0	0.00145034	0.0	0.0	0.0985704	0.0	0.0	0.00152449	0.0	0.0	0.0	0.0	0.0	0.0911218	0.0	0.0	0.0	0.0883083	0.0	0.0	0.0958879	0.0	0.0	0.0	0.0	0.0	0.190575	0.0	0.11679500000000001	0.0	0.0	0.0	0.00118301	0.0	0.0594133	0.125461	0.0	0.0	0.0	0.07963669999999999	0.0	0.00147022	0.0	0.0	0.0	0.0	0.0	0.0	0.0	0.0	0.0	0.0	0.0	0.0	0.0	0.0	0.0	0.0	0.0	0.00237513	0.0	0.0854765	0.0	0.0	0.0	0.0	0.0723045	0.0	0.0	0.0	0.0679414	0.0	0.0	0.0	0.0	0.0	0.0	0.0	0.0	0.0	0.0	0.0	0.0	0.0	0.0	0.0	0.0	0.0	0.0	0.0	0.0	0.0229397	0.005890670000000001	0.0	0.0	0.102132	0.0	0.0134544	0.0415599	0.0	0.0146039	0.0	0.0	0.0	0.0	0.00834864	0.0	0.0721111	0.0	0.0
Sin-CPnd_043-Ex1-1C-lcwgs-1-2	0.0854608	0.0947838	0.00155383	0.00776916	0.0	0.0	0.0	0.0	0.00310767	0.0	0.0	0.00155383	0.0	0.0	0.10255299999999999	0.0	0.00310767	0.0	0.0	0.0	0.0	0.037292	0.0	0.0	0.0	0.0	0.0	0.0	0.0	0.0	0.0	0.0	0.0885685	0.0	0.00155615	0.0	0.0	0.0	0.0125176	0.0	0.0	0.00314752	0.0	0.0	0.09675629999999999	0.0	0.0	0.0	0.0	0.0	0.0	0.0	0.0	0.08368479999999999	0.0016478799999999998	0.0	0.0	0.07864	0.0	0.0	0.0850138	0.0	0.0	0.0	0.0	0.0	0.19610999999999998	0.0	0.137896	0.0	0.0	0.0	0.0	0.0	0.0394048	0.13056800000000002	0.0	0.0	0.0	0.0820312	0.0	0.0	0.0	0.0	0.0	0.0	0.0	0.0	0.00212242	0.0	0.0	0.0	0.0	0.0	0.0	0.0	0.0	0.0	0.0	0.00236989	0.0	0.11132900000000001	0.0	0.0	0.0	0.0	0.097229	0.0	0.0	0.0	0.0670709	0.0	0.0	0.0	0.0	0.0	0.0	0.0	0.0	0.0	0.0	0.0	0.0	0.0	0.0	0.0	0.0	0.0	0.0	0.0	0.0	0.0417682	0.0	0.0	0.0	0.07357810000000001	0.0	0.0151389	0.030717199999999997	0.019498500000000002	0.0	0.00403015	0.0	0.0	0.00421585	0.0	0.0	0.108755	0.0	0.0
Sin-CPnd_044-Ex1-2C-lcwgs-1-2	0.020938000000000002	0.146566	0.0	0.0	0.0	0.0	0.0	0.0	0.0	0.0	0.0	0.0	0.0	0.0	0.16750400000000001	0.0	0.0	0.0	0.0	0.0	0.0	0.0	0.0	0.0	0.0	0.0	0.0	0.0	0.0	0.0	0.0	0.0	0.041876000000000003	0.0	0.0	0.0	0.0	0.0	0.0	0.0	0.0	0.0	0.0	0.0	0.139958	0.0	0.0	0.0	0.0	0.0	0.0	0.0	0.0	0.109409	0.0	0.0	0.0	0.0903887	0.0	0.0	0.0324465	0.0	0.0	0.0	0.0	0.0	0.18804099999999999	0.0	0.0397614	0.0	0.0	0.0	0.0	0.0	0.0931099	0.0479386	0.0	0.0	0.0	0.053276500000000004	0.0	0.0	0.0	0.0	0.0	0.0	0.0	0.0	0.0673854	0.0	0.0	0.0	0.0	0.0	0.0	0.0	0.0	0.0	0.0	0.0	0.0	0.18867899999999999	0.0	0.0	0.0	0.0	0.212314	0.0	0.0	0.0	0.0	0.0	0.0	0.0	0.0	0.0	0.0	0.0	0.0	0.0	0.0	0.0	0.0	0.0	0.0	0.0	0.0	0.0	0.0	0.0	0.0	0.193424	0.0	0.0	0.0	0.21322	0.0	0.0	0.230415	0.0	0.0	0.0	0.0	0.0	0.0	0.0	0.0	0.0	0.0	0.0
Sin-CPnd_045-Ex1-11H-lcwgs-1-2	0.08313459999999999	0.0956114	0.0024583499999999998	0.0026433900000000002	0.00029077300000000003	0.000343641	0.0	0.00021147100000000002	0.000132169	2.64339e-05	0.000449376	0.00124239	0.0016388999999999998	0.0	0.124636	0.0008194499999999999	0.00256409	0.0	0.000396508	0.000237905	5.28678e-05	0.044699699999999995	0.0	0.0	0.0	0.0	0.0	0.0	2.64339e-05	0.0007401490000000001	0.0	0.0	0.08622729999999999	2.64518e-05	5.29492e-05	0.000106007	5.30666e-05	5.31406e-05	0.0036723100000000002	0.0	0.0	0.00048172399999999994	0.0	0.0	0.08548940000000001	5.40984e-05	0.000379886	0.00046283100000000003	0.0	0.0	2.75335e-05	0.0	2.7766600000000003e-05	0.0911242	0.000252213	2.81612e-05	0.0	0.0861833	0.0	0.0010069	0.0871565	0.0	0.0	0.0	0.0	0.0	0.18091400000000002	0.0	0.131368	0.0	0.0	0.0	0.00043960099999999997	6.32858e-05	0.0451967	0.13054	0.0	0.0	0.000758209	0.0846247	0.0	0.0010829799999999999	0.0	3.44569e-05	0.0	0.000105309	0.0	0.000500917	0.00119215	7.296680000000001e-05	0.0	0.0	7.51925e-05	0.0005317879999999999	0.0	3.87853e-05	3.91954e-05	0.0	8.00933e-05	0.00133598	0.0	0.0896435	0.0	0.0	0.000128422	8.66026e-05	0.0812936	0.000265875	0.0	0.0	0.0782355	0.0	0.000658464	4.76056e-05	0.0	0.0	0.0	0.000150052	0.0	0.0	0.0	0.0	0.0	0.0	0.0	0.0	0.000224561	0.0	0.0	0.0	0.0	0.044165300000000005	0.0	0.0	6.25315e-05	0.07843560000000001	0.0	0.009982379999999999	0.060198499999999995	0.012911899999999999	0.00205028	0.0018076499999999998	0.00021181199999999997	0.000215159	0.0014589800000000001	0.00044613400000000005	0.000532389	0.0695061	0.000166826	0.0
Sin-CPnd_049-Ex1-4C-lcwgs-1-2	0.0944032	0.0809171	0.0	0.0134862	0.0	0.0	0.0	0.0	0.0	0.0	0.0	0.0	0.0134862	0.0	0.121376	0.0	0.0	0.0	0.0	0.0	0.0	0.0269724	0.0	0.0	0.0	0.0	0.0	0.0	0.0	0.0	0.0	0.0	0.0809171	0.0	0.0	0.0	0.0	0.0	0.0	0.0	0.0	0.0	0.0	0.0	0.11740500000000001	0.0	0.0	0.0	0.0	0.0	0.0	0.0	0.0	0.18315	0.0	0.0	0.0	0.0178635	0.0	0.0	0.113016	0.0	0.0	0.0	0.0	0.0	0.167961	0.0	0.131205	0.0	0.0	0.0	0.0	0.0	0.0248385	0.20284000000000002	0.0	0.0	0.0	0.138236	0.0	0.0	0.0	0.0	0.0	0.0	0.0	0.0	0.0	0.0	0.0	0.0	0.0	0.0	0.0	0.0	0.0	0.0	0.0	0.0	0.0	0.0	0.0	0.0	0.0	0.0	0.293255	0.0	0.0	0.0	0.10543	0.0	0.0	0.0	0.0	0.0	0.0	0.0	0.0	0.0	0.0	0.0	0.0	0.0	0.0	0.0	0.0	0.0	0.0	0.0	0.0	0.0824402	0.0	0.0	0.0	0.0	0.0	0.0	0.0	0.0	0.0	0.0	0.0	0.0	0.0	0.0	0.0	0.24154599999999998	0.0	0.0
Sin-CPnd_050-Ex1-9B-lcwgs-1-2	0.0840796	0.104713	0.0	0.00309495	0.000515826	0.0	0.0	0.0	0.000515826	0.0	0.000515826	0.0	0.00309495	0.0	0.132051	0.0	0.00464243	0.0	0.000515826	0.0	0.0	0.046424299999999995	0.0	0.0	0.0	0.0	0.0	0.0	0.0	0.0	0.0	0.0	0.0913011	0.0	0.0	0.0	0.000523267	0.0	0.00423133	0.0	0.0	0.0005401700000000001	0.0	0.0	0.0856498	0.0	0.0	0.0	0.0	0.0	0.0	0.0	0.0	0.083387	0.0	0.0	0.0	0.10058	0.0	0.000706474	0.0807457	0.0	0.0	0.0	0.0	0.0	0.192659	0.0	0.138183	0.0	0.0	0.0	0.0009462349999999999	0.0	0.051725299999999995	0.138734	0.0	0.0	0.0	0.08741260000000001	0.0	0.0	0.0	0.0	0.0	0.0	0.0	0.0	0.0	0.0	0.0	0.0	0.0	0.0	0.0	0.0	0.0	0.0	0.0	0.0020239200000000002	0.0	0.0923718	0.0	0.0	0.0	0.0	0.08468669999999999	0.0	0.0	0.0	0.0868347	0.0	0.0	0.0	0.0	0.0	0.0	0.0	0.0	0.0	0.0	0.0	0.0	0.0	0.0	0.0	0.0	0.0	0.0	0.0	0.0	0.0613121	0.0	0.0	0.0	0.0859008	0.0	0.006058770000000001	0.0373646	0.012818000000000001	0.0	0.0	0.0	0.0	0.0	0.0	0.0	0.0833125	0.0	0.0
Sin-CPnd_051-Ex1-12G-lcwgs-1-2	0.08455220000000001	0.10048900000000001	0.00531218	0.00265609	0.000442682	0.0	0.0	0.000442682	0.0	0.0	0.000442682	0.00221341	0.0013280400000000002	0.0	0.11554	0.0	0.00265609	0.0	0.0	0.0	0.0	0.0491377	0.0	0.0	0.0	0.0	0.0	0.0	0.0	0.000885363	0.0	0.0	0.101817	0.0	0.0	0.0	0.000447221	0.0	0.00360459	0.0	0.0	0.000457825	0.0	0.0	0.08985739999999999	0.0	0.0	0.000481401	0.0	0.0	0.0	0.000503243	0.0	0.0877791	0.0	0.0	0.0	0.08865200000000001	0.0	0.000564592	0.0877978	0.0	0.0	0.0	0.0	0.0	0.187838	0.0	0.12676099999999998	0.0	0.0	0.0	0.0	0.0	0.0434965	0.14330600000000002	0.0	0.0	0.0	0.0870184	0.0	0.0008746299999999999	0.0	0.0	0.0	0.0	0.0	0.0010017799999999999	0.0	0.0	0.00107227	0.0	0.0	0.0	0.0	0.0	0.0	0.0	0.0	0.0	0.0	0.09568979999999999	0.0	0.0	0.0	0.0	0.08377029999999999	0.0	0.0	0.0	0.0730373	0.0	0.0	0.0	0.0	0.0	0.0	0.0	0.0	0.0	0.0	0.0	0.0	0.0	0.0	0.0	0.0	0.0	0.0	0.0	0.0	0.0448809	0.0	0.0	0.0	0.0627424	0.0	0.011872299999999999	0.0575269	0.0185431	0.0	0.00323008	0.0	0.0	0.0	0.0	0.0	0.0714151	0.0	0.0
Sin-CPnd_053-Ex1-9G-lcwgs-1-2	0.0919921	0.0928209	0.00372941	0.00331503	0.0	0.00041437900000000004	0.0	0.0	0.0	0.0	0.00041437900000000004	0.0008287580000000001	0.00165752	0.0	0.137988	0.00041437900000000004	0.0029006500000000003	0.0	0.0008287580000000001	0.00041437900000000004	0.0	0.0422667	0.0	0.0	0.0	0.0	0.0	0.0	0.0	0.00124314	0.0	0.0	0.0837045	0.0	0.0	0.0	0.0	0.0	0.0042407	0.0	0.0	0.000432925	0.0	0.0	0.0857656	0.0	0.000453865	0.00045934799999999994	0.0	0.0	0.0	0.0	0.000492061	0.0954986	0.00101632	0.0	0.0	0.09416300000000001	0.0	0.00111145	0.0884309	0.0	0.0	0.0	0.0	0.0	0.173819	0.0	0.131544	0.0	0.0	0.0	0.000745373	0.0	0.045513	0.116702	0.0	0.0	0.0	0.080669	0.0	0.00189131	0.0	0.0	0.0	0.0	0.0	0.00112084	0.0011527400000000002	0.0	0.0	0.0	0.0	0.0	0.0	0.0	0.0	0.0	0.0	0.0	0.0	0.103754	0.0	0.0	0.0	0.0	0.0692946	0.0	0.0	0.0	0.0781721	0.0	0.0	0.0	0.0	0.0	0.0	0.0	0.0	0.0	0.0	0.0	0.0	0.0	0.0	0.0	0.0	0.0	0.0	0.0	0.0	0.0492631	0.0	0.0	0.0	0.059641200000000005	0.0	0.0194231	0.09981530000000001	0.010252200000000001	0.00527677	0.00543508	0.0	0.0	0.0	0.0	0.0	0.0592105	0.0	0.0
Sin-CPnd_058-Ex1-9D-lcwgs-1-2	0.08108259999999999	0.100654	0.00167757	0.00335514	0.0	0.00055919	0.00055919	0.00055919	0.0	0.0	0.00223676	0.00111838	0.00111838	0.0	0.11910799999999999	0.0	0.00167757	0.0	0.00055919	0.0	0.0	0.043057700000000004	0.0	0.0	0.0	0.0	0.0	0.0	0.0	0.0	0.0	0.0	0.08723370000000001	0.0	0.0	0.0	0.0	0.0	0.00342431	0.0	0.0	0.0	0.0	0.0	0.0869866	0.0	0.0	0.0	0.0	0.0	0.0	0.0	0.0	0.0894192	0.0	0.0	0.0	0.09855169999999999	0.0	0.0	0.0771208	0.0	0.0	0.0	0.0	0.0	0.178711	0.0	0.13137400000000002	0.0	0.0	0.0	0.0	0.0	0.0343976	0.119754	0.0	0.0	0.0	0.0893783	0.0	0.00251651	0.0	0.0	0.0	0.0	0.0	0.00149265	0.0	0.0	0.0	0.0	0.0	0.00178485	0.0	0.0	0.0	0.0	0.0	0.0	0.0	0.121309	0.0	0.0	0.0	0.0	0.101822	0.0	0.0	0.0	0.060775499999999996	0.0	0.0	0.0	0.0	0.0	0.0	0.0	0.0	0.0	0.0	0.0	0.0	0.0	0.0	0.0	0.0	0.0	0.0	0.0	0.0	0.0639498	0.0059765700000000005	0.0	0.0	0.0785752	0.0	0.0208652	0.0286862	0.0222025	0.007652870000000001	0.0	0.0	0.0	0.0	0.0	0.0	0.115285	0.0	0.0
Sin-CPnd_061-Ex1-9A-lcwgs-1-2	0.0925875	0.101548	0.00199113	0.00448004	0.0	0.0	0.0	0.0	0.000497782	0.0	0.000995565	0.000995565	0.000497782	0.0	0.11598299999999999	0.00149335	0.00199113	0.0	0.000497782	0.0	0.0	0.050276	0.0	0.0	0.0	0.0	0.0	0.0	0.0	0.0	0.0	0.0	0.0831297	0.0	0.0	0.0	0.000503304	0.0	0.00253863	0.0	0.0	0.0	0.0	0.0	0.0909004	0.0	0.0005392029999999999	0.0	0.0	0.0	0.000564921	0.0	0.0	0.09953119999999999	0.00119544	0.0	0.0	0.0740011	0.0	0.0	0.103019	0.000672472	0.0	0.0	0.0	0.0	0.200779	0.0	0.134493	0.0	0.0	0.0	0.000835303	0.0	0.0417816	0.136002	0.0	0.0	0.0	0.0872237	0.0	0.0	0.0	0.0	0.0	0.0	0.0	0.0	0.0	0.0	0.0	0.0	0.0	0.0	0.0	0.0	0.0	0.0	0.0	0.0	0.0	0.09503600000000001	0.0	0.0	0.0	0.0	0.0937605	0.0	0.0	0.0	0.0809795	0.0	0.0	0.0	0.0	0.0	0.0	0.0	0.0	0.0	0.0	0.0	0.0	0.0	0.0	0.0	0.0	0.0	0.0	0.0	0.0	0.0407048	0.0	0.0	0.0	0.08449910000000001	0.0	0.0065066	0.0530346	0.0270416	0.0	0.0070395300000000004	0.0	0.0	0.0037260600000000002	0.0	0.0	0.09300069999999999	0.0	0.0
Sin-CPnd_062-Ex1-11D-lcwgs-1-2	0.0741222	0.0959497	0.00409264	0.00545685	0.0	0.00136421	0.0	0.0	0.0	0.0	0.00227369	0.00227369	0.00272843	0.0	0.138695	0.000454738	0.00136421	0.0	0.00136421	0.000454738	0.0	0.0432001	0.0	0.0	0.0	0.0	0.0	0.0	0.0	0.000909475	0.0	0.0	0.0854907	0.0	0.0	0.0	0.0	0.0	0.00368742	0.0	0.0	0.000466973	0.0	0.0	0.08367920000000001	0.0	0.00048256	0.0	0.0	0.0	0.0	0.0	0.0	0.08230069999999999	0.000524076	0.0	0.0	0.0922378	0.0	0.0	0.0821969	0.0	0.0	0.0	0.0	0.0	0.172004	0.0	0.131328	0.0	0.0	0.0	0.0	0.0	0.0493999	0.13767300000000002	0.0	0.0	0.0007861570000000001	0.091517	0.0	0.0	0.0	0.0	0.0	0.0	0.0	0.0	0.0009731410000000001	0.0	0.0	0.0	0.0	0.0010872	0.0	0.0	0.0	0.0	0.0	0.00248784	0.0	0.101482	0.0	0.0	0.0	0.0	0.09922080000000001	0.00149209	0.0	0.0	0.0765282	0.0	0.00166753	0.0	0.0	0.0	0.0	0.0	0.0	0.0	0.0	0.0	0.0	0.0	0.0	0.0	0.0	0.0	0.0	0.0	0.0	0.0523247	0.0	0.0	0.0	0.0728568	0.0	0.011222099999999999	0.07446230000000001	0.0117045	0.00299231	0.0	0.0	0.0	0.0032592400000000005	0.0	0.0	0.0747411	0.0038056100000000005	0.0
Sin-CPnd_063-Ex1-9F-lcwgs-1-2	0.074961	0.0905778	0.00104112	0.00312337	0.000520562	0.000520562	0.0	0.0	0.0	0.0	0.000520562	0.000520562	0.000520562	0.0	0.131182	0.000520562	0.00208225	0.0	0.0	0.0	0.0	0.06559079999999999	0.0	0.0	0.0	0.0	0.0	0.0	0.0	0.00208225	0.0	0.0	0.1114	0.0	0.0	0.0	0.0	0.0	0.0042715900000000005	0.0	0.0	0.0	0.0	0.0	0.0775024	0.0	0.0	0.00232777	0.0	0.0	0.000606487	0.0	0.0	0.0916293	0.000647082	0.0	0.0	0.0964149	0.0	0.000711273	0.08853860000000001	0.0	0.0	0.0	0.0	0.0	0.19924399999999998	0.0	0.109187	0.0	0.0	0.0	0.0	0.0	0.036253	0.130214	0.0	0.0	0.0011196799999999999	0.09200799999999999	0.0	0.0	0.0	0.0	0.0	0.0	0.0	0.0	0.00147667	0.0	0.0	0.0	0.0016558800000000002	0.0	0.0	0.0	0.0	0.0	0.0	0.0020231	0.0	0.094166	0.0	0.0	0.0	0.0	0.0887574	0.0	0.0	0.0	0.0717419	0.0	0.0	0.0	0.0	0.0	0.0	0.0	0.0	0.0	0.0	0.0	0.0	0.0	0.0	0.0	0.0	0.0	0.0	0.0	0.0	0.0386716	0.0	0.0	0.0	0.0863558	0.0	0.0	0.0233168	0.0	0.006128949999999999	0.0	0.0	0.0	0.0	0.0	0.0	0.05323599999999999	0.0	0.0
Sin-CPnd_065-Ex1-11B-lcwgs-1-2	0.08949109999999999	0.100841	0.00392888	0.00480196	0.0008730840000000001	0.0008730840000000001	0.00043654200000000005	0.00043654200000000005	0.0	0.00043654200000000005	0.00130963	0.0008730840000000001	0.00130963	0.0	0.154536	0.0008730840000000001	0.00261925	0.00043654200000000005	0.0	0.0	0.0	0.0440907	0.0	0.0	0.0	0.0	0.0	0.0	0.0	0.00130963	0.0	0.00043654200000000005	0.08250640000000001	0.0	0.0	0.000879086	0.000440937	0.0	0.0035559000000000003	0.0	0.0	0.000452028	0.0	0.0	0.09295529999999999	0.0	0.0	0.0009522269999999999	0.0	0.0	0.0	0.0	0.0	0.0845803	0.0	0.0	0.0	0.0852964	0.0	0.000561353	0.0781758	0.0	0.0	0.0	0.0	0.0	0.180715	0.0	0.11721999999999999	0.0	0.0	0.0	0.000712403	0.0	0.0459494	0.145318	0.0	0.0	0.000805997	0.06341730000000001	0.0	0.000859616	0.0	0.0	0.0	0.0	0.0	0.000985037	0.00100855	0.0	0.00105666	0.0	0.0	0.0	0.0	0.00118509	0.0	0.0	0.0	0.00260105	0.0	0.087076	0.0	0.0	0.0	0.0	0.0824377	0.0015621099999999998	0.0	0.0	0.0903811	0.0	0.00350079	0.0	0.0	0.0	0.0	0.00195787	0.0	0.0	0.0	0.0	0.0	0.0	0.0	0.0	0.0	0.0	0.0	0.0	0.0	0.0400107	0.0	0.0	0.0	0.087354	0.0	0.009132979999999999	0.0684633	0.0191308	0.0	0.0033402399999999995	0.0	0.0	0.0	0.0	0.00377487	0.0707464	0.0	0.0
Sin-CPnd_067-Ex1-9C-lcwgs-1-2	0.079234	0.09708950000000001	0.0033479200000000003	0.0033479200000000003	0.0	0.0	0.0	0.0	0.0	0.000557986	0.000557986	0.00223194	0.00223194	0.0	0.138381	0.000557986	0.00278993	0.0	0.000557986	0.0	0.0	0.046870800000000004	0.0	0.0	0.0	0.0	0.0	0.0	0.0	0.000557986	0.0	0.0	0.0736541	0.0	0.0	0.0	0.0	0.0	0.00457161	0.0	0.0	0.0	0.0	0.0	0.08339880000000001	0.0	0.0	0.0	0.0	0.0	0.0	0.0	0.0	0.0935688	0.0	0.0	0.0	0.0930476	0.0	0.000755293	0.090942	0.0	0.0	0.0	0.0	0.0	0.19217299999999998	0.0	0.132524	0.0	0.0	0.0	0.0020077100000000002	0.0	0.049518999999999994	0.159903	0.0	0.0	0.00116368	0.0955235	0.0	0.0	0.0	0.0	0.0	0.0	0.0	0.0	0.0015152	0.0	0.0	0.0	0.0	0.00173313	0.0	0.0	0.0	0.0	0.0	0.00204369	0.0	0.08638190000000001	0.0	0.0	0.0	0.0	0.07432	0.0	0.0	0.0	0.0716688	0.0	0.0	0.0	0.0	0.0	0.0	0.0	0.0	0.0	0.0	0.0	0.0	0.0	0.0	0.0	0.0	0.0	0.0	0.0	0.0	0.0374287	0.0	0.0	0.0	0.10827	0.0	0.0054288800000000005	0.0612336	0.0	0.0	0.0	0.0	0.0	0.0	0.0	0.0	0.0644053	0.0	0.0
Sin-CPnd_074-Ex1-12A-lcwgs-1-2	0.0892131	0.0897778	0.0022585599999999997	0.0045171199999999995	0.0016939199999999998	0.0005646399999999999	0.0005646399999999999	0.0	0.0	0.0	0.0005646399999999999	0.0	0.0022585599999999997	0.0	0.131561	0.0005646399999999999	0.0028232	0.0	0.0	0.0	0.0011292799999999999	0.0440419	0.0	0.0	0.0	0.0	0.0	0.0	0.0	0.0016939199999999998	0.0	0.0005646399999999999	0.0920363	0.0	0.0	0.0	0.0	0.0	0.00746624	0.0	0.0	0.0017494099999999999	0.0	0.0	0.0839661	0.0	0.0	0.00061177	0.0	0.0	0.0	0.000639914	0.0	0.07886119999999999	0.0	0.0	0.0	0.09631830000000001	0.0	0.00144255	0.08069960000000001	0.0	0.0	0.0	0.0	0.0	0.20230700000000001	0.0	0.13731500000000002	0.0	0.0	0.0	0.0009162040000000001	0.0	0.039086699999999995	0.110815	0.0	0.0	0.0	0.0696658	0.0	0.00439889	0.0	0.0	0.0	0.0	0.0	0.00248824	0.0	0.0	0.0	0.0	0.0	0.0	0.0	0.0	0.0	0.0	0.0	0.0	0.0	0.08485720000000001	0.0	0.0	0.0	0.0	0.09040759999999999	0.0	0.0	0.0	0.105719	0.0	0.0	0.0	0.0	0.0	0.0	0.0	0.0	0.0	0.0	0.0	0.0	0.0	0.0	0.0	0.0	0.0	0.0	0.0	0.0	0.0437152	0.0	0.0	0.0	0.0841567	0.0	0.0193586	0.0393585	0.003337	0.0	0.0	0.00352597	0.0	0.0	0.0037381800000000002	0.0	0.09489919999999999	0.0	0.0
Sin-CPnd_075-Ex1-11G-lcwgs-1-2	0.0889314	0.107088	0.0022232800000000002	0.00296438	0.000741095	0.0	0.000370547	0.0	0.000370547	0.0	0.00185274	0.000741095	0.0022232800000000002	0.0	0.13562	0.0022232800000000002	0.00370547	0.000370547	0.000370547	0.0	0.000370547	0.0463184	0.0	0.0	0.0	0.0	0.0	0.0	0.0	0.00148219	0.0	0.000370547	0.094119	0.0	0.0	0.000372937	0.000748161	0.0	0.0022622199999999997	0.0	0.0	0.000383129	0.0	0.0	0.08406419999999999	0.0	0.00119378	0.0008037579999999999	0.0	0.0	0.0	0.0	0.0	0.0978609	0.000873729	0.0	0.0	0.0877783	0.0	0.00141701	0.0811314	0.0	0.0	0.0	0.0	0.0	0.182765	0.0	0.122682	0.0	0.0	0.0	0.0	0.0	0.0480763	0.131942	0.0	0.0	0.00207544	0.0864163	0.0	0.0029713499999999998	0.0	0.0	0.0	0.0	0.0	0.0034517899999999997	0.00442642	0.0	0.0	0.0	0.0	0.0020126600000000003	0.0	0.0	0.0	0.0	0.0	0.00117722	0.0	0.0706801	0.0	0.0	0.0	0.0	0.0904926	0.0	0.0	0.0	0.0861745	0.0	0.0	0.0	0.0	0.0	0.0	0.0	0.0	0.0	0.0	0.0	0.0	0.0	0.0	0.0	0.0	0.0	0.0	0.0	0.0	0.049823	0.0	0.0	0.0	0.0892677	0.0	0.00904077	0.07712949999999999	0.00949457	0.00324633	0.0	0.0	0.0	0.007145149999999999	0.0	0.0037955	0.0712363	0.0	0.0
Sin-CPnd_076-Ex1-10E-lcwgs-1-2	0.08558529999999999	0.08558529999999999	0.00142642	0.0039226600000000006	0.00106982	0.0017830300000000001	0.0	0.0	0.000356605	0.0	0.0007132109999999999	0.0	0.00106982	0.0	0.120889	0.000356605	0.0017830300000000001	0.0	0.00106982	0.000356605	0.0	0.0395832	0.0	0.0	0.0	0.0	0.0	0.0	0.0	0.0017830300000000001	0.0	0.000356605	0.0880815	0.0	0.0	0.0	0.0	0.0	0.00470047	0.0	0.0	0.0	0.0	0.0	0.0956838	0.0	0.000754782	0.000380209	0.0	0.0	0.0	0.0	0.0	0.0826871	0.000405561	0.0	0.0	0.0906588	0.0	0.00129	0.0844834	0.0	0.0	0.0	0.0	0.0	0.174471	0.0	0.127604	0.0	0.0	0.0	0.0	0.0	0.0390895	0.123581	0.0	0.0	0.0	0.0903748	0.0	0.00362501	0.0	0.0	0.0	0.0	0.0	0.00270184	0.00206654	0.0	0.0	0.0	0.0	0.0	0.0	0.0	0.0	0.0	0.0	0.000857368	0.0	0.0661476	0.0	0.0	0.0	0.0009731029999999999	0.104465	0.0	0.0	0.0	0.08790490000000001	0.0	0.0	0.00115964	0.0	0.0	0.0	0.0	0.0	0.0	0.0	0.0	0.0	0.0	0.0	0.0	0.0	0.0	0.0	0.0	0.0	0.0435844	0.0	0.0	0.0	0.0976843	0.0	0.0040299	0.037151699999999996	0.016905800000000002	0.00216675	0.0	0.0	0.0	0.0	0.0	0.0	0.0954426	0.0	0.0
Sin-CPnd_079-Ex1-9H-lcwgs-1-2	0.0871174	0.09992880000000001	0.0015373700000000001	0.000512455	0.000512455	0.0	0.0	0.000512455	0.0	0.0	0.0	0.000512455	0.0035871899999999996	0.0	0.150662	0.000512455	0.0015373700000000001	0.0	0.000512455	0.0	0.0	0.0497082	0.0	0.0	0.0	0.0	0.0	0.0	0.0	0.000512455	0.0	0.0	0.0973665	0.0	0.0	0.0	0.0	0.0	0.00314931	0.0	0.0	0.0	0.0	0.0	0.0743331	0.0	0.00112586	0.00114011	0.0	0.0	0.0	0.0	0.0	0.0968697	0.000631253	0.0	0.0	0.0758766	0.0	0.0	0.0902273	0.0	0.0	0.0	0.0	0.0	0.19993	0.0	0.149865	0.0	0.0	0.0	0.0009203950000000001	0.0	0.032864500000000005	0.12973500000000002	0.0	0.0	0.0	0.0747984	0.0	0.00115966	0.0	0.0	0.0	0.0	0.0	0.0	0.0	0.0	0.0	0.0	0.0	0.0	0.0	0.0	0.0	0.0	0.0	0.00194329	0.0	0.0989018	0.0	0.0	0.0	0.0	0.0764928	0.0	0.0	0.0	0.0995721	0.0	0.0	0.0	0.0	0.0	0.0	0.0	0.0	0.0	0.0	0.0	0.0	0.0	0.0	0.0	0.0	0.0	0.0	0.0	0.0	0.048837700000000005	0.0	0.0	0.0	0.0817528	0.0	0.0172622	0.059182099999999994	0.00608162	0.0	0.0	0.0	0.0	0.00698568	0.0	0.00747719	0.0781494	0.0	0.0
Sin-CPnd_080-Ex1-2E-lcwgs-1-2	0.08062079999999999	0.12093099999999998	0.0	0.010077599999999999	0.0	0.0	0.0	0.0	0.0	0.0	0.0	0.0	0.0	0.0	0.0705432	0.0	0.0	0.0	0.0	0.0	0.0	0.040310399999999996	0.0	0.0	0.0	0.0	0.0	0.0	0.0	0.0	0.0	0.0	0.12093099999999998	0.0	0.0	0.0	0.0	0.0	0.0	0.0	0.0	0.0	0.0	0.0	0.10377800000000001	0.0	0.0	0.0	0.0	0.0	0.0	0.0	0.0	0.0652316	0.0	0.0	0.0	0.0668151	0.0	0.0	0.12490100000000001	0.0	0.0	0.0	0.0	0.0	0.177957	0.0	0.108264	0.0	0.0	0.0	0.0	0.0	0.0631872	0.127259	0.0	0.0	0.0	0.0923848	0.0	0.0	0.0	0.0	0.0	0.0	0.0	0.0	0.0	0.0	0.0	0.0	0.0	0.0	0.0	0.0	0.0	0.0	0.0	0.0	0.0	0.0988142	0.0	0.0	0.0	0.0	0.0696621	0.0	0.0	0.0	0.14635900000000002	0.0	0.0	0.0	0.0	0.0	0.0	0.0	0.0	0.0	0.0	0.0	0.0	0.0	0.0	0.0	0.0	0.0	0.0	0.0	0.0	0.047789700000000004	0.0	0.0	0.0	0.0760071	0.0	0.0260756	0.0265111	0.0	0.0	0.0	0.0	0.0	0.0	0.0	0.0	0.0946372	0.0	0.0
Sin-CPnd_081-Ex1-10G-lcwgs-1-2	0.079026	0.0877663	0.00218505	0.0029134	0.0	0.0	0.000364175	0.000364175	0.000364175	0.000364175	0.0007283509999999999	0.0014567	0.000364175	0.0	0.139479	0.00109253	0.0029134	0.0	0.00109253	0.0	0.0	0.0458861	0.0	0.0	0.0	0.0	0.0	0.0	0.0	0.00109253	0.0	0.0	0.0965065	0.0	0.0	0.000366314	0.000367353	0.0	0.0018491	0.0	0.0	0.000374784	0.0	0.0	0.0961582	0.0	0.00038706900000000003	0.0007805430000000001	0.0	0.0	0.00040091899999999996	0.0	0.0	0.0802064	0.000418079	0.0	0.0	0.08411010000000001	0.0	0.00044490299999999997	0.08972290000000001	0.0	0.0	0.0	0.0	0.0	0.19698200000000002	0.0	0.146448	0.0	0.0	0.0	0.0	0.0	0.0447182	0.124576	0.0	0.0	0.00119951	0.0885837	0.0	0.0018995600000000002	0.0	0.0	0.0	0.0	0.0	0.0014150200000000001	0.0	0.0	0.0	0.0	0.0	0.0	0.0	0.0	0.0	0.0	0.0	0.0008935350000000001	0.0	0.0939124	0.0	0.0	0.0	0.0	0.0831486	0.0	0.0	0.0	0.0834427	0.0	0.0	0.0	0.0	0.0	0.0	0.0	0.0	0.0	0.0	0.0	0.0	0.0	0.0	0.0	0.0	0.0	0.0	0.0	0.0	0.0573066	0.0	0.0	0.0	0.0767277	0.0	0.0057079800000000005	0.0388372	0.009906680000000001	0.0	0.0020715499999999997	0.0	0.0	0.0	0.0	0.0	0.0507406	0.0	0.0
Sin-CPnd_085-Ex1-4H-lcwgs-1-2	0.0701362	0.09917700000000002	0.00164382	0.00328764	0.0	0.000547939	0.0	0.0	0.000547939	0.0	0.0	0.000547939	0.0	0.0	0.12767	0.00164382	0.0027397	0.0	0.0	0.000547939	0.0	0.0416434	0.0	0.0	0.0	0.0	0.0	0.0	0.0	0.0	0.0	0.0	0.089862	0.0	0.0	0.0	0.0	0.0	0.00220372	0.0	0.0	0.0	0.0	0.0	0.0855356	0.0	0.00111472	0.000558407	0.0	0.0	0.0	0.0	0.0	0.0961636	0.0011338399999999999	0.0	0.0	0.0805452	0.0	0.000574254	0.094438	0.0	0.0	0.0	0.0	0.0	0.169639	0.0	0.13835799999999998	0.0	0.0	0.0	0.0	0.0	0.038746499999999996	0.119172	0.0	0.0	0.00184926	0.0885674	0.0	0.00125131	0.0	0.000632435	0.0	0.0	0.0	0.0	0.0006503850000000001	0.0	0.0	0.0	0.0	0.00134279	0.0	0.0	0.0	0.0	0.0	0.0007006240000000001	0.0	0.0732705	0.0	0.0	0.0	0.0	0.0828623	0.0	0.0	0.0	0.0835063	0.0	0.0	0.0	0.0	0.0	0.0	0.00081692	0.0	0.0	0.0	0.0	0.0	0.0	0.0	0.0	0.0	0.0	0.0	0.0	0.0	0.0423821	0.0	0.0	0.0	0.062945	0.0	0.015099699999999999	0.0509222	0.0164969	0.0	0.00105854	0.0	0.0	0.00110164	0.0	0.00114342	0.0671734	0.0	0.0
Sin-CPnd_088-Ex1-2D-lcwgs-1-2	0.130022	0.0910155	0.0	0.0	0.0	0.0	0.0	0.0	0.0	0.0	0.0	0.0	0.0	0.0	0.156027	0.0	0.0	0.0	0.0	0.0	0.0	0.0650111	0.0	0.0	0.0	0.0	0.0	0.0	0.0	0.0	0.0	0.0	0.0650111	0.0	0.0	0.0	0.0	0.0	0.0	0.0	0.0	0.0	0.0	0.0	0.0294334	0.0	0.0	0.0	0.0	0.0	0.0	0.0	0.0	0.0890313	0.0	0.0	0.0	0.0986972	0.0	0.0	0.193092	0.0	0.0	0.0	0.0	0.0	0.100402	0.0	0.0267023	0.0	0.0	0.0	0.0	0.0	0.0950872	0.196657	0.0	0.0	0.0	0.21921800000000002	0.0	0.0	0.0	0.0	0.0	0.0	0.0	0.0	0.0	0.0	0.0	0.0	0.0	0.0	0.0	0.0	0.0	0.0	0.0	0.0	0.0	0.208333	0.0	0.0	0.0	0.0	0.0789266	0.0	0.0	0.0	0.0882613	0.0	0.0	0.0	0.0	0.0	0.0	0.0	0.0	0.0	0.0	0.0	0.0	0.0	0.0	0.0	0.0	0.0	0.0	0.0	0.0	0.0	0.0	0.0	0.0	0.0	0.0	0.0	0.0	0.0	0.0	0.0	0.0	0.0	0.0	0.0	0.0	0.0	0.0	0.0
Sin-CPnd_089-Ex1-9E-lcwgs-1-2	0.0792775	0.09546500000000001	0.0029054600000000003	0.00456572	0.000415065	0.00166026	0.0	0.0	0.000415065	0.0	0.00166026	0.00083013	0.000415065	0.0	0.139462	0.00083013	0.00083013	0.0	0.0012452000000000001	0.0	0.0	0.0427517	0.0	0.0	0.0	0.0	0.0	0.0	0.0	0.00083013	0.0	0.000415065	0.0904842	0.0	0.0	0.000417994	0.0008388209999999999	0.0	0.00591994	0.0	0.0	0.00042989899999999997	0.0	0.0	0.0892167	0.0	0.000895023	0.0	0.0	0.0	0.0	0.0	0.00047739799999999997	0.10344	0.0	0.0	0.0	0.0973923	0.0	0.0015751900000000002	0.104992	0.0	0.0	0.0	0.0	0.0	0.190164	0.0	0.137756	0.0	0.0	0.0	0.000650411	0.0	0.045819900000000004	0.139927	0.0	0.0	0.0	0.0783282	0.0	0.00153513	0.0	0.0	0.0	0.0	0.0	0.0008628500000000001	0.0017579800000000001	0.0	0.0	0.0	0.0	0.0	0.0	0.0	0.0	0.0	0.0	0.00219664	0.0	0.0938204	0.0	0.0	0.0	0.0	0.0773003	0.00129287	0.0	0.0	0.0811476	0.0	0.00143238	0.0	0.0	0.0	0.0	0.0	0.0	0.0	0.0	0.0	0.0	0.0	0.0	0.0	0.0	0.0	0.0	0.0	0.0	0.050724899999999996	0.0	0.0	0.0	0.10115199999999999	0.0	0.0167645	0.0440119	0.0149772	0.0	0.0026126	0.0	0.0	0.00279142	0.0	0.0	0.0731975	0.0032644500000000003	0.0
Sin-CPnd_090-Ex1-12F-lcwgs-1-2	0.08049450000000001	0.0921903	0.00232196	0.00249395	0.0	8.59984e-05	8.59984e-05	0.00017199700000000001	8.59984e-05	0.0	0.000515991	0.0008599839999999999	0.00146197	0.0	0.130632	0.000687987	0.00240796	0.0	0.000515991	0.0	8.59984e-05	0.0438592	0.0	0.0	0.0	0.0	0.0	0.0	0.0	0.000257995	0.0	0.0	0.0835905	0.0	0.0	8.61413e-05	0.0	0.00017255799999999998	0.00397281	0.0	0.0	0.00034673799999999997	0.0	0.0	0.0866504	0.0	0.00017486000000000002	0.000175237	0.0	0.0	8.82356e-05	0.0	0.0	0.0863684	0.000178424	0.0	0.0	0.087447	0.0	0.0007253310000000001	0.0881608	0.0	0.0	0.0	0.0	0.0	0.18736899999999998	0.0	0.13244	0.0	0.0	0.0	9.55061e-05	0.00019187400000000003	0.048482000000000004	0.132465	0.0	0.0	0.000785873	0.0860794	0.0	0.0016947099999999999	0.0	0.0	0.00010123499999999999	0.0	0.0	0.0010285700000000001	0.000930725	0.0	0.00010455599999999999	0.0	0.00010573700000000001	0.000850697	0.0	0.0	0.00010823299999999999	0.0	0.00021906199999999998	0.000881632	0.0	0.0898197	0.0	0.0	0.000113692	0.00011443199999999999	0.0810903	0.000115941	0.0	0.0	0.0817192	0.0	0.00047950200000000003	0.00012071799999999999	0.0	0.0	0.0	0.000124134	0.0	0.0	0.0	0.0	0.0	0.0	0.0	0.0	0.0	0.0	0.0	0.0	0.0	0.0461984	0.0	0.0	0.0	0.0810621	0.0	0.0101452	0.0646365	0.0119584	0.00134216	0.00196007	0.0	0.000614995	0.00233192	0.00031517	0.000480907	0.0701447	0.0	0.0
Sin-CPnd_092-Ex1-11F-lcwgs-1-2	0.09210789999999999	0.07851820000000001	0.00301993	0.00251661	0.0	0.0005033220000000001	0.0005033220000000001	0.0	0.0005033220000000001	0.0	0.0	0.00100664	0.00150997	0.0	0.120294	0.00100664	0.00201329	0.0	0.0	0.0005033220000000001	0.0	0.049828899999999995	0.0	0.0	0.0	0.0	0.0	0.0	0.0005033220000000001	0.0005033220000000001	0.0	0.0	0.103181	0.0	0.0	0.0005071510000000001	0.0	0.0	0.00308208	0.0	0.0	0.0	0.0	0.0	0.104038	0.0	0.000547229	0.0011066700000000001	0.0	0.0	0.0011488899999999999	0.0	0.0	0.0760566	0.000608295	0.0	0.0	0.09778980000000001	0.0	0.000661905	0.0768629	0.0	0.0	0.0	0.0	0.0	0.193371	0.0	0.132237	0.0	0.0	0.0	0.0	0.0	0.046172599999999994	0.143585	0.0	0.0	0.0	0.0712787	0.0	0.0	0.0	0.0	0.0	0.0	0.0	0.0	0.00127776	0.0	0.0	0.0	0.0	0.0	0.0	0.0	0.0	0.0	0.0	0.0	0.0	0.0937456	0.0	0.0	0.0	0.0	0.0882347	0.0	0.0	0.0	0.075183	0.0	0.0	0.0	0.0	0.0	0.0	0.0	0.0	0.0	0.0	0.0	0.0	0.0	0.0	0.0	0.0	0.0	0.0	0.0	0.0	0.0502242	0.0	0.0	0.0	0.0939739	0.0	0.0204608	0.0711148	0.0213904	0.0	0.0	0.00458295	0.0	0.0	0.0	0.0	0.110242	0.0	0.0
Sin-CPnd_093-Ex1-10C-lcwgs-1-2	0.0875213	0.0960369	0.0018923499999999999	0.00331162	0.00047308800000000003	0.00141927	0.0	0.0	0.00047308800000000003	0.0	0.000946177	0.000946177	0.00236544	0.00047308800000000003	0.124422	0.000946177	0.00283853	0.0	0.0	0.0	0.0	0.048728099999999996	0.0	0.0	0.0	0.0	0.0	0.0	0.00047308800000000003	0.00047308800000000003	0.0	0.0	0.0917791	0.0	0.0	0.0	0.00047755500000000006	0.0	0.0033672800000000003	0.0	0.0	0.00048790000000000004	0.0	0.0	0.09097820000000001	0.0	0.0	0.0	0.0	0.0	0.0	0.0	0.0	0.0857157	0.0	0.0	0.0	0.08529679999999999	0.0	0.0011596900000000001	0.088728	0.0	0.0	0.0	0.0	0.0	0.191983	0.0	0.14121999999999998	0.0	0.0	0.0	0.0	0.0	0.044603699999999996	0.138069	0.0	0.0	0.0	0.0972271	0.0	0.0032163599999999997	0.0	0.0	0.0	0.0	0.0	0.0008883359999999999	0.0009033509999999999	0.0	0.0	0.0	0.0	0.0	0.0	0.0	0.0	0.0	0.0	0.0032561599999999997	0.0	0.0852859	0.0	0.0	0.0	0.0	0.0804643	0.0	0.0	0.0	0.0821189	0.0	0.0	0.0	0.0	0.0	0.0	0.0	0.0	0.0	0.0	0.0	0.0	0.0	0.0	0.0	0.0	0.0	0.0	0.0	0.0	0.0420099	0.0	0.0	0.0	0.066135	0.0	0.0140684	0.044927299999999996	0.00622924	0.0	0.0	0.0	0.0	0.0022685500000000003	0.0	0.00236933	0.075932	0.0	0.0
Sin-CPnd_094-Ex1-3H-lcwgs-1-2	0.0844874	0.0985398	0.0019083400000000001	0.0024288	0.000346971	0.000520457	0.000173486	0.000173486	0.0	0.000173486	0.000173486	0.000693942	0.0024288	0.0	0.120052	0.000867428	0.0024288	0.0	0.000520457	0.0	0.0	0.0463206	0.0	0.0	0.0	0.0	0.0	0.0	0.000173486	0.000520457	0.0	0.0	0.0888246	0.0	0.0	0.0	0.000173655	0.0	0.004518309999999999	0.0	0.0	0.000696163	0.0	0.0	0.0946945	0.0	0.000349354	0.0	0.0	0.0	0.0	0.0	0.0	0.0815027	0.0	0.0	0.0	0.0848555	0.0	0.000355603	0.08461010000000001	0.0	0.0	0.0	0.0	0.0	0.192123	0.0	0.124902	0.0	0.0	0.0	0.000183772	0.0	0.0445962	0.141687	0.0	0.0	0.000375689	0.0833579	0.0	0.00114123	0.0	0.0	0.0	0.0	0.0	0.0009787860000000002	0.000590431	0.0	0.0	0.0	0.0	0.00040535399999999997	0.0	0.0	0.0	0.0	0.0	0.000632749	0.0	0.089242	0.0	0.0	0.0	0.0	0.0872462	0.000224392	0.0	0.0	0.0743541	0.0	0.0	0.000236581	0.0	0.0	0.0	0.00024559800000000003	0.0	0.0	0.0	0.0	0.0	0.0	0.0	0.0	0.000269525	0.0	0.0	0.0	0.0	0.0401864	0.000288229	0.0	0.0	0.0797055	0.0	0.0125502	0.0551707	0.0106772	0.00286641	0.0012925999999999999	0.000327359	0.0	0.00168363	0.000342625	0.0	0.0854596	0.0	0.0
Sin-CPnd_095-Ex1-2B-lcwgs-1-2	0.0891663	0.0955353	0.00363944	0.0063690199999999995	0.0	0.00090986	0.0	0.0	0.0	0.0	0.0	0.00090986	0.00090986	0.0	0.138299	0.00181972	0.0	0.0	0.0	0.0	0.0	0.0527719	0.0	0.0	0.0	0.0	0.0	0.0	0.0	0.0	0.0	0.0	0.11100299999999999	0.0	0.0	0.0	0.0	0.0	0.00557896	0.0	0.0	0.0	0.0	0.0	0.0706488	0.0	0.0	0.0009936600000000002	0.0	0.0	0.0	0.0	0.0	0.102479	0.0	0.0	0.0	0.100588	0.0	0.00113248	0.0860704	0.0	0.0	0.0	0.0	0.0	0.16524	0.0	0.11997	0.0	0.0	0.0	0.0	0.0	0.03196	0.13678500000000002	0.0	0.0	0.0014754500000000001	0.0808214	0.0	0.00154145	0.0015658299999999998	0.0	0.0	0.0	0.0	0.0	0.00171748	0.0	0.0	0.0	0.0	0.0	0.0	0.0	0.0	0.0	0.0	0.0	0.0	0.08290990000000001	0.0	0.0	0.0	0.0	0.0672323	0.0	0.0	0.0	0.0920833	0.0	0.0	0.0	0.0	0.0	0.0	0.0	0.0	0.0	0.0	0.0	0.0	0.0	0.0	0.0	0.0	0.0	0.0	0.0	0.0	0.029391200000000003	0.0	0.0	0.0	0.0754088	0.0	0.0206271	0.050571000000000005	0.00860067	0.00439464	0.0	0.0	0.0	0.004803770000000001	0.0	0.0	0.0838399	0.00558597	0.0
Undetermined	0.175599	0.21329199999999998	0.00440707	0.00958779	0.00492033	0.00443929	0.0028183	0.00273621	0.0021969199999999998	0.0196571	0.00501963	0.0022895899999999998	0.0064636500000000005	0.000605939	0.128359	0.0038157	0.0103725	0.000678758	0.000838076	0.000462509	0.00018756300000000002	0.0451934	5.73722e-05	7.37013e-05	1.32397e-06	2.2066200000000003e-06	4.4132499999999996e-07	0.00010988999999999999	0.0041533099999999995	0.00308883	0.000121364	0.0020707	0.09005769999999999	1.37149e-05	9.27469e-05	0.0015317	0.00638506	0.000140259	0.0124615	0.00197717	0.0007718790000000001	0.0009255129999999999	8.11132e-05	1.88282e-06	0.08896029999999999	1.97306e-05	0.00280217	0.00454769	3.00407e-06	4.06542e-06	0.0007153890000000001	0.00021248599999999998	0.00011314	0.0817797	0.0073111	0.0014708100000000001	0.0	0.0942977	1.02044e-05	0.00156	0.08292329999999999	8.66002e-05	2.23126e-05	0.00025190200000000003	0.0	0.0	0.18393400000000001	0.00029675700000000003	0.132375	0.00131417	1.3650299999999999e-05	5.19808e-05	0.00156435	0.000489738	0.0459752	0.133213	2.5600000000000002e-05	0.0	0.00173602	0.0833722	0.000574907	0.0076250599999999995	0.00562843	0.000155479	0.0005597670000000001	9.09295e-05	0.0	0.00576843	0.00246163	0.000252499	0.0036591300000000005	0.0008104589999999999	0.000137826	0.00256117	0.000179081	0.00017645199999999998	0.000126985	0.000503185	0.0019466400000000001	0.0187577	0.0	0.0879007	0.00019526000000000002	0.0	0.000399867	0.0018023600000000002	0.0880319	0.0017648000000000002	7.05164e-05	0.0044632000000000005	0.0793443	2.40902e-05	0.00363358	0.00112533	3.3365899999999997e-06	4.1430699999999996e-05	0.000103603	0.000229116	0.00031732500000000003	5.93136e-05	4.08932e-06	0.0	0.000109175	9.02696e-06	2.7997e-05	0.0	0.0108281	0.0	0.000154266	8.79148e-05	0.0	0.0461753	0.000145217	0.0	0.000218985	0.0813089	0.0	0.0191828	0.0672564	0.0558253	0.0026591500000000003	0.0032124	0.00030898	0.00046521400000000004	0.00255527	0.00100651	0.000798761	0.0772225	0.000166221	0.0
