Sample	32	37	42	47	52	57	62	67	72	77	82	87	92	97	102	107	112	117	122	127	132	137	142	147	150
Sin-APnd_001-Ex1-6G-lcwgs-1-2.clmp.r1	221942.0	987107.0	1725581.0	2598647.0	3379051.0	3951530.0	4273903.0	4459934.0	4456605.0	4334246.0	4106227.0	3853567.0	3547951.0	3195109.0	2807836.0	2470661.0	2114244.0	1811329.0	1518411.0	1301096.0	1089356.0	935687.0	784062.0	1118367.0	2375739.0
Sin-APnd_001-Ex1-6G-lcwgs-1-2.clmp.r2	222082.0	986453.0	1723169.0	2593841.0	3373618.0	3945997.0	4266176.0	4449704.0	4442957.0	4318471.0	4089370.0	3834817.0	3528901.0	3176531.0	2790227.0	2454135.0	2101564.0	1801229.0	1512952.0	1297269.0	1088817.0	948717.0	810264.0	1339300.0	2321627.0
Sin-APnd_002-Ex1-3G-lcwgs-1-2.clmp.r1	147776.0	612052.0	960170.0	1319815.0	1638732.0	1888071.0	2050049.0	2144788.0	2161632.0	2104596.0	1996982.0	1853583.0	1696329.0	1515269.0	1319511.0	1140082.0	964301.0	808205.0	666061.0	553130.0	453267.0	375133.0	308806.0	415603.0	864148.0
Sin-APnd_002-Ex1-3G-lcwgs-1-2.clmp.r2	147748.0	611608.0	959420.0	1318562.0	1637246.0	1886378.0	2048285.0	2142441.0	2158018.0	2100987.0	1992773.0	1848454.0	1690993.0	1510524.0	1314867.0	1135539.0	960795.0	805803.0	664988.0	552367.0	453595.0	379309.0	316378.0	485578.0	835435.0
Sin-APnd_003-Ex1-3H-lcwgs-1-2.clmp.r1	177667.0	775793.0	1319151.0	1966622.0	2581532.0	3081513.0	3414530.0	3653923.0	3767775.0	3784511.0	3715684.0	3585686.0	3395976.0	3150364.0	2853942.0	2560225.0	2240473.0	1942361.0	1653837.0	1427663.0	1207036.0	1043161.0	894451.0	1316082.0	2972440.0
Sin-APnd_003-Ex1-3H-lcwgs-1-2.clmp.r2	177591.0	775653.0	1317831.0	1964587.0	2578691.0	3078361.0	3410618.0	3648961.0	3761030.0	3773728.0	3704158.0	3573089.0	3382393.0	3136001.0	2841042.0	2548523.0	2230347.0	1934052.0	1650152.0	1425024.0	1208637.0	1056044.0	916686.0	1516769.0	2872430.0
Sin-APnd_004-Ex1-4A-lcwgs-1-2.clmp.r1	196235.0	811755.0	1274297.0	1741707.0	2100457.0	2353676.0	2451286.0	2498154.0	2423833.0	2302046.0	2131402.0	1981495.0	1807140.0	1617631.0	1413515.0	1254567.0	1070646.0	912461.0	758532.0	662510.0	550679.0	479818.0	408052.0	638835.0	1392298.0
Sin-APnd_004-Ex1-4A-lcwgs-1-2.clmp.r2	196258.0	810525.0	1272510.0	1738978.0	2097711.0	2350954.0	2447481.0	2492960.0	2417661.0	2295624.0	2123388.0	1971918.0	1797681.0	1608617.0	1404872.0	1246993.0	1064258.0	907316.0	755680.0	661447.0	551779.0	489871.0	423020.0	745391.0	1360134.0
Sin-APnd_005-Ex1-4B-lcwgs-1-2.clmp.r1	337433.0	1400843.0	2125177.0	2797230.0	3276308.0	3572000.0	3689343.0	3715961.0	3602358.0	3425608.0	3185930.0	2923003.0	2632254.0	2337155.0	2028618.0	1752126.0	1480285.0	1243801.0	1025500.0	861912.0	708656.0	599903.0	500639.0	725110.0	1619271.0
Sin-APnd_005-Ex1-4B-lcwgs-1-2.clmp.r2	337256.0	1397181.0	2121230.0	2793158.0	3272317.0	3567316.0	3683835.0	3708871.0	3594390.0	3415980.0	3175930.0	2911776.0	2621288.0	2326499.0	2018467.0	1743468.0	1473972.0	1239466.0	1025078.0	865019.0	715130.0	614055.0	516525.0	865041.0	1563176.0
Sin-APnd_006-Ex1-4C-lcwgs-1-2.clmp.r1	96805.0	454299.0	860115.0	1409089.0	1963816.0	2405533.0	2692019.0	2846873.0	2859136.0	2765306.0	2595955.0	2399373.0	2181021.0	1945909.0	1696343.0	1469268.0	1253177.0	1059720.0	886054.0	752578.0	634004.0	542320.0	462948.0	684850.0	1547994.0
Sin-APnd_006-Ex1-4C-lcwgs-1-2.clmp.r2	96713.0	453795.0	859233.0	1407185.0	1961332.0	2403162.0	2689226.0	2842719.0	2853269.0	2758371.0	2588432.0	2390327.0	2171861.0	1936460.0	1686463.0	1460853.0	1246168.0	1054086.0	883037.0	750569.0	634067.0	548798.0	477186.0	811930.0	1499263.0
Sin-APnd_007-Ex1-4D-lcwgs-1-2.clmp.r1	197753.0	895350.0	1528839.0	2199804.0	2740295.0	3089265.0	3235692.0	3269007.0	3178302.0	3025187.0	2825483.0	2623249.0	2398174.0	2168001.0	1915739.0	1687699.0	1462746.0	1255103.0	1058103.0	907822.0	761473.0	653184.0	555261.0	811294.0	1716142.0
Sin-APnd_007-Ex1-4D-lcwgs-1-2.clmp.r2	197676.0	894429.0	1527379.0	2196906.0	2738021.0	3086538.0	3231786.0	3263451.0	3171752.0	3017362.0	2816776.0	2613477.0	2388966.0	2158387.0	1906153.0	1680297.0	1456588.0	1250209.0	1055908.0	907127.0	762274.0	661790.0	569091.0	915754.0	1690870.0
Sin-APnd_008-Ex1-4E-lcwgs-1-2.clmp.r1	173559.0	778403.0	1358810.0	2031031.0	2598607.0	2973952.0	3150956.0	3218052.0	3142971.0	3005748.0	2830599.0	2636206.0	2414606.0	2175481.0	1913992.0	1709447.0	1475306.0	1276897.0	1086627.0	951350.0	811486.0	712078.0	621534.0	997686.0	2339424.0
Sin-APnd_008-Ex1-4E-lcwgs-1-2.clmp.r2	173505.0	777162.0	1356683.0	2027492.0	2594229.0	2970195.0	3145976.0	3210826.0	3133701.0	2995449.0	2818404.0	2623231.0	2402065.0	2163460.0	1902610.0	1698846.0	1466383.0	1269350.0	1083437.0	950606.0	813154.0	723303.0	640787.0	1168715.0	2275239.0
Sin-APnd_009-Ex1-4F-lcwgs-1-2.clmp.r1	171528.0	732480.0	1208982.0	1778484.0	2275056.0	2637402.0	2844858.0	2942841.0	2899079.0	2772934.0	2586370.0	2391570.0	2164814.0	1924091.0	1676593.0	1457272.0	1237451.0	1042092.0	866033.0	733180.0	605074.0	512675.0	427846.0	601522.0	1255003.0
Sin-APnd_009-Ex1-4F-lcwgs-1-2.clmp.r2	171513.0	731628.0	1207672.0	1776579.0	2272524.0	2634984.0	2841343.0	2938307.0	2893676.0	2766349.0	2578699.0	2382760.0	2156354.0	1916238.0	1668696.0	1450064.0	1231438.0	1037647.0	863799.0	732242.0	605855.0	519914.0	439845.0	702786.0	1224318.0
Sin-APnd_010-Ex1-4G-lcwgs-1-2.clmp.r1	210951.0	881494.0	1421242.0	2012750.0	2519644.0	2921476.0	3166562.0	3329105.0	3347829.0	3278551.0	3126174.0	2954685.0	2744289.0	2494434.0	2215886.0	1974549.0	1711036.0	1474439.0	1247535.0	1082999.0	915120.0	793496.0	681371.0	1029379.0	2216290.0
Sin-APnd_010-Ex1-4G-lcwgs-1-2.clmp.r2	210948.0	880705.0	1419545.0	2010005.0	2516091.0	2918153.0	3161805.0	3322294.0	3339648.0	3269003.0	3115742.0	2942385.0	2732466.0	2482965.0	2204821.0	1963948.0	1702177.0	1467828.0	1244521.0	1081983.0	916368.0	805092.0	697763.0	1178185.0	2166845.0
Sin-APnd_011-Ex1-4H-lcwgs-1-2.clmp.r1	300551.0	1232054.0	1932673.0	2681931.0	3264047.0	3654946.0	3828186.0	3902789.0	3811174.0	3622304.0	3381600.0	3125422.0	2834571.0	2524898.0	2205765.0	1936599.0	1653755.0	1410286.0	1187554.0	1022148.0	860868.0	745297.0	642670.0	1022429.0	2449657.0
Sin-APnd_011-Ex1-4H-lcwgs-1-2.clmp.r2	300228.0	1230102.0	1929648.0	2677405.0	3258710.0	3649891.0	3821993.0	3894226.0	3801021.0	3610125.0	3368795.0	3111640.0	2820404.0	2512157.0	2193502.0	1925839.0	1644419.0	1403238.0	1184612.0	1021321.0	864273.0	759251.0	664274.0	1226751.0	2360349.0
Sin-APnd_012-Ex1-5A-lcwgs-1-2.clmp.r1	170234.0	748530.0	1309327.0	2000720.0	2610559.0	3039516.0	3247506.0	3350221.0	3312614.0	3205620.0	3037296.0	2875770.0	2682382.0	2461913.0	2199618.0	1978469.0	1729350.0	1500902.0	1281777.0	1123789.0	960450.0	838939.0	725167.0	1090611.0	2380190.0
Sin-APnd_012-Ex1-5A-lcwgs-1-2.clmp.r2	170242.0	748296.0	1307307.0	1998267.0	2607454.0	3036216.0	3243063.0	3344041.0	3303871.0	3194493.0	3025609.0	2861950.0	2668631.0	2447222.0	2185357.0	1964977.0	1717686.0	1490785.0	1275306.0	1119251.0	958712.0	851730.0	748980.0	1275580.0	2316444.0
Sin-APnd_013-Ex1-5B-lcwgs-1-2.clmp.r1	208671.0	946894.0	1626383.0	2366452.0	2941693.0	3274144.0	3349310.0	3304672.0	3116665.0	2883571.0	2619428.0	2373812.0	2113395.0	1862537.0	1606438.0	1394887.0	1181258.0	996593.0	829221.0	706524.0	585642.0	499985.0	420596.0	604945.0	1252808.0
Sin-APnd_013-Ex1-5B-lcwgs-1-2.clmp.r2	208693.0	945946.0	1623733.0	2363479.0	2938387.0	3269927.0	3344329.0	3298461.0	3108693.0	2874913.0	2610255.0	2364522.0	2104259.0	1853286.0	1597425.0	1387377.0	1175412.0	992261.0	828268.0	708301.0	590819.0	512171.0	432896.0	704394.0	1228317.0
Sin-APnd_014-Ex1-5C-lcwgs-1-2.clmp.r1	199981.0	909120.0	1543394.0	2195841.0	2663591.0	2923573.0	2968133.0	2918978.0	2744470.0	2524579.0	2264069.0	2029083.0	1784656.0	1544980.0	1308182.0	1111324.0	921482.0	762649.0	619030.0	515779.0	421677.0	352316.0	288274.0	396370.0	806146.0
Sin-APnd_014-Ex1-5C-lcwgs-1-2.clmp.r2	199461.0	907733.0	1541267.0	2192841.0	2660630.0	2919952.0	2963764.0	2913448.0	2737574.0	2517446.0	2255340.0	2020742.0	1776704.0	1537195.0	1300780.0	1104725.0	916118.0	758280.0	616611.0	514540.0	421549.0	358164.0	299840.0	487583.0	795390.0
Sin-APnd_015-Ex1-5D-lcwgs-1-2.clmp.r1	133735.0	621675.0	1128706.0	1726797.0	2227904.0	2575512.0	2741105.0	2799100.0	2725233.0	2581162.0	2377475.0	2161057.0	1938684.0	1702692.0	1462456.0	1251954.0	1055310.0	879122.0	724591.0	606971.0	500745.0	423656.0	350409.0	482955.0	983252.0
Sin-APnd_015-Ex1-5D-lcwgs-1-2.clmp.r2	133786.0	621078.0	1127184.0	1724026.0	2224835.0	2573127.0	2737175.0	2794316.0	2718606.0	2573492.0	2369328.0	2152273.0	1930115.0	1694595.0	1454249.0	1244650.0	1049283.0	874905.0	722204.0	605457.0	500120.0	428932.0	361300.0	579347.0	967875.0
Sin-APnd_016-Ex1-5E-lcwgs-1-2.clmp.r1	255382.0	1122591.0	1869575.0	2593812.0	3071331.0	3280686.0	3252011.0	3134958.0	2899355.0	2635502.0	2355341.0	2094530.0	1833882.0	1588262.0	1344110.0	1150029.0	954356.0	789719.0	644705.0	541209.0	443784.0	373962.0	307796.0	438600.0	894035.0
Sin-APnd_016-Ex1-5E-lcwgs-1-2.clmp.r2	255006.0	1121058.0	1867263.0	2590402.0	3067874.0	3277300.0	3248156.0	3129116.0	2891647.0	2627790.0	2347055.0	2085730.0	1826041.0	1580410.0	1336729.0	1143581.0	949140.0	785886.0	643142.0	541223.0	445825.0	381228.0	319123.0	524769.0	884029.0
Sin-APnd_017-Ex1-5F-lcwgs-1-2.clmp.r1	168332.0	764342.0	1317464.0	1911696.0	2345074.0	2581113.0	2632218.0	2600672.0	2458306.0	2271449.0	2054371.0	1848135.0	1636585.0	1428617.0	1217536.0	1041386.0	873437.0	728985.0	602027.0	507841.0	417734.0	354557.0	295459.0	412170.0	877593.0
Sin-APnd_017-Ex1-5F-lcwgs-1-2.clmp.r2	168137.0	763371.0	1315740.0	1909259.0	2342648.0	2577919.0	2629105.0	2595475.0	2452323.0	2264771.0	2047778.0	1841435.0	1629532.0	1421855.0	1210811.0	1035531.0	868914.0	725409.0	599925.0	506921.0	418511.0	360572.0	305190.0	500851.0	855116.0
Sin-APnd_018-Ex1-5G-lcwgs-1-2.clmp.r1	152277.0	686779.0	1202503.0	1786105.0	2266424.0	2577916.0	2699997.0	2717979.0	2616078.0	2452612.0	2235796.0	2017905.0	1796239.0	1567523.0	1330901.0	1127052.0	938915.0	773920.0	631515.0	522448.0	424101.0	354040.0	291494.0	394730.0	778997.0
Sin-APnd_018-Ex1-5G-lcwgs-1-2.clmp.r2	152076.0	685989.0	1201177.0	1784348.0	2263374.0	2575796.0	2697739.0	2713555.0	2610891.0	2447111.0	2228937.0	2011205.0	1789967.0	1561333.0	1324681.0	1122040.0	934809.0	770742.0	630118.0	521810.0	424997.0	360475.0	300536.0	462447.0	768093.0
Sin-APnd_019-Ex1-5H-lcwgs-1-2.clmp.r1	163996.0	742011.0	1305884.0	1974017.0	2538997.0	2902959.0	3067601.0	3128680.0	3038787.0	2883637.0	2671157.0	2452697.0	2211897.0	1954797.0	1691858.0	1467058.0	1238932.0	1040410.0	863159.0	731601.0	607544.0	519085.0	435147.0	621945.0	1255475.0
Sin-APnd_019-Ex1-5H-lcwgs-1-2.clmp.r2	163848.0	741125.0	1304057.0	1971462.0	2535913.0	2899792.0	3063021.0	3122297.0	3030755.0	2873967.0	2660690.0	2441890.0	2201395.0	1944180.0	1681960.0	1458265.0	1231819.0	1034797.0	859693.0	730388.0	608988.0	528612.0	449373.0	731667.0	1239377.0
Sin-APnd_020-Ex1-6A-lcwgs-1-2.clmp.r1	205410.0	896870.0	1555392.0	2339449.0	3025633.0	3456546.0	3610167.0	3624720.0	3463392.0	3229833.0	2945223.0	2695999.0	2426183.0	2142601.0	1843457.0	1613354.0	1359041.0	1145768.0	941126.0	814872.0	673029.0	581050.0	477445.0	699942.0	1391853.0
Sin-APnd_020-Ex1-6A-lcwgs-1-2.clmp.r2	205302.0	895292.0	1551866.0	2334779.0	3020699.0	3451761.0	3603905.0	3615714.0	3452538.0	3217780.0	2931826.0	2680937.0	2411443.0	2128674.0	1829404.0	1599894.0	1348379.0	1137093.0	935887.0	811188.0	672510.0	591628.0	498963.0	848146.0	1382747.0
Sin-APnd_021-Ex1-6B-lcwgs-1-2.clmp.r1	156497.0	649088.0	1045913.0	1484607.0	1862360.0	2144253.0	2303835.0	2397445.0	2389293.0	2329759.0	2220520.0	2105549.0	1954344.0	1784834.0	1586229.0	1430159.0	1241247.0	1079401.0	915150.0	807097.0	685062.0	602886.0	513428.0	780748.0	1657837.0
Sin-APnd_021-Ex1-6B-lcwgs-1-2.clmp.r2	156475.0	648590.0	1044245.0	1481635.0	1859145.0	2141035.0	2299374.0	2391721.0	2381791.0	2320961.0	2210600.0	2095126.0	1943412.0	1773336.0	1575701.0	1420569.0	1233320.0	1073261.0	912661.0	808122.0	689059.0	614021.0	526862.0	910541.0	1615978.0
Sin-APnd_022-Ex1-6C-lcwgs-1-2.clmp.r1	63550.0	286706.0	491397.0	723396.0	921973.0	1062861.0	1135259.0	1173803.0	1156402.0	1109141.0	1035827.0	966651.0	883311.0	788544.0	688809.0	603870.0	515162.0	435022.0	361081.0	309081.0	258030.0	220707.0	184273.0	275281.0	627885.0
Sin-APnd_022-Ex1-6C-lcwgs-1-2.clmp.r2	63520.0	286448.0	490743.0	722308.0	920568.0	1061671.0	1133235.0	1171350.0	1153596.0	1105744.0	1031925.0	962299.0	879229.0	784695.0	684781.0	600020.0	512323.0	432746.0	359900.0	307836.0	256940.0	222200.0	190845.0	338034.0	605066.0
Sin-APnd_023-Ex1-6D-lcwgs-1-2.clmp.r1	93437.0	425231.0	775726.0	1225354.0	1641849.0	1943063.0	2129895.0	2242359.0	2249267.0	2183907.0	2064061.0	1939459.0	1777341.0	1603009.0	1412914.0	1253146.0	1080572.0	936778.0	800168.0	704510.0	605476.0	536025.0	462438.0	719094.0	1547522.0
Sin-APnd_023-Ex1-6D-lcwgs-1-2.clmp.r2	93447.0	424650.0	774236.0	1222719.0	1638489.0	1940436.0	2126119.0	2236157.0	2241184.0	2174699.0	2053650.0	1927706.0	1765470.0	1590519.0	1401290.0	1241494.0	1070502.0	929305.0	795700.0	700149.0	602975.0	540897.0	478168.0	856941.0	1525699.0
Sin-APnd_024-Ex1-6E-lcwgs-1-2.clmp.r1	55511.0	250159.0	451952.0	712557.0	945596.0	1102183.0	1184626.0	1213056.0	1183652.0	1124327.0	1041503.0	956244.0	861473.0	764512.0	663576.0	574532.0	485271.0	407983.0	338868.0	288400.0	237841.0	203880.0	169244.0	241664.0	512346.0
Sin-APnd_024-Ex1-6E-lcwgs-1-2.clmp.r2	55535.0	249894.0	451127.0	711467.0	944680.0	1101192.0	1183207.0	1211142.0	1181062.0	1120796.0	1037845.0	952821.0	857990.0	760993.0	660132.0	571297.0	482723.0	406139.0	337854.0	287746.0	237843.0	206165.0	174428.0	288802.0	498076.0
Sin-APnd_025-Ex1-6F-lcwgs-1-2.clmp.r1	112295.0	506575.0	891977.0	1367651.0	1808065.0	2135227.0	2316610.0	2398969.0	2361481.0	2243743.0	2072942.0	1891806.0	1701555.0	1495716.0	1286192.0	1095416.0	918020.0	765445.0	625671.0	519704.0	424380.0	355162.0	290650.0	381286.0	765168.0
Sin-APnd_025-Ex1-6F-lcwgs-1-2.clmp.r2	112115.0	506018.0	891055.0	1365468.0	1806006.0	2133037.0	2314196.0	2395233.0	2356519.0	2238042.0	2067173.0	1884878.0	1694753.0	1489085.0	1279431.0	1089693.0	913605.0	761727.0	623884.0	518143.0	423992.0	358994.0	299225.0	460242.0	749192.0
Sin-CPnd_013-Ex1-4E-lcwgs-1-2.clmp.r1	12.0	92.0	103.0	128.0	142.0	171.0	149.0	168.0	183.0	166.0	150.0	172.0	160.0	152.0	154.0	160.0	123.0	126.0	122.0	119.0	117.0	99.0	93.0	314.0	1073.0
Sin-CPnd_013-Ex1-4E-lcwgs-1-2.clmp.r2	12.0	90.0	103.0	129.0	142.0	172.0	148.0	167.0	183.0	169.0	150.0	168.0	161.0	154.0	153.0	161.0	123.0	127.0	121.0	120.0	116.0	106.0	95.0	432.0	946.0
Sin-CPnd_015-Ex1-4A-lcwgs-1-2.clmp.r1	26.0	158.0	281.0	337.0	410.0	464.0	500.0	504.0	473.0	498.0	467.0	412.0	415.0	377.0	365.0	325.0	278.0	312.0	274.0	236.0	209.0	254.0	213.0	621.0	2032.0
Sin-CPnd_015-Ex1-4A-lcwgs-1-2.clmp.r2	27.0	158.0	279.0	339.0	407.0	464.0	500.0	500.0	475.0	498.0	465.0	416.0	416.0	374.0	362.0	323.0	284.0	311.0	272.0	238.0	214.0	259.0	218.0	765.0	1877.0
Sin-CPnd_018-Ex1-11A-lcwgs-1-2.clmp.r1	636.0	2850.0	4934.0	7079.0	8511.0	9761.0	10045.0	10430.0	10161.0	9757.0	9314.0	8725.0	8086.0	7534.0	6682.0	6066.0	5445.0	4882.0	4212.0	3893.0	3542.0	3188.0	3088.0	7345.0	21978.0
Sin-CPnd_018-Ex1-11A-lcwgs-1-2.clmp.r2	636.0	2847.0	4926.0	7068.0	8514.0	9745.0	10019.0	10432.0	10186.0	9755.0	9287.0	8708.0	8059.0	7505.0	6655.0	6062.0	5435.0	4842.0	4202.0	3874.0	3535.0	3255.0	3185.0	8764.0	20648.0
Sin-CPnd_019-Ex1-1H-lcwgs-1-2.clmp.r1	149.0	594.0	970.0	1391.0	1816.0	2195.0	2433.0	2565.0	2851.0	2953.0	2928.0	2874.0	2812.0	2589.0	2478.0	2384.0	2150.0	1903.0	1738.0	1563.0	1376.0	1213.0	1175.0	1806.0	4541.0
Sin-CPnd_019-Ex1-1H-lcwgs-1-2.clmp.r2	152.0	597.0	956.0	1392.0	1821.0	2180.0	2440.0	2574.0	2855.0	2951.0	2937.0	2861.0	2779.0	2592.0	2481.0	2376.0	2142.0	1892.0	1738.0	1554.0	1381.0	1244.0	1185.0	2163.0	4204.0
Sin-CPnd_020-Ex1-12E-lcwgs-1-2.clmp.r1	725.0	3209.0	5426.0	7554.0	9118.0	10519.0	10941.0	11627.0	11616.0	11363.0	11149.0	10611.0	10184.0	9337.0	8941.0	8091.0	7307.0	6649.0	6122.0	5496.0	5049.0	4636.0	4294.0	8584.0	26834.0
Sin-CPnd_020-Ex1-12E-lcwgs-1-2.clmp.r2	726.0	3212.0	5397.0	7560.0	9137.0	10545.0	10892.0	11608.0	11613.0	11328.0	11096.0	10611.0	10188.0	9324.0	8919.0	8046.0	7279.0	6652.0	6110.0	5498.0	5062.0	4689.0	4405.0	10616.0	24869.0
Sin-CPnd_021-Ex1-3D-lcwgs-1-2.clmp.r1	65.0	303.0	427.0	559.0	621.0	624.0	560.0	593.0	556.0	486.0	397.0	377.0	336.0	306.0	278.0	231.0	218.0	204.0	150.0	152.0	140.0	114.0	105.0	264.0	749.0
Sin-CPnd_021-Ex1-3D-lcwgs-1-2.clmp.r2	65.0	302.0	428.0	560.0	623.0	620.0	563.0	594.0	551.0	485.0	403.0	379.0	329.0	303.0	275.0	231.0	221.0	202.0	150.0	155.0	139.0	118.0	114.0	311.0	694.0
Sin-CPnd_022-Ex1-1D-lcwgs-1-2.clmp.r1	40.0	241.0	418.0	574.0	620.0	727.0	845.0	981.0	1016.0	1009.0	1041.0	1123.0	1101.0	1196.0	1172.0	1145.0	1153.0	1172.0	1125.0	1106.0	1055.0	1038.0	1096.0	3631.0	12693.0
Sin-CPnd_022-Ex1-1D-lcwgs-1-2.clmp.r2	41.0	241.0	416.0	572.0	619.0	726.0	848.0	978.0	1011.0	1009.0	1042.0	1120.0	1104.0	1194.0	1168.0	1144.0	1144.0	1163.0	1129.0	1112.0	1061.0	1066.0	1154.0	4631.0	11625.0
Sin-CPnd_023-Ex1-12B-lcwgs-1-2.clmp.r1	813.0	3473.0	5615.0	7457.0	8903.0	9720.0	9921.0	10126.0	10171.0	9714.0	9239.0	8744.0	7892.0	7122.0	6608.0	5865.0	5207.0	4711.0	4044.0	3675.0	3298.0	2892.0	2684.0	5744.0	18040.0
Sin-CPnd_023-Ex1-12B-lcwgs-1-2.clmp.r2	814.0	3468.0	5610.0	7444.0	8896.0	9728.0	9919.0	10125.0	10147.0	9691.0	9212.0	8703.0	7866.0	7124.0	6595.0	5843.0	5189.0	4702.0	4044.0	3670.0	3299.0	2956.0	2798.0	7166.0	16669.0
Sin-CPnd_024-Ex1-12C-lcwgs-1-2.clmp.r1	603.0	2680.0	4489.0	5977.0	7006.0	7657.0	8006.0	8112.0	7900.0	7553.0	7013.0	6454.0	5801.0	5237.0	4642.0	4125.0	3543.0	3138.0	2739.0	2472.0	2112.0	1957.0	1722.0	3898.0	12125.0
Sin-CPnd_024-Ex1-12C-lcwgs-1-2.clmp.r2	610.0	2657.0	4485.0	5971.0	7010.0	7652.0	8004.0	8087.0	7881.0	7551.0	7005.0	6422.0	5788.0	5228.0	4644.0	4096.0	3513.0	3132.0	2747.0	2464.0	2106.0	2000.0	1796.0	4791.0	11321.0
Sin-CPnd_025-Ex1-3B-lcwgs-1-2.clmp.r1	60.0	297.0	442.0	589.0	663.0	720.0	767.0	768.0	729.0	776.0	736.0	704.0	674.0	615.0	598.0	533.0	544.0	495.0	435.0	390.0	371.0	382.0	359.0	968.0	3450.0
Sin-CPnd_025-Ex1-3B-lcwgs-1-2.clmp.r2	61.0	298.0	444.0	585.0	664.0	719.0	763.0	767.0	729.0	782.0	737.0	693.0	674.0	615.0	594.0	533.0	547.0	495.0	437.0	397.0	369.0	375.0	374.0	1337.0	3076.0
Sin-CPnd_028-Ex1-12H-lcwgs-1-2.clmp.r1	888.0	3915.0	6027.0	8074.0	9502.0	10240.0	10948.0	11440.0	11285.0	11282.0	10688.0	10225.0	9721.0	9097.0	8475.0	7963.0	7305.0	6812.0	6203.0	5949.0	5528.0	5453.0	5263.0	15130.0	55041.0
Sin-CPnd_028-Ex1-12H-lcwgs-1-2.clmp.r2	886.0	3900.0	6013.0	8079.0	9492.0	10248.0	10986.0	11425.0	11253.0	11232.0	10661.0	10217.0	9733.0	9078.0	8431.0	7924.0	7302.0	6779.0	6198.0	5941.0	5541.0	5566.0	5525.0	19501.0	50543.0
Sin-CPnd_029-Ex1-4D-lcwgs-1-2.clmp.r1	84.0	363.0	633.0	681.0	757.0	732.0	742.0	687.0	640.0	576.0	547.0	477.0	394.0	380.0	324.0	237.0	242.0	225.0	187.0	192.0	152.0	136.0	114.0	239.0	806.0
Sin-CPnd_029-Ex1-4D-lcwgs-1-2.clmp.r2	84.0	364.0	632.0	682.0	757.0	732.0	738.0	687.0	642.0	576.0	546.0	475.0	393.0	377.0	324.0	238.0	241.0	224.0	188.0	192.0	152.0	141.0	124.0	309.0	729.0
Sin-CPnd_031-Ex1-3G-lcwgs-1-2.clmp.r1	45.0	203.0	286.0	351.0	381.0	383.0	464.0	423.0	409.0	441.0	419.0	426.0	399.0	396.0	433.0	375.0	352.0	341.0	332.0	300.0	279.0	294.0	267.0	740.0	2524.0
Sin-CPnd_031-Ex1-3G-lcwgs-1-2.clmp.r2	45.0	204.0	285.0	353.0	379.0	382.0	463.0	426.0	401.0	435.0	425.0	430.0	398.0	395.0	430.0	375.0	353.0	342.0	331.0	296.0	287.0	292.0	274.0	907.0	2355.0
Sin-CPnd_032-Ex1-3E-lcwgs-1-2.clmp.r1	41.0	173.0	262.0	354.0	448.0	561.0	593.0	661.0	603.0	651.0	712.0	684.0	724.0	695.0	699.0	704.0	696.0	640.0	695.0	584.0	612.0	578.0	627.0	1745.0	5415.0
Sin-CPnd_032-Ex1-3E-lcwgs-1-2.clmp.r2	40.0	174.0	261.0	355.0	451.0	555.0	594.0	662.0	608.0	650.0	714.0	685.0	714.0	690.0	699.0	696.0	696.0	635.0	685.0	587.0	616.0	589.0	636.0	2066.0	5099.0
Sin-CPnd_033-Ex1-1B-lcwgs-1-2.clmp.r1	22.0	119.0	176.0	229.0	243.0	240.0	263.0	279.0	240.0	245.0	211.0	190.0	179.0	163.0	126.0	132.0	105.0	104.0	88.0	76.0	61.0	54.0	45.0	98.0	275.0
Sin-CPnd_033-Ex1-1B-lcwgs-1-2.clmp.r2	22.0	120.0	175.0	227.0	244.0	242.0	262.0	280.0	244.0	242.0	208.0	190.0	179.0	164.0	125.0	131.0	104.0	103.0	85.0	75.0	62.0	55.0	45.0	122.0	257.0
Sin-CPnd_034-Ex1-3C-lcwgs-1-2.clmp.r1	44.0	204.0	379.0	477.0	572.0	693.0	795.0	814.0	891.0	888.0	859.0	899.0	891.0	887.0	826.0	815.0	806.0	737.0	689.0	611.0	581.0	587.0	524.0	957.0	2887.0
Sin-CPnd_034-Ex1-3C-lcwgs-1-2.clmp.r2	46.0	203.0	377.0	475.0	573.0	699.0	795.0	814.0	897.0	888.0	855.0	888.0	899.0	882.0	822.0	815.0	800.0	735.0	682.0	615.0	588.0	584.0	545.0	1212.0	2624.0
Sin-CPnd_035-Ex1-12D-lcwgs-1-2.clmp.r1	640.0	2735.0	4515.0	6376.0	8050.0	8948.0	9870.0	10524.0	10417.0	10562.0	10272.0	9790.0	9286.0	8664.0	8155.0	7575.0	7010.0	6493.0	5945.0	5478.0	5100.0	5039.0	4858.0	11496.0	42264.0
Sin-CPnd_035-Ex1-12D-lcwgs-1-2.clmp.r2	640.0	2729.0	4517.0	6379.0	8044.0	8953.0	9850.0	10528.0	10397.0	10530.0	10273.0	9769.0	9286.0	8634.0	8127.0	7539.0	6979.0	6478.0	5931.0	5450.0	5106.0	5096.0	5064.0	14879.0	38884.0
Sin-CPnd_038-Ex1-11C-lcwgs-1-2.clmp.r1	663.0	3035.0	4919.0	7020.0	8361.0	9328.0	9768.0	10064.0	9952.0	9462.0	9112.0	8552.0	7912.0	7117.0	6579.0	6044.0	5461.0	4985.0	4422.0	4094.0	3638.0	3558.0	3284.0	9156.0	30710.0
Sin-CPnd_038-Ex1-11C-lcwgs-1-2.clmp.r2	663.0	3034.0	4930.0	7019.0	8323.0	9333.0	9787.0	10062.0	9909.0	9415.0	9085.0	8554.0	7889.0	7107.0	6570.0	6034.0	5439.0	4987.0	4442.0	4081.0	3646.0	3572.0	3443.0	11343.0	28529.0
Sin-CPnd_039-Ex1-10F-lcwgs-1-2.clmp.r1	826.0	3510.0	5512.0	7603.0	9168.0	10349.0	11003.0	11657.0	11737.0	11570.0	11321.0	10929.0	10367.0	9680.0	9188.0	8579.0	7819.0	7314.0	6630.0	6088.0	5747.0	5397.0	5038.0	12436.0	41118.0
Sin-CPnd_039-Ex1-10F-lcwgs-1-2.clmp.r2	837.0	3511.0	5484.0	7613.0	9181.0	10346.0	11021.0	11636.0	11705.0	11565.0	11311.0	10898.0	10340.0	9674.0	9160.0	8562.0	7806.0	7284.0	6614.0	6068.0	5752.0	5485.0	5284.0	15780.0	37669.0
Sin-CPnd_040-Ex1-11E-lcwgs-1-2.clmp.r1	660.0	3028.0	4990.0	6964.0	8112.0	9146.0	9430.0	9531.0	9048.0	8834.0	8334.0	7906.0	7440.0	6772.0	6162.0	5632.0	5103.0	4788.0	4385.0	4012.0	3705.0	3368.0	3392.0	8493.0	25484.0
Sin-CPnd_040-Ex1-11E-lcwgs-1-2.clmp.r2	659.0	3022.0	4993.0	6958.0	8099.0	9134.0	9421.0	9534.0	9057.0	8813.0	8342.0	7910.0	7391.0	6754.0	6158.0	5583.0	5060.0	4784.0	4361.0	4042.0	3746.0	3435.0	3493.0	9925.0	24045.0
Sin-CPnd_042-Ex1-10D-lcwgs-1-2.clmp.r1	565.0	2394.0	3975.0	5745.0	6932.0	7876.0	8280.0	8497.0	8196.0	7901.0	7490.0	6847.0	6132.0	5549.0	5120.0	4334.0	3758.0	3375.0	2968.0	2497.0	2243.0	1965.0	1686.0	3293.0	8720.0
Sin-CPnd_042-Ex1-10D-lcwgs-1-2.clmp.r2	561.0	2388.0	3972.0	5735.0	6931.0	7888.0	8269.0	8510.0	8205.0	7901.0	7497.0	6809.0	6129.0	5530.0	5095.0	4319.0	3747.0	3374.0	2965.0	2493.0	2234.0	1980.0	1715.0	4007.0	8084.0
Sin-CPnd_043-Ex1-1C-lcwgs-1-2.clmp.r1	94.0	472.0	719.0	1030.0	1236.0	1491.0	1694.0	1877.0	2052.0	2013.0	2121.0	2234.0	2159.0	2146.0	2150.0	2221.0	2104.0	2001.0	1993.0	1908.0	1881.0	1843.0	1796.0	5181.0	17765.0
Sin-CPnd_043-Ex1-1C-lcwgs-1-2.clmp.r2	93.0	472.0	718.0	1030.0	1241.0	1490.0	1692.0	1869.0	2049.0	2010.0	2132.0	2236.0	2146.0	2150.0	2126.0	2200.0	2095.0	1990.0	2007.0	1897.0	1862.0	1871.0	1885.0	6506.0	16414.0
Sin-CPnd_044-Ex1-2C-lcwgs-1-2.clmp.r1	46.0	177.0	246.0	312.0	370.0	378.0	361.0	320.0	303.0	263.0	235.0	189.0	180.0	158.0	117.0	119.0	104.0	91.0	66.0	57.0	66.0	50.0	47.0	92.0	274.0
Sin-CPnd_044-Ex1-2C-lcwgs-1-2.clmp.r2	46.0	177.0	243.0	311.0	371.0	375.0	358.0	323.0	302.0	262.0	232.0	188.0	179.0	158.0	117.0	118.0	104.0	92.0	68.0	58.0	63.0	53.0	46.0	118.0	259.0
Sin-CPnd_045-Ex1-11H-lcwgs-1-2.clmp.r1	5433.0	23655.0	39159.0	54921.0	68962.0	81548.0	92249.0	102711.0	108994.0	115176.0	119637.0	122872.0	124607.0	124902.0	124817.0	123371.0	121420.0	118554.0	114849.0	111141.0	107929.0	106483.0	108435.0	298737.0	1022059.0
Sin-CPnd_045-Ex1-11H-lcwgs-1-2.clmp.r2	5462.0	23651.0	39101.0	54933.0	68960.0	81567.0	92171.0	102539.0	108893.0	115057.0	119403.0	122623.0	124311.0	124637.0	124345.0	123064.0	121033.0	118104.0	114623.0	111174.0	108293.0	108244.0	112472.0	365340.0	952621.0
Sin-CPnd_049-Ex1-4C-lcwgs-1-2.clmp.r1	55.0	202.0	318.0	395.0	456.0	475.0	461.0	406.0	443.0	389.0	367.0	337.0	263.0	241.0	237.0	207.0	164.0	163.0	167.0	137.0	148.0	101.0	114.0	219.0	653.0
Sin-CPnd_049-Ex1-4C-lcwgs-1-2.clmp.r2	54.0	202.0	319.0	396.0	455.0	477.0	464.0	401.0	439.0	390.0	365.0	337.0	264.0	241.0	234.0	208.0	167.0	161.0	164.0	138.0	148.0	103.0	112.0	292.0	587.0
Sin-CPnd_050-Ex1-9B-lcwgs-1-2.clmp.r1	1032.0	4315.0	6794.0	9009.0	10480.0	11276.0	11433.0	11443.0	11010.0	10585.0	9771.0	8735.0	8041.0	7138.0	6167.0	5301.0	4629.0	3963.0	3548.0	2989.0	2595.0	2257.0	2056.0	3628.0	9402.0
Sin-CPnd_050-Ex1-9B-lcwgs-1-2.clmp.r2	1021.0	4317.0	6784.0	8996.0	10489.0	11305.0	11404.0	11418.0	11020.0	10562.0	9747.0	8741.0	8021.0	7121.0	6140.0	5291.0	4616.0	3961.0	3527.0	2970.0	2615.0	2302.0	2098.0	4306.0	8825.0
Sin-CPnd_051-Ex1-12G-lcwgs-1-2.clmp.r1	891.0	3576.0	5845.0	8100.0	9579.0	10695.0	11484.0	11709.0	11575.0	11350.0	10548.0	9643.0	8978.0	8259.0	7226.0	6461.0	5689.0	4958.0	4435.0	4135.0	3475.0	3211.0	3081.0	6873.0	21202.0
Sin-CPnd_051-Ex1-12G-lcwgs-1-2.clmp.r2	884.0	3575.0	5862.0	8080.0	9563.0	10702.0	11486.0	11677.0	11564.0	11342.0	10506.0	9633.0	8970.0	8233.0	7184.0	6438.0	5667.0	4950.0	4463.0	4117.0	3478.0	3259.0	3193.0	8266.0	19886.0
Sin-CPnd_053-Ex1-9G-lcwgs-1-2.clmp.r1	1176.0	5083.0	7982.0	10494.0	12419.0	13598.0	14262.0	14367.0	14264.0	13397.0	12171.0	11128.0	10193.0	9014.0	7734.0	6779.0	5959.0	5068.0	4401.0	3636.0	3216.0	2770.0	2494.0	4599.0	11759.0
Sin-CPnd_053-Ex1-9G-lcwgs-1-2.clmp.r2	1184.0	5088.0	7978.0	10489.0	12410.0	13582.0	14232.0	14384.0	14244.0	13381.0	12165.0	11075.0	10168.0	9011.0	7729.0	6756.0	5931.0	5062.0	4386.0	3640.0	3203.0	2792.0	2540.0	5470.0	11063.0
Sin-CPnd_058-Ex1-9D-lcwgs-1-2.clmp.r1	750.0	3521.0	5566.0	7654.0	9365.0	10291.0	10901.0	11005.0	10580.0	10242.0	9409.0	8617.0	7715.0	6882.0	6087.0	5344.0	4608.0	3931.0	3334.0	2852.0	2405.0	2167.0	1852.0	3107.0	8092.0
Sin-CPnd_058-Ex1-9D-lcwgs-1-2.clmp.r2	745.0	3513.0	5567.0	7683.0	9340.0	10302.0	10905.0	10983.0	10563.0	10212.0	9401.0	8615.0	7689.0	6869.0	6067.0	5335.0	4593.0	3912.0	3326.0	2845.0	2394.0	2180.0	1873.0	3732.0	7633.0
Sin-CPnd_061-Ex1-9A-lcwgs-1-2.clmp.r1	860.0	3550.0	5445.0	7617.0	9016.0	9771.0	10154.0	10205.0	9921.0	9365.0	8727.0	8038.0	7422.0	6799.0	6106.0	5363.0	4846.0	4228.0	3669.0	3350.0	3023.0	2814.0	2592.0	6103.0	19760.0
Sin-CPnd_061-Ex1-9A-lcwgs-1-2.clmp.r2	853.0	3541.0	5448.0	7617.0	9004.0	9771.0	10135.0	10209.0	9924.0	9337.0	8718.0	8011.0	7403.0	6779.0	6084.0	5347.0	4837.0	4202.0	3663.0	3358.0	3026.0	2845.0	2666.0	7754.0	18212.0
Sin-CPnd_062-Ex1-11D-lcwgs-1-2.clmp.r1	613.0	2775.0	4808.0	6775.0	8706.0	10132.0	10598.0	10871.0	11050.0	10987.0	10557.0	9920.0	9154.0	8379.0	7728.0	6884.0	6234.0	5446.0	4811.0	4375.0	3809.0	3481.0	3285.0	7513.0	22149.0
Sin-CPnd_062-Ex1-11D-lcwgs-1-2.clmp.r2	615.0	2769.0	4817.0	6767.0	8685.0	10136.0	10574.0	10858.0	11036.0	10977.0	10547.0	9892.0	9142.0	8345.0	7699.0	6857.0	6201.0	5422.0	4809.0	4386.0	3791.0	3493.0	3407.0	8945.0	20870.0
Sin-CPnd_063-Ex1-9F-lcwgs-1-2.clmp.r1	948.0	4249.0	6509.0	8611.0	10186.0	11211.0	11537.0	11561.0	11195.0	10484.0	9594.0	8762.0	7880.0	6764.0	5967.0	5218.0	4524.0	3807.0	3392.0	2900.0	2653.0	2214.0	2016.0	3821.0	10370.0
Sin-CPnd_063-Ex1-9F-lcwgs-1-2.clmp.r2	955.0	4243.0	6501.0	8626.0	10159.0	11205.0	11554.0	11548.0	11175.0	10488.0	9571.0	8750.0	7856.0	6743.0	5954.0	5193.0	4509.0	3805.0	3389.0	2890.0	2658.0	2227.0	2072.0	4570.0	9732.0
Sin-CPnd_065-Ex1-11B-lcwgs-1-2.clmp.r1	822.0	3676.0	6162.0	8314.0	10100.0	11013.0	11389.0	11665.0	11423.0	11240.0	10655.0	10130.0	9281.0	8374.0	7283.0	6838.0	6013.0	5374.0	4916.0	4289.0	3841.0	3559.0	3160.0	7114.0	20099.0
Sin-CPnd_065-Ex1-11B-lcwgs-1-2.clmp.r2	812.0	3698.0	6149.0	8319.0	10083.0	10985.0	11399.0	11687.0	11371.0	11219.0	10667.0	10132.0	9222.0	8335.0	7282.0	6826.0	5979.0	5334.0	4915.0	4306.0	3859.0	3614.0	3281.0	8378.0	18878.0
Sin-CPnd_067-Ex1-9C-lcwgs-1-2.clmp.r1	835.0	3647.0	5637.0	7532.0	8961.0	9721.0	10042.0	9949.0	9656.0	9183.0	8611.0	7774.0	7116.0	6171.0	5601.0	4836.0	4104.0	3751.0	3229.0	2806.0	2396.0	2271.0	1967.0	3846.0	11007.0
Sin-CPnd_067-Ex1-9C-lcwgs-1-2.clmp.r2	835.0	3639.0	5619.0	7524.0	8977.0	9726.0	10024.0	9942.0	9655.0	9150.0	8605.0	7751.0	7095.0	6173.0	5581.0	4805.0	4105.0	3730.0	3207.0	2798.0	2409.0	2269.0	2032.0	4779.0	10219.0
Sin-CPnd_074-Ex1-12A-lcwgs-1-2.clmp.r1	644.0	2636.0	4173.0	5717.0	7137.0	8057.0	8330.0	8376.0	8195.0	7741.0	7282.0	6724.0	6277.0	5660.0	5322.0	4749.0	4230.0	3757.0	3338.0	2977.0	2671.0	2524.0	2455.0	5812.0	20571.0
Sin-CPnd_074-Ex1-12A-lcwgs-1-2.clmp.r2	647.0	2631.0	4172.0	5719.0	7169.0	8068.0	8297.0	8337.0	8184.0	7733.0	7257.0	6703.0	6271.0	5654.0	5306.0	4726.0	4236.0	3744.0	3330.0	2990.0	2705.0	2540.0	2568.0	7528.0	18840.0
Sin-CPnd_075-Ex1-11G-lcwgs-1-2.clmp.r1	876.0	4116.0	6567.0	9487.0	11229.0	13139.0	13958.0	14233.0	14041.0	13771.0	13361.0	12644.0	11283.0	10332.0	9186.0	8175.0	7104.0	6296.0	5412.0	4747.0	4170.0	3773.0	3408.0	7459.0	19803.0
Sin-CPnd_075-Ex1-11G-lcwgs-1-2.clmp.r2	867.0	4104.0	6567.0	9481.0	11245.0	13129.0	13929.0	14222.0	14051.0	13761.0	13352.0	12603.0	11238.0	10341.0	9129.0	8133.0	7079.0	6275.0	5415.0	4747.0	4174.0	3870.0	3508.0	8625.0	18725.0
Sin-CPnd_076-Ex1-10E-lcwgs-1-2.clmp.r1	780.0	3617.0	5860.0	8193.0	10270.0	11888.0	12732.0	13555.0	13560.0	13611.0	13384.0	13080.0	12246.0	11726.0	10978.0	10190.0	9441.0	8590.0	7840.0	7028.0	6392.0	5988.0	5425.0	10360.0	30094.0
Sin-CPnd_076-Ex1-10E-lcwgs-1-2.clmp.r2	777.0	3622.0	5855.0	8196.0	10269.0	11863.0	12733.0	13559.0	13546.0	13583.0	13366.0	13070.0	12207.0	11689.0	10976.0	10180.0	9399.0	8549.0	7837.0	7029.0	6395.0	6021.0	5544.0	12682.0	27881.0
Sin-CPnd_079-Ex1-9H-lcwgs-1-2.clmp.r1	957.0	4220.0	6467.0	8806.0	10149.0	11099.0	11410.0	11437.0	11089.0	10546.0	9890.0	9138.0	8225.0	7277.0	6361.0	5705.0	4828.0	4090.0	3608.0	3156.0	2655.0	2301.0	2047.0	3851.0	10054.0
Sin-CPnd_079-Ex1-9H-lcwgs-1-2.clmp.r2	958.0	4235.0	6461.0	8775.0	10135.0	11098.0	11420.0	11455.0	11049.0	10532.0	9876.0	9145.0	8204.0	7242.0	6329.0	5686.0	4814.0	4072.0	3602.0	3154.0	2653.0	2349.0	2101.0	4611.0	9410.0
Sin-CPnd_080-Ex1-2E-lcwgs-1-2.clmp.r1	20.0	102.0	160.0	225.0	248.0	272.0	310.0	297.0	319.0	329.0	329.0	350.0	331.0	311.0	339.0	328.0	300.0	340.0	266.0	288.0	292.0	281.0	268.0	693.0	2634.0
Sin-CPnd_080-Ex1-2E-lcwgs-1-2.clmp.r2	20.0	102.0	162.0	224.0	248.0	273.0	308.0	299.0	324.0	327.0	324.0	352.0	333.0	313.0	332.0	324.0	298.0	347.0	264.0	284.0	295.0	291.0	288.0	927.0	2373.0
Sin-CPnd_081-Ex1-10G-lcwgs-1-2.clmp.r1	867.0	3896.0	6132.0	8433.0	10321.0	11664.0	12373.0	12850.0	12702.0	12898.0	12242.0	11582.0	10913.0	10407.0	9520.0	8783.0	7980.0	7292.0	6659.0	6015.0	5590.0	5164.0	4858.0	10877.0	33130.0
Sin-CPnd_081-Ex1-10G-lcwgs-1-2.clmp.r2	869.0	3887.0	6117.0	8437.0	10323.0	11662.0	12371.0	12833.0	12692.0	12867.0	12217.0	11555.0	10887.0	10392.0	9477.0	8756.0	7969.0	7259.0	6641.0	6040.0	5567.0	5213.0	5003.0	13477.0	30637.0
Sin-CPnd_085-Ex1-4H-lcwgs-1-2.clmp.r1	266.0	856.0	1144.0	1521.0	1828.0	2093.0	2437.0	2845.0	3107.0	3536.0	3919.0	4289.0	4616.0	4960.0	5169.0	5384.0	5483.0	5656.0	5680.0	5516.0	5568.0	5475.0	5711.0	18995.0	68419.0
Sin-CPnd_085-Ex1-4H-lcwgs-1-2.clmp.r2	264.0	856.0	1143.0	1534.0	1831.0	2092.0	2421.0	2841.0	3106.0	3538.0	3920.0	4277.0	4600.0	4945.0	5138.0	5387.0	5458.0	5641.0	5678.0	5519.0	5585.0	5607.0	6006.0	24415.0	62671.0
Sin-CPnd_088-Ex1-2D-lcwgs-1-2.clmp.r1	52.0	258.0	463.0	487.0	567.0	566.0	468.0	497.0	409.0	352.0	354.0	295.0	227.0	217.0	162.0	162.0	137.0	115.0	107.0	105.0	83.0	52.0	63.0	119.0	351.0
Sin-CPnd_088-Ex1-2D-lcwgs-1-2.clmp.r2	52.0	259.0	461.0	485.0	568.0	569.0	469.0	496.0	410.0	350.0	354.0	295.0	227.0	217.0	160.0	160.0	137.0	117.0	106.0	104.0	82.0	56.0	64.0	140.0	330.0
Sin-CPnd_089-Ex1-9E-lcwgs-1-2.clmp.r1	928.0	4074.0	6487.0	8675.0	10023.0	11082.0	11581.0	11810.0	11464.0	11203.0	10788.0	10099.0	9565.0	8793.0	8122.0	7319.0	6762.0	6262.0	5683.0	5048.0	4645.0	4184.0	4025.0	8397.0	26205.0
Sin-CPnd_089-Ex1-9E-lcwgs-1-2.clmp.r2	931.0	4065.0	6473.0	8688.0	10017.0	11072.0	11573.0	11801.0	11458.0	11224.0	10758.0	10073.0	9510.0	8781.0	8103.0	7315.0	6749.0	6233.0	5666.0	5055.0	4678.0	4219.0	4145.0	10375.0	24262.0
Sin-CPnd_090-Ex1-12F-lcwgs-1-2.clmp.r1	994.0	4268.0	6782.0	9666.0	12230.0	14551.0	16601.0	18596.0	20063.0	21274.0	22238.0	23255.0	24022.0	24946.0	25491.0	25861.0	26614.0	26747.0	26989.0	27014.0	27387.0	28310.0	30704.0	116757.0	495526.0
Sin-CPnd_090-Ex1-12F-lcwgs-1-2.clmp.r2	996.0	4259.0	6757.0	9658.0	12236.0	14569.0	16572.0	18548.0	20040.0	21221.0	22235.0	23212.0	23954.0	24846.0	25420.0	25764.0	26557.0	26678.0	26976.0	27110.0	27561.0	29056.0	32799.0	158891.0	450971.0
Sin-CPnd_092-Ex1-11F-lcwgs-1-2.clmp.r1	749.0	3308.0	5468.0	7614.0	9118.0	10171.0	10667.0	10884.0	10696.0	10151.0	9588.0	8922.0	7801.0	7032.0	6338.0	5555.0	4941.0	4299.0	3685.0	3238.0	2949.0	2604.0	2353.0	5338.0	14888.0
Sin-CPnd_092-Ex1-11F-lcwgs-1-2.clmp.r2	748.0	3304.0	5471.0	7610.0	9109.0	10151.0	10682.0	10862.0	10679.0	10146.0	9567.0	8896.0	7786.0	7027.0	6297.0	5535.0	4918.0	4292.0	3690.0	3222.0	2936.0	2644.0	2428.0	6285.0	14072.0
Sin-CPnd_093-Ex1-10C-lcwgs-1-2.clmp.r1	666.0	3001.0	4690.0	6283.0	7537.0	8748.0	8914.0	9238.0	9156.0	8768.0	8852.0	8183.0	7679.0	7310.0	6732.0	6273.0	5729.0	5318.0	4769.0	4508.0	4143.0	3922.0	3866.0	9654.0	32914.0
Sin-CPnd_093-Ex1-10C-lcwgs-1-2.clmp.r2	665.0	2990.0	4690.0	6277.0	7517.0	8752.0	8912.0	9249.0	9148.0	8771.0	8816.0	8134.0	7696.0	7305.0	6714.0	6244.0	5718.0	5285.0	4766.0	4506.0	4173.0	3980.0	3972.0	12238.0	30335.0
Sin-CPnd_094-Ex1-3H-lcwgs-1-2.clmp.r1	227.0	953.0	1639.0	2398.0	3292.0	4480.0	5408.0	6876.0	8243.0	9482.0	10964.0	12513.0	13867.0	15469.0	16496.0	17373.0	18408.0	18791.0	19196.0	19218.0	19345.0	19541.0	19908.0	62824.0	223309.0
Sin-CPnd_094-Ex1-3H-lcwgs-1-2.clmp.r2	230.0	957.0	1634.0	2408.0	3285.0	4478.0	5421.0	6881.0	8229.0	9501.0	10946.0	12467.0	13823.0	15388.0	16451.0	17352.0	18347.0	18743.0	19202.0	19233.0	19411.0	19777.0	20817.0	79585.0	205654.0
Sin-CPnd_095-Ex1-2B-lcwgs-1-2.clmp.r1	518.0	2326.0	3519.0	4432.0	4809.0	5081.0	5281.0	5207.0	5080.0	4887.0	4673.0	4410.0	4223.0	4009.0	3873.0	3683.0	3266.0	3204.0	2957.0	2800.0	2456.0	2405.0	2263.0	4695.0	15357.0
Sin-CPnd_095-Ex1-2B-lcwgs-1-2.clmp.r2	523.0	2320.0	3505.0	4442.0	4812.0	5068.0	5277.0	5198.0	5063.0	4895.0	4663.0	4405.0	4223.0	3992.0	3863.0	3660.0	3269.0	3216.0	2937.0	2797.0	2442.0	2387.0	2369.0	5810.0	14278.0
Undetermined.clmp.r1	751015.0	3180043.0	4992338.0	6812374.0	8226839.0	9206356.0	9661200.0	9842808.0	9660080.0	9288895.0	8853078.0	8264509.0	7432453.0	6620398.0	5924673.0	5277132.0	4415580.0	3743832.0	3148611.0	2680131.0	2256538.0	1963231.0	1729458.0	3268269.0	6819731.0
Undetermined.clmp.r2	753659.0	3180925.0	4955448.0	6736909.0	8155986.0	9133811.0	9570624.0	9757224.0	9582027.0	9206309.0	8761908.0	8186533.0	7368561.0	6558884.0	5857576.0	5216543.0	4386560.0	3753078.0	3190846.0	2730375.0	2319628.0	2051286.0	1808017.0	3851325.0	6945530.0
