	20.0	21.0	22.0	23.0	24.0	25.0	26.0	27.0	28.0	29.0	30.0	31.0	32.0	33.0	34.0	35.0	36.0	37.0	38.0	39.0	40.0
Sin-APnd_001-Ex1-6G-lcwgs-1-2.clmp.r1	190.0	3664.0	15417.0	35614.0	66184.0	93470.0	122289.0	151704.0	196207.0	243662.0	316594.0	399362.0	547486.0	718872.0	1015342.0	1421267.0	2161776.0	3190807.0	6278363.0	23047215.0	23392703.0
	19.0	20.0	21.0	22.0	23.0	24.0	25.0	26.0	27.0	28.0	29.0	30.0	31.0	32.0	33.0	34.0	35.0	36.0	37.0	38.0	39.0	40.0
Sin-APnd_001-Ex1-6G-lcwgs-1-2.clmp.r2	204.0	10340.0	64761.0	131316.0	166844.0	214142.0	250688.0	279726.0	297847.0	344704.0	392538.0	472869.0	556208.0	721654.0	918832.0	1217039.0	1585407.0	2321902.0	3463831.0	6703210.0	21747073.0	21557053.0
	20.0	21.0	22.0	23.0	24.0	25.0	26.0	27.0	28.0	29.0	30.0	31.0	32.0	33.0	34.0	35.0	36.0	37.0	38.0	39.0	40.0
Sin-APnd_002-Ex1-3G-lcwgs-1-2.clmp.r1	30.0	751.0	3618.0	9712.0	19513.0	29091.0	39146.0	48755.0	63769.0	79600.0	104285.0	133094.0	183225.0	244415.0	357231.0	525189.0	845052.0	1322809.0	2787415.0	11297785.0	11863606.0
	19.0	20.0	21.0	22.0	23.0	24.0	25.0	26.0	27.0	28.0	29.0	30.0	31.0	32.0	33.0	34.0	35.0	36.0	37.0	38.0	39.0	40.0
Sin-APnd_002-Ex1-3G-lcwgs-1-2.clmp.r2	88.0	3404.0	20433.0	40680.0	51477.0	66596.0	78713.0	88609.0	94442.0	110659.0	127628.0	156575.0	186655.0	246937.0	324897.0	449348.0	608381.0	932210.0	1464260.0	2995140.0	10650197.0	11260762.0
	20.0	21.0	22.0	23.0	24.0	25.0	26.0	27.0	28.0	29.0	30.0	31.0	32.0	33.0	34.0	35.0	36.0	37.0	38.0	39.0	40.0
Sin-APnd_003-Ex1-3H-lcwgs-1-2.clmp.r1	80.0	2064.0	9997.0	26329.0	52837.0	79338.0	105246.0	130375.0	167037.0	205586.0	264395.0	335536.0	457563.0	604373.0	858895.0	1223587.0	1889165.0	2846538.0	5690458.0	21307052.0	22225947.0
	19.0	20.0	21.0	22.0	23.0	24.0	25.0	26.0	27.0	28.0	29.0	30.0	31.0	32.0	33.0	34.0	35.0	36.0	37.0	38.0	39.0	40.0
Sin-APnd_003-Ex1-3H-lcwgs-1-2.clmp.r2	215.0	9653.0	57177.0	106840.0	132560.0	170655.0	206264.0	233320.0	251206.0	291335.0	332300.0	404080.0	482322.0	635453.0	830881.0	1119149.0	1461435.0	2169408.0	3343866.0	6521497.0	20577933.0	19144849.0
	20.0	21.0	22.0	23.0	24.0	25.0	26.0	27.0	28.0	29.0	30.0	31.0	32.0	33.0	34.0	35.0	36.0	37.0	38.0	39.0	40.0
Sin-APnd_004-Ex1-4A-lcwgs-1-2.clmp.r1	43.0	1329.0	6515.0	17356.0	35562.0	52527.0	71452.0	88594.0	115817.0	142442.0	184918.0	233278.0	319955.0	419945.0	589959.0	824688.0	1258605.0	1858406.0	3622299.0	12430596.0	12958741.0
	19.0	20.0	21.0	22.0	23.0	24.0	25.0	26.0	27.0	28.0	29.0	30.0	31.0	32.0	33.0	34.0	35.0	36.0	37.0	38.0	39.0	40.0
Sin-APnd_004-Ex1-4A-lcwgs-1-2.clmp.r2	103.0	5291.0	31817.0	65681.0	85982.0	111954.0	132683.0	150714.0	161368.0	188712.0	215104.0	261165.0	308890.0	401372.0	511948.0	679925.0	886738.0	1298508.0	1937243.0	3700065.0	11560798.0	12536966.0
	20.0	21.0	22.0	23.0	24.0	25.0	26.0	27.0	28.0	29.0	30.0	31.0	32.0	33.0	34.0	35.0	36.0	37.0	38.0	39.0	40.0
Sin-APnd_005-Ex1-4B-lcwgs-1-2.clmp.r1	152.0	3505.0	14754.0	29342.0	47166.0	63823.0	82602.0	100366.0	130612.0	160825.0	211021.0	265488.0	365551.0	482217.0	690102.0	991286.0	1556753.0	2375376.0	4857356.0	18670575.0	20467552.0
	19.0	20.0	21.0	22.0	23.0	24.0	25.0	26.0	27.0	28.0	29.0	30.0	31.0	32.0	33.0	34.0	35.0	36.0	37.0	38.0	39.0	40.0
Sin-APnd_005-Ex1-4B-lcwgs-1-2.clmp.r2	155.0	6215.0	39178.0	79750.0	103072.0	132420.0	156455.0	175314.0	186402.0	218408.0	249321.0	301633.0	357841.0	468212.0	606546.0	820811.0	1096693.0	1651161.0	2530598.0	5055947.0	17194449.0	20135843.0
	20.0	21.0	22.0	23.0	24.0	25.0	26.0	27.0	28.0	29.0	30.0	31.0	32.0	33.0	34.0	35.0	36.0	37.0	38.0	39.0	40.0
Sin-APnd_006-Ex1-4C-lcwgs-1-2.clmp.r1	84.0	1646.0	8085.0	19827.0	38335.0	56009.0	75252.0	92524.0	119409.0	146658.0	188982.0	237128.0	319283.0	415252.0	579874.0	807929.0	1219606.0	1784996.0	3483875.0	13274061.0	15595690.0
	19.0	20.0	21.0	22.0	23.0	24.0	25.0	26.0	27.0	28.0	29.0	30.0	31.0	32.0	33.0	34.0	35.0	36.0	37.0	38.0	39.0	40.0
Sin-APnd_006-Ex1-4C-lcwgs-1-2.clmp.r2	136.0	6602.0	39880.0	76927.0	96619.0	123432.0	145288.0	162228.0	173996.0	202352.0	231531.0	278463.0	328012.0	422805.0	537876.0	706690.0	910991.0	1324699.0	1977801.0	3831915.0	13192796.0	13693466.0
	20.0	21.0	22.0	23.0	24.0	25.0	26.0	27.0	28.0	29.0	30.0	31.0	32.0	33.0	34.0	35.0	36.0	37.0	38.0	39.0	40.0
Sin-APnd_007-Ex1-4D-lcwgs-1-2.clmp.r1	52.0	1553.0	7417.0	18938.0	38081.0	56808.0	75949.0	94500.0	123381.0	151886.0	199471.0	253636.0	351282.0	470274.0	669884.0	943891.0	1471046.0	2247792.0	4587201.0	16965009.0	17430916.0
	19.0	20.0	21.0	22.0	23.0	24.0	25.0	26.0	27.0	28.0	29.0	30.0	31.0	32.0	33.0	34.0	35.0	36.0	37.0	38.0	39.0	40.0
Sin-APnd_007-Ex1-4D-lcwgs-1-2.clmp.r2	120.0	5644.0	33612.0	67119.0	87387.0	115245.0	137696.0	157132.0	168536.0	198702.0	229293.0	280529.0	334795.0	437798.0	565883.0	762739.0	1013234.0	1530030.0	2358928.0	4733986.0	15560379.0	17380180.0
	20.0	21.0	22.0	23.0	24.0	25.0	26.0	27.0	28.0	29.0	30.0	31.0	32.0	33.0	34.0	35.0	36.0	37.0	38.0	39.0	40.0
Sin-APnd_008-Ex1-4E-lcwgs-1-2.clmp.r1	85.0	2111.0	9655.0	24752.0	50043.0	74762.0	99051.0	122525.0	158823.0	194190.0	251436.0	316459.0	430245.0	564005.0	789156.0	1090541.0	1643988.0	2423919.0	4746600.0	16556132.0	16836330.0
	19.0	20.0	21.0	22.0	23.0	24.0	25.0	26.0	27.0	28.0	29.0	30.0	31.0	32.0	33.0	34.0	35.0	36.0	37.0	38.0	39.0	40.0
Sin-APnd_008-Ex1-4E-lcwgs-1-2.clmp.r2	182.0	7867.0	47040.0	92359.0	117783.0	153364.0	181757.0	206589.0	221610.0	258669.0	295082.0	355870.0	420992.0	547701.0	702607.0	928746.0	1202415.0	1758199.0	2629499.0	4995506.0	15411606.0	15849365.0
	20.0	21.0	22.0	23.0	24.0	25.0	26.0	27.0	28.0	29.0	30.0	31.0	32.0	33.0	34.0	35.0	36.0	37.0	38.0	39.0	40.0
Sin-APnd_009-Ex1-4F-lcwgs-1-2.clmp.r1	54.0	1263.0	6287.0	16368.0	33185.0	49407.0	65794.0	81569.0	105942.0	131678.0	169943.0	214365.0	293918.0	389534.0	551033.0	784599.0	1221834.0	1852937.0	3792474.0	14774769.0	15208277.0
	19.0	20.0	21.0	22.0	23.0	24.0	25.0	26.0	27.0	28.0	29.0	30.0	31.0	32.0	33.0	34.0	35.0	36.0	37.0	38.0	39.0	40.0
Sin-APnd_009-Ex1-4F-lcwgs-1-2.clmp.r2	103.0	4884.0	30656.0	61810.0	80833.0	103540.0	121348.0	138358.0	148001.0	172490.0	198606.0	240614.0	285719.0	373128.0	479006.0	646052.0	859898.0	1287815.0	1977239.0	3973154.0	13683302.0	14878674.0
	20.0	21.0	22.0	23.0	24.0	25.0	26.0	27.0	28.0	29.0	30.0	31.0	32.0	33.0	34.0	35.0	36.0	37.0	38.0	39.0	40.0
Sin-APnd_010-Ex1-4G-lcwgs-1-2.clmp.r1	77.0	2083.0	9592.0	23534.0	46516.0	68409.0	91381.0	113219.0	146526.0	180756.0	234015.0	296124.0	408211.0	541091.0	771673.0	1094888.0	1698864.0	2583780.0	5214306.0	18831195.0	17395046.0
	19.0	20.0	21.0	22.0	23.0	24.0	25.0	26.0	27.0	28.0	29.0	30.0	31.0	32.0	33.0	34.0	35.0	36.0	37.0	38.0	39.0	40.0
Sin-APnd_010-Ex1-4G-lcwgs-1-2.clmp.r2	132.0	7116.0	43654.0	85548.0	109009.0	139801.0	166980.0	189763.0	205056.0	240383.0	276031.0	335153.0	399288.0	525924.0	683857.0	919351.0	1210232.0	1805133.0	2762841.0	5409813.0	16947506.0	17288715.0
	20.0	21.0	22.0	23.0	24.0	25.0	26.0	27.0	28.0	29.0	30.0	31.0	32.0	33.0	34.0	35.0	36.0	37.0	38.0	39.0	40.0
Sin-APnd_011-Ex1-4H-lcwgs-1-2.clmp.r1	82.0	1941.0	9461.0	25186.0	49814.0	75463.0	101269.0	125190.0	162725.0	201814.0	260731.0	331434.0	452185.0	598595.0	850093.0	1205519.0	1864190.0	2803428.0	5635722.0	20214272.0	20265060.0
	19.0	20.0	21.0	22.0	23.0	24.0	25.0	26.0	27.0	28.0	29.0	30.0	31.0	32.0	33.0	34.0	35.0	36.0	37.0	38.0	39.0	40.0
Sin-APnd_011-Ex1-4H-lcwgs-1-2.clmp.r2	148.0	7859.0	48411.0	97606.0	126610.0	165284.0	195912.0	220507.0	234832.0	275933.0	315077.0	381954.0	451002.0	589521.0	768091.0	1023635.0	1342957.0	1991839.0	3014303.0	5815004.0	18368207.0	19799482.0
	20.0	21.0	22.0	23.0	24.0	25.0	26.0	27.0	28.0	29.0	30.0	31.0	32.0	33.0	34.0	35.0	36.0	37.0	38.0	39.0	40.0
Sin-APnd_012-Ex1-5A-lcwgs-1-2.clmp.r1	92.0	2385.0	10707.0	27693.0	56017.0	83700.0	112177.0	138492.0	178098.0	218422.0	280369.0	350723.0	474396.0	617275.0	861301.0	1193209.0	1779631.0	2576134.0	4880189.0	16846596.0	19173864.0
	19.0	20.0	21.0	22.0	23.0	24.0	25.0	26.0	27.0	28.0	29.0	30.0	31.0	32.0	33.0	34.0	35.0	36.0	37.0	38.0	39.0	40.0
Sin-APnd_012-Ex1-5A-lcwgs-1-2.clmp.r2	153.0	8777.0	53651.0	107269.0	136602.0	177886.0	212400.0	242038.0	260709.0	304093.0	346943.0	417973.0	492111.0	638932.0	813313.0	1060994.0	1360000.0	1954997.0	2878505.0	5470253.0	16710167.0	16213704.0
	20.0	21.0	22.0	23.0	24.0	25.0	26.0	27.0	28.0	29.0	30.0	31.0	32.0	33.0	34.0	35.0	36.0	37.0	38.0	39.0	40.0
Sin-APnd_013-Ex1-5B-lcwgs-1-2.clmp.r1	110.0	2469.0	10307.0	22733.0	41311.0	58461.0	77228.0	93978.0	122491.0	152845.0	197515.0	249827.0	341816.0	450211.0	637315.0	889798.0	1365624.0	2030990.0	4026981.0	14990580.0	17303934.0
	19.0	20.0	21.0	22.0	23.0	24.0	25.0	26.0	27.0	28.0	29.0	30.0	31.0	32.0	33.0	34.0	35.0	36.0	37.0	38.0	39.0	40.0
Sin-APnd_013-Ex1-5B-lcwgs-1-2.clmp.r2	92.0	5403.0	35543.0	75123.0	99764.0	128126.0	147517.0	165485.0	175794.0	207615.0	238734.0	288804.0	340361.0	440517.0	557274.0	743345.0	978363.0	1445143.0	2169480.0	4281107.0	14224386.0	16318548.0
	20.0	21.0	22.0	23.0	24.0	25.0	26.0	27.0	28.0	29.0	30.0	31.0	32.0	33.0	34.0	35.0	36.0	37.0	38.0	39.0	40.0
Sin-APnd_014-Ex1-5C-lcwgs-1-2.clmp.r1	73.0	1625.0	7147.0	16821.0	32060.0	46154.0	61164.0	75039.0	99088.0	122202.0	160168.0	201894.0	275621.0	363387.0	514598.0	726034.0	1110914.0	1636268.0	3217379.0	12283537.0	15766504.0
	19.0	20.0	21.0	22.0	23.0	24.0	25.0	26.0	27.0	28.0	29.0	30.0	31.0	32.0	33.0	34.0	35.0	36.0	37.0	38.0	39.0	40.0
Sin-APnd_014-Ex1-5C-lcwgs-1-2.clmp.r2	96.0	4131.0	28052.0	62154.0	84751.0	108661.0	126603.0	139946.0	147265.0	172662.0	197889.0	238651.0	280249.0	363353.0	456663.0	607688.0	801393.0	1180880.0	1754848.0	3477477.0	12168994.0	14315271.0
	20.0	21.0	22.0	23.0	24.0	25.0	26.0	27.0	28.0	29.0	30.0	31.0	32.0	33.0	34.0	35.0	36.0	37.0	38.0	39.0	40.0
Sin-APnd_015-Ex1-5D-lcwgs-1-2.clmp.r1	77.0	1445.0	6714.0	17207.0	34553.0	51145.0	67821.0	83585.0	108835.0	134533.0	173612.0	218583.0	295493.0	386113.0	539764.0	756427.0	1143916.0	1670575.0	3231972.0	12156217.0	15083671.0
	19.0	20.0	21.0	22.0	23.0	24.0	25.0	26.0	27.0	28.0	29.0	30.0	31.0	32.0	33.0	34.0	35.0	36.0	37.0	38.0	39.0	40.0
Sin-APnd_015-Ex1-5D-lcwgs-1-2.clmp.r2	98.0	4693.0	31131.0	64632.0	84304.0	108613.0	126562.0	141489.0	150210.0	174939.0	200331.0	242650.0	284953.0	369087.0	467378.0	622133.0	815691.0	1194234.0	1777262.0	3506689.0	12274820.0	13520359.0
	20.0	21.0	22.0	23.0	24.0	25.0	26.0	27.0	28.0	29.0	30.0	31.0	32.0	33.0	34.0	35.0	36.0	37.0	38.0	39.0	40.0
Sin-APnd_016-Ex1-5E-lcwgs-1-2.clmp.r1	80.0	1623.0	6949.0	17986.0	35198.0	52110.0	69165.0	85854.0	112477.0	139432.0	181670.0	230083.0	315510.0	414389.0	584125.0	816994.0	1240868.0	1823144.0	3580400.0	13276368.0	16885098.0
	19.0	20.0	21.0	22.0	23.0	24.0	25.0	26.0	27.0	28.0	29.0	30.0	31.0	32.0	33.0	34.0	35.0	36.0	37.0	38.0	39.0	40.0
Sin-APnd_016-Ex1-5E-lcwgs-1-2.clmp.r2	105.0	4401.0	29022.0	64923.0	87782.0	115044.0	132666.0	147254.0	155977.0	183579.0	210704.0	255580.0	300434.0	389281.0	490314.0	655669.0	860315.0	1269687.0	1884821.0	3726619.0	12998885.0	15906461.0
	20.0	21.0	22.0	23.0	24.0	25.0	26.0	27.0	28.0	29.0	30.0	31.0	32.0	33.0	34.0	35.0	36.0	37.0	38.0	39.0	40.0
Sin-APnd_017-Ex1-5F-lcwgs-1-2.clmp.r1	59.0	1287.0	6136.0	15199.0	29692.0	43301.0	57600.0	71203.0	92471.0	114719.0	149854.0	188500.0	257275.0	336992.0	476631.0	667722.0	1017573.0	1494372.0	2944213.0	11270460.0	14111840.0
	19.0	20.0	21.0	22.0	23.0	24.0	25.0	26.0	27.0	28.0	29.0	30.0	31.0	32.0	33.0	34.0	35.0	36.0	37.0	38.0	39.0	40.0
Sin-APnd_017-Ex1-5F-lcwgs-1-2.clmp.r2	85.0	3861.0	25051.0	54255.0	73161.0	95340.0	111051.0	124725.0	130726.0	153174.0	175217.0	212393.0	251192.0	327756.0	415248.0	554248.0	730757.0	1077308.0	1609452.0	3183785.0	11111711.0	12926603.0
	20.0	21.0	22.0	23.0	24.0	25.0	26.0	27.0	28.0	29.0	30.0	31.0	32.0	33.0	34.0	35.0	36.0	37.0	38.0	39.0	40.0
Sin-APnd_018-Ex1-5G-lcwgs-1-2.clmp.r1	65.0	1382.0	6335.0	14508.0	27558.0	39722.0	53010.0	65517.0	85284.0	105865.0	137992.0	175596.0	240869.0	319846.0	454053.0	645323.0	1004067.0	1515604.0	3080086.0	12162722.0	14208842.0
	19.0	20.0	21.0	22.0	23.0	24.0	25.0	26.0	27.0	28.0	29.0	30.0	31.0	32.0	33.0	34.0	35.0	36.0	37.0	38.0	39.0	40.0
Sin-APnd_018-Ex1-5G-lcwgs-1-2.clmp.r2	82.0	3540.0	23036.0	48854.0	65288.0	84589.0	98632.0	110722.0	117618.0	138580.0	160090.0	193677.0	231435.0	300293.0	384851.0	519957.0	694973.0	1045511.0	1594647.0	3232374.0	11655515.0	13639982.0
	20.0	21.0	22.0	23.0	24.0	25.0	26.0	27.0	28.0	29.0	30.0	31.0	32.0	33.0	34.0	35.0	36.0	37.0	38.0	39.0	40.0
Sin-APnd_019-Ex1-5H-lcwgs-1-2.clmp.r1	74.0	1755.0	8497.0	21423.0	43280.0	63843.0	85172.0	105107.0	135118.0	166199.0	214545.0	268711.0	363496.0	474299.0	660307.0	913989.0	1374919.0	1992922.0	3836508.0	14101262.0	16677905.0
	19.0	20.0	21.0	22.0	23.0	24.0	25.0	26.0	27.0	28.0	29.0	30.0	31.0	32.0	33.0	34.0	35.0	36.0	37.0	38.0	39.0	40.0
Sin-APnd_019-Ex1-5H-lcwgs-1-2.clmp.r2	131.0	5666.0	38139.0	79586.0	103460.0	134865.0	159066.0	178749.0	190962.0	222503.0	253736.0	306207.0	358707.0	460178.0	579132.0	763949.0	994214.0	1440465.0	2131149.0	4152035.0	13952688.0	15003744.0
	20.0	21.0	22.0	23.0	24.0	25.0	26.0	27.0	28.0	29.0	30.0	31.0	32.0	33.0	34.0	35.0	36.0	37.0	38.0	39.0	40.0
Sin-APnd_020-Ex1-6A-lcwgs-1-2.clmp.r1	97.0	2364.0	10905.0	27049.0	52270.0	75527.0	100466.0	124655.0	163921.0	203843.0	264919.0	336695.0	458548.0	596887.0	839129.0	1163412.0	1743601.0	2496194.0	4682732.0	15959943.0	17855198.0
	19.0	20.0	21.0	22.0	23.0	24.0	25.0	26.0	27.0	28.0	29.0	30.0	31.0	32.0	33.0	34.0	35.0	36.0	37.0	38.0	39.0	40.0
Sin-APnd_020-Ex1-6A-lcwgs-1-2.clmp.r2	160.0	7307.0	49016.0	106348.0	140148.0	181011.0	210639.0	233602.0	246504.0	283145.0	322616.0	390206.0	453850.0	584700.0	732257.0	964814.0	1242612.0	1779900.0	2573289.0	4864997.0	15528953.0	16262281.0
	20.0	21.0	22.0	23.0	24.0	25.0	26.0	27.0	28.0	29.0	30.0	31.0	32.0	33.0	34.0	35.0	36.0	37.0	38.0	39.0	40.0
Sin-APnd_021-Ex1-6B-lcwgs-1-2.clmp.r1	131.0	3169.0	13472.0	26995.0	44854.0	60797.0	78333.0	95694.0	123164.0	152764.0	197329.0	248182.0	338423.0	443211.0	621770.0	868932.0	1316458.0	1944737.0	3764186.0	13078716.0	12706224.0
	19.0	20.0	21.0	22.0	23.0	24.0	25.0	26.0	27.0	28.0	29.0	30.0	31.0	32.0	33.0	34.0	35.0	36.0	37.0	38.0	39.0	40.0
Sin-APnd_021-Ex1-6B-lcwgs-1-2.clmp.r2	114.0	6571.0	41816.0	81305.0	102910.0	131125.0	154535.0	173794.0	185329.0	214731.0	242995.0	292906.0	345792.0	449873.0	573853.0	755674.0	974112.0	1420222.0	2117597.0	4019831.0	12040661.0	11801795.0
	20.0	21.0	22.0	23.0	24.0	25.0	26.0	27.0	28.0	29.0	30.0	31.0	32.0	33.0	34.0	35.0	36.0	37.0	38.0	39.0	40.0
Sin-APnd_022-Ex1-6C-lcwgs-1-2.clmp.r1	39.0	925.0	4067.0	8713.0	15477.0	22092.0	28662.0	35024.0	45874.0	56957.0	74101.0	94286.0	128917.0	171165.0	244325.0	345172.0	535125.0	805719.0	1624176.0	6007948.0	6029258.0
	19.0	20.0	21.0	22.0	23.0	24.0	25.0	26.0	27.0	28.0	29.0	30.0	31.0	32.0	33.0	34.0	35.0	36.0	37.0	38.0	39.0	40.0
Sin-APnd_022-Ex1-6C-lcwgs-1-2.clmp.r2	41.0	2531.0	15292.0	30877.0	39535.0	51174.0	60077.0	67094.0	70905.0	82917.0	94088.0	113331.0	134414.0	175567.0	225238.0	301541.0	394527.0	587288.0	888881.0	1725224.0	5510854.0	5706626.0
	20.0	21.0	22.0	23.0	24.0	25.0	26.0	27.0	28.0	29.0	30.0	31.0	32.0	33.0	34.0	35.0	36.0	37.0	38.0	39.0	40.0
Sin-APnd_023-Ex1-6D-lcwgs-1-2.clmp.r1	84.0	2201.0	9892.0	23728.0	46527.0	67186.0	88691.0	109242.0	140506.0	172785.0	220148.0	275912.0	369419.0	475083.0	650817.0	878969.0	1272316.0	1758538.0	3159002.0	10381078.0	12250477.0
	19.0	20.0	21.0	22.0	23.0	24.0	25.0	26.0	27.0	28.0	29.0	30.0	31.0	32.0	33.0	34.0	35.0	36.0	37.0	38.0	39.0	40.0
Sin-APnd_023-Ex1-6D-lcwgs-1-2.clmp.r2	125.0	7239.0	48220.0	92116.0	114447.0	145950.0	171710.0	192342.0	204974.0	235488.0	264415.0	315412.0	367682.0	469391.0	584733.0	751809.0	948249.0	1326214.0	1890982.0	3446490.0	10728447.0	10046166.0
	20.0	21.0	22.0	23.0	24.0	25.0	26.0	27.0	28.0	29.0	30.0	31.0	32.0	33.0	34.0	35.0	36.0	37.0	38.0	39.0	40.0
Sin-APnd_024-Ex1-6E-lcwgs-1-2.clmp.r1	37.0	738.0	3191.0	7412.0	14256.0	20769.0	27378.0	33924.0	44453.0	54374.0	70550.0	89452.0	122969.0	162471.0	230439.0	325889.0	505415.0	761579.0	1538657.0	5861429.0	6095574.0
	19.0	20.0	21.0	22.0	23.0	24.0	25.0	26.0	27.0	28.0	29.0	30.0	31.0	32.0	33.0	34.0	35.0	36.0	37.0	38.0	39.0	40.0
Sin-APnd_024-Ex1-6E-lcwgs-1-2.clmp.r2	44.0	2177.0	14232.0	28386.0	36055.0	46041.0	53949.0	60254.0	63704.0	73954.0	83711.0	101789.0	120858.0	156637.0	201598.0	271014.0	357927.0	535350.0	813020.0	1616905.0	5506317.0	5827034.0
	20.0	21.0	22.0	23.0	24.0	25.0	26.0	27.0	28.0	29.0	30.0	31.0	32.0	33.0	34.0	35.0	36.0	37.0	38.0	39.0	40.0
Sin-APnd_025-Ex1-6F-lcwgs-1-2.clmp.r1	57.0	1227.0	5302.0	12523.0	24000.0	35076.0	45737.0	56380.0	73336.0	91143.0	118224.0	150787.0	207319.0	275470.0	395551.0	569221.0	891268.0	1362416.0	2801038.0	11353666.0	12261965.0
	19.0	20.0	21.0	22.0	23.0	24.0	25.0	26.0	27.0	28.0	29.0	30.0	31.0	32.0	33.0	34.0	35.0	36.0	37.0	38.0	39.0	40.0
Sin-APnd_025-Ex1-6F-lcwgs-1-2.clmp.r2	68.0	3504.0	22844.0	47371.0	61482.0	79344.0	92846.0	103453.0	108744.0	125771.0	144209.0	174894.0	207094.0	269912.0	346869.0	470792.0	630910.0	953678.0	1467716.0	2988671.0	10697315.0	11734219.0
	23.0	24.0	25.0	26.0	27.0	28.0	29.0	30.0	31.0	32.0	33.0	34.0	35.0	36.0	37.0	38.0	39.0	40.0
Sin-CPnd_013-Ex1-4E-lcwgs-1-2.clmp.r1	2.0	3.0	5.0	5.0	7.0	10.0	10.0	15.0	19.0	27.0	56.0	55.0	118.0	192.0	356.0	703.0	1802.0	1063.0
	20.0	21.0	22.0	23.0	24.0	25.0	26.0	27.0	28.0	29.0	30.0	31.0	32.0	33.0	34.0	35.0	36.0	37.0	38.0	39.0	40.0
Sin-CPnd_013-Ex1-4E-lcwgs-1-2.clmp.r2	2.0	12.0	10.0	7.0	7.0	12.0	18.0	15.0	20.0	22.0	30.0	54.0	85.0	107.0	166.0	242.0	304.0	450.0	652.0	1224.0	1009.0
	23.0	24.0	25.0	26.0	27.0	28.0	29.0	30.0	31.0	32.0	33.0	34.0	35.0	36.0	37.0	38.0	39.0	40.0
Sin-CPnd_015-Ex1-4A-lcwgs-1-2.clmp.r1	3.0	7.0	11.0	11.0	14.0	16.0	27.0	30.0	36.0	80.0	103.0	156.0	268.0	434.0	676.0	1519.0	4154.0	2896.0
	20.0	21.0	22.0	23.0	24.0	25.0	26.0	27.0	28.0	29.0	30.0	31.0	32.0	33.0	34.0	35.0	36.0	37.0	38.0	39.0	40.0
Sin-CPnd_015-Ex1-4A-lcwgs-1-2.clmp.r2	3.0	15.0	12.0	13.0	21.0	27.0	30.0	37.0	47.0	49.0	88.0	92.0	130.0	214.0	312.0	443.0	638.0	907.0	1447.0	3160.0	2756.0
	21.0	22.0	23.0	24.0	25.0	26.0	27.0	28.0	29.0	30.0	31.0	32.0	33.0	34.0	35.0	36.0	37.0	38.0	39.0	40.0
Sin-CPnd_018-Ex1-11A-lcwgs-1-2.clmp.r1	6.0	15.0	51.0	100.0	158.0	187.0	247.0	342.0	429.0	577.0	685.0	1031.0	1446.0	2373.0	3880.0	6613.0	10603.0	22532.0	69812.0	57057.0
	20.0	21.0	22.0	23.0	24.0	25.0	26.0	27.0	28.0	29.0	30.0	31.0	32.0	33.0	34.0	35.0	36.0	37.0	38.0	39.0	40.0
Sin-CPnd_018-Ex1-11A-lcwgs-1-2.clmp.r2	36.0	148.0	220.0	245.0	335.0	411.0	481.0	566.0	640.0	831.0	1037.0	1279.0	1901.0	2893.0	4229.0	5709.0	8613.0	13210.0	22294.0	57555.0	55511.0
	21.0	22.0	23.0	24.0	25.0	26.0	27.0	28.0	29.0	30.0	31.0	32.0	33.0	34.0	35.0	36.0	37.0	38.0	39.0	40.0
Sin-CPnd_019-Ex1-1H-lcwgs-1-2.clmp.r1	4.0	7.0	15.0	26.0	30.0	46.0	76.0	83.0	101.0	133.0	196.0	278.0	371.0	593.0	896.0	1552.0	2596.0	6111.0	21889.0	16444.0
	20.0	21.0	22.0	23.0	24.0	25.0	26.0	27.0	28.0	29.0	30.0	31.0	32.0	33.0	34.0	35.0	36.0	37.0	38.0	39.0	40.0
Sin-CPnd_019-Ex1-1H-lcwgs-1-2.clmp.r2	11.0	30.0	56.0	64.0	112.0	120.0	155.0	133.0	180.0	206.0	247.0	361.0	497.0	784.0	1062.0	1510.0	2385.0	3598.0	6697.0	18205.0	15034.0
	20.0	21.0	22.0	23.0	24.0	25.0	26.0	27.0	28.0	29.0	30.0	31.0	32.0	33.0	34.0	35.0	36.0	37.0	38.0	39.0	40.0
Sin-CPnd_020-Ex1-12E-lcwgs-1-2.clmp.r1	1.0	9.0	35.0	70.0	132.0	203.0	275.0	324.0	410.0	584.0	715.0	944.0	1299.0	1880.0	2819.0	4363.0	6951.0	11773.0	25899.0	86805.0	69891.0
	20.0	21.0	22.0	23.0	24.0	25.0	26.0	27.0	28.0	29.0	30.0	31.0	32.0	33.0	34.0	35.0	36.0	37.0	38.0	39.0	40.0
Sin-CPnd_020-Ex1-12E-lcwgs-1-2.clmp.r2	41.0	194.0	296.0	386.0	463.0	578.0	612.0	672.0	818.0	977.0	1234.0	1595.0	2356.0	3585.0	4916.0	6465.0	10050.0	15713.0	28133.0	69934.0	66364.0
	23.0	24.0	25.0	26.0	27.0	28.0	29.0	30.0	31.0	32.0	33.0	34.0	35.0	36.0	37.0	38.0	39.0	40.0
Sin-CPnd_021-Ex1-3D-lcwgs-1-2.clmp.r1	2.0	4.0	6.0	6.0	7.0	13.0	7.0	16.0	31.0	38.0	53.0	97.0	150.0	251.0	455.0	953.0	3503.0	3223.0
	20.0	21.0	22.0	23.0	24.0	25.0	26.0	27.0	28.0	29.0	30.0	31.0	32.0	33.0	34.0	35.0	36.0	37.0	38.0	39.0	40.0
Sin-CPnd_021-Ex1-3D-lcwgs-1-2.clmp.r2	2.0	6.0	5.0	11.0	9.0	17.0	21.0	17.0	24.0	16.0	39.0	48.0	72.0	121.0	167.0	218.0	330.0	509.0	889.0	2954.0	3340.0
	21.0	22.0	23.0	24.0	25.0	26.0	27.0	28.0	29.0	30.0	31.0	32.0	33.0	34.0	35.0	36.0	37.0	38.0	39.0	40.0
Sin-CPnd_022-Ex1-1D-lcwgs-1-2.clmp.r1	1.0	5.0	20.0	22.0	30.0	52.0	46.0	99.0	90.0	123.0	187.0	288.0	441.0	711.0	1251.0	2168.0	3638.0	7025.0	14388.0	6733.0
	20.0	21.0	22.0	23.0	24.0	25.0	26.0	27.0	28.0	29.0	30.0	31.0	32.0	33.0	34.0	35.0	36.0	37.0	38.0	39.0	40.0
Sin-CPnd_022-Ex1-1D-lcwgs-1-2.clmp.r2	7.0	52.0	68.0	85.0	100.0	131.0	144.0	192.0	233.0	244.0	330.0	478.0	851.0	1343.0	1745.0	2258.0	3479.0	4756.0	6248.0	8809.0	5765.0
	21.0	22.0	23.0	24.0	25.0	26.0	27.0	28.0	29.0	30.0	31.0	32.0	33.0	34.0	35.0	36.0	37.0	38.0	39.0	40.0
Sin-CPnd_023-Ex1-12B-lcwgs-1-2.clmp.r1	22.0	49.0	98.0	137.0	178.0	230.0	271.0	344.0	411.0	551.0	726.0	1057.0	1406.0	2170.0	3383.0	5672.0	9165.0	19784.0	67122.0	58902.0
	20.0	21.0	22.0	23.0	24.0	25.0	26.0	27.0	28.0	29.0	30.0	31.0	32.0	33.0	34.0	35.0	36.0	37.0	38.0	39.0	40.0
Sin-CPnd_023-Ex1-12B-lcwgs-1-2.clmp.r2	27.0	144.0	237.0	281.0	346.0	406.0	450.0	495.0	636.0	747.0	889.0	1174.0	1810.0	2641.0	3639.0	4769.0	7275.0	11298.0	20688.0	55888.0	57838.0
	20.0	21.0	22.0	23.0	24.0	25.0	26.0	27.0	28.0	29.0	30.0	31.0	32.0	33.0	34.0	35.0	36.0	37.0	38.0	39.0	40.0
Sin-CPnd_024-Ex1-12C-lcwgs-1-2.clmp.r1	1.0	3.0	20.0	42.0	77.0	96.0	134.0	187.0	242.0	300.0	414.0	484.0	716.0	994.0	1627.0	2349.0	3943.0	6606.0	14092.0	49347.0	45287.0
	20.0	21.0	22.0	23.0	24.0	25.0	26.0	27.0	28.0	29.0	30.0	31.0	32.0	33.0	34.0	35.0	36.0	37.0	38.0	39.0	40.0
Sin-CPnd_024-Ex1-12C-lcwgs-1-2.clmp.r2	18.0	94.0	171.0	200.0	247.0	299.0	358.0	366.0	460.0	542.0	667.0	863.0	1222.0	1821.0	2466.0	3409.0	5262.0	8038.0	14810.0	41354.0	44294.0
	22.0	23.0	24.0	25.0	26.0	27.0	28.0	29.0	30.0	31.0	32.0	33.0	34.0	35.0	36.0	37.0	38.0	39.0	40.0
Sin-CPnd_025-Ex1-3B-lcwgs-1-2.clmp.r1	3.0	1.0	5.0	18.0	18.0	20.0	27.0	33.0	56.0	56.0	115.0	150.0	239.0	403.0	732.0	1177.0	2480.0	6759.0	4773.0
	20.0	21.0	22.0	23.0	24.0	25.0	26.0	27.0	28.0	29.0	30.0	31.0	32.0	33.0	34.0	35.0	36.0	37.0	38.0	39.0	40.0
Sin-CPnd_025-Ex1-3B-lcwgs-1-2.clmp.r2	2.0	20.0	26.0	17.0	35.0	41.0	44.0	62.0	69.0	81.0	122.0	160.0	246.0	379.0	516.0	699.0	1049.0	1583.0	2306.0	4949.0	4659.0
	21.0	22.0	23.0	24.0	25.0	26.0	27.0	28.0	29.0	30.0	31.0	32.0	33.0	34.0	35.0	36.0	37.0	38.0	39.0	40.0
Sin-CPnd_028-Ex1-12H-lcwgs-1-2.clmp.r1	10.0	46.0	79.0	171.0	252.0	354.0	454.0	584.0	722.0	961.0	1218.0	1810.0	2539.0	3965.0	6170.0	10303.0	16939.0	36913.0	99820.0	69144.0
	20.0	21.0	22.0	23.0	24.0	25.0	26.0	27.0	28.0	29.0	30.0	31.0	32.0	33.0	34.0	35.0	36.0	37.0	38.0	39.0	40.0
Sin-CPnd_028-Ex1-12H-lcwgs-1-2.clmp.r2	50.0	274.0	372.0	461.0	618.0	687.0	901.0	915.0	1132.0	1382.0	1818.0	2520.0	3800.0	5779.0	7769.0	10063.0	15432.0	23280.0	36989.0	72355.0	65857.0
	22.0	23.0	24.0	25.0	26.0	27.0	28.0	29.0	30.0	31.0	32.0	33.0	34.0	35.0	36.0	37.0	38.0	39.0	40.0
Sin-CPnd_029-Ex1-4D-lcwgs-1-2.clmp.r1	1.0	1.0	7.0	2.0	8.0	16.0	13.0	17.0	29.0	30.0	55.0	81.0	88.0	169.0	293.0	523.0	1181.0	4156.0	3877.0
	21.0	22.0	23.0	24.0	25.0	26.0	27.0	28.0	29.0	30.0	31.0	32.0	33.0	34.0	35.0	36.0	37.0	38.0	39.0	40.0
Sin-CPnd_029-Ex1-4D-lcwgs-1-2.clmp.r2	8.0	5.0	14.0	18.0	27.0	24.0	25.0	32.0	37.0	45.0	57.0	96.0	128.0	179.0	247.0	385.0	607.0	1138.0	3359.0	4116.0
	23.0	24.0	25.0	26.0	27.0	28.0	29.0	30.0	31.0	32.0	33.0	34.0	35.0	36.0	37.0	38.0	39.0	40.0
Sin-CPnd_031-Ex1-3G-lcwgs-1-2.clmp.r1	2.0	8.0	7.0	13.0	8.0	17.0	22.0	34.0	48.0	62.0	102.0	155.0	269.0	518.0	856.0	1665.0	4592.0	2885.0
	20.0	21.0	22.0	23.0	24.0	25.0	26.0	27.0	28.0	29.0	30.0	31.0	32.0	33.0	34.0	35.0	36.0	37.0	38.0	39.0	40.0
Sin-CPnd_031-Ex1-3G-lcwgs-1-2.clmp.r2	1.0	7.0	17.0	16.0	16.0	32.0	33.0	39.0	48.0	50.0	80.0	113.0	173.0	289.0	400.0	435.0	760.0	1157.0	1679.0	3172.0	2746.0
	22.0	23.0	24.0	25.0	26.0	27.0	28.0	29.0	30.0	31.0	32.0	33.0	34.0	35.0	36.0	37.0	38.0	39.0	40.0
Sin-CPnd_032-Ex1-3E-lcwgs-1-2.clmp.r1	4.0	1.0	12.0	20.0	34.0	28.0	58.0	62.0	75.0	98.0	131.0	239.0	346.0	511.0	1002.0	1676.0	3423.0	8209.0	4228.0
	19.0	20.0	21.0	22.0	23.0	24.0	25.0	26.0	27.0	28.0	29.0	30.0	31.0	32.0	33.0	34.0	35.0	36.0	37.0	38.0	39.0	40.0
Sin-CPnd_032-Ex1-3E-lcwgs-1-2.clmp.r2	1.0	8.0	18.0	28.0	47.0	45.0	68.0	81.0	76.0	113.0	122.0	164.0	245.0	410.0	585.0	761.0	1063.0	1592.0	2331.0	3303.0	5441.0	3655.0
	23.0	24.0	25.0	26.0	27.0	28.0	29.0	30.0	31.0	32.0	33.0	34.0	35.0	36.0	37.0	38.0	39.0	40.0
Sin-CPnd_033-Ex1-1B-lcwgs-1-2.clmp.r1	1.0	2.0	3.0	2.0	4.0	2.0	6.0	5.0	12.0	20.0	28.0	54.0	63.0	108.0	220.0	429.0	1575.0	1429.0
	20.0	21.0	22.0	23.0	24.0	25.0	26.0	27.0	28.0	29.0	30.0	31.0	32.0	33.0	34.0	35.0	36.0	37.0	38.0	39.0	40.0
Sin-CPnd_033-Ex1-1B-lcwgs-1-2.clmp.r2	1.0	2.0	6.0	2.0	6.0	5.0	13.0	11.0	9.0	12.0	20.0	25.0	38.0	52.0	62.0	96.0	156.0	225.0	413.0	1335.0	1474.0
	22.0	23.0	24.0	25.0	26.0	27.0	28.0	29.0	30.0	31.0	32.0	33.0	34.0	35.0	36.0	37.0	38.0	39.0	40.0
Sin-CPnd_034-Ex1-3C-lcwgs-1-2.clmp.r1	3.0	3.0	17.0	9.0	33.0	31.0	30.0	30.0	60.0	83.0	116.0	148.0	229.0	374.0	658.0	1195.0	2628.0	8150.0	5516.0
	20.0	21.0	22.0	23.0	24.0	25.0	26.0	27.0	28.0	29.0	30.0	31.0	32.0	33.0	34.0	35.0	36.0	37.0	38.0	39.0	40.0
Sin-CPnd_034-Ex1-3C-lcwgs-1-2.clmp.r2	4.0	14.0	35.0	22.0	47.0	50.0	60.0	52.0	69.0	79.0	108.0	154.0	233.0	375.0	513.0	656.0	1152.0	1607.0	2872.0	6367.0	4844.0
	21.0	22.0	23.0	24.0	25.0	26.0	27.0	28.0	29.0	30.0	31.0	32.0	33.0	34.0	35.0	36.0	37.0	38.0	39.0	40.0
Sin-CPnd_035-Ex1-12D-lcwgs-1-2.clmp.r1	6.0	38.0	73.0	162.0	233.0	327.0	352.0	464.0	586.0	765.0	1010.0	1469.0	2118.0	3135.0	4857.0	8397.0	13475.0	30376.0	89499.0	62720.0
	20.0	21.0	22.0	23.0	24.0	25.0	26.0	27.0	28.0	29.0	30.0	31.0	32.0	33.0	34.0	35.0	36.0	37.0	38.0	39.0	40.0
Sin-CPnd_035-Ex1-12D-lcwgs-1-2.clmp.r2	37.0	203.0	325.0	381.0	461.0	606.0	732.0	733.0	955.0	1128.0	1429.0	1972.0	2833.0	4497.0	6122.0	7817.0	12165.0	19138.0	32368.0	66605.0	59555.0
	21.0	22.0	23.0	24.0	25.0	26.0	27.0	28.0	29.0	30.0	31.0	32.0	33.0	34.0	35.0	36.0	37.0	38.0	39.0	40.0
Sin-CPnd_038-Ex1-11C-lcwgs-1-2.clmp.r1	4.0	17.0	43.0	87.0	171.0	183.0	235.0	333.0	406.0	560.0	778.0	1116.0	1660.0	2604.0	4253.0	7116.0	11950.0	24843.0	73318.0	57519.0
	19.0	20.0	21.0	22.0	23.0	24.0	25.0	26.0	27.0	28.0	29.0	30.0	31.0	32.0	33.0	34.0	35.0	36.0	37.0	38.0	39.0	40.0
Sin-CPnd_038-Ex1-11C-lcwgs-1-2.clmp.r2	2.0	44.0	164.0	257.0	264.0	398.0	484.0	553.0	615.0	796.0	875.0	1133.0	1556.0	2313.0	3653.0	4956.0	6671.0	9992.0	15305.0	24369.0	57297.0	55499.0
	21.0	22.0	23.0	24.0	25.0	26.0	27.0	28.0	29.0	30.0	31.0	32.0	33.0	34.0	35.0	36.0	37.0	38.0	39.0	40.0
Sin-CPnd_039-Ex1-10F-lcwgs-1-2.clmp.r1	3.0	17.0	51.0	139.0	185.0	265.0	338.0	445.0	560.0	768.0	994.0	1392.0	2001.0	3178.0	5173.0	9050.0	15167.0	32994.0	98221.0	69645.0
	19.0	20.0	21.0	22.0	23.0	24.0	25.0	26.0	27.0	28.0	29.0	30.0	31.0	32.0	33.0	34.0	35.0	36.0	37.0	38.0	39.0	40.0
Sin-CPnd_039-Ex1-10F-lcwgs-1-2.clmp.r2	2.0	50.0	212.0	306.0	367.0	510.0	614.0	759.0	838.0	987.0	1184.0	1513.0	1998.0	3104.0	4807.0	6710.0	8904.0	13827.0	20865.0	33335.0	74822.0	64872.0
	21.0	22.0	23.0	24.0	25.0	26.0	27.0	28.0	29.0	30.0	31.0	32.0	33.0	34.0	35.0	36.0	37.0	38.0	39.0	40.0
Sin-CPnd_040-Ex1-11E-lcwgs-1-2.clmp.r1	6.0	15.0	37.0	87.0	142.0	197.0	241.0	340.0	396.0	567.0	721.0	1034.0	1456.0	2388.0	3749.0	6544.0	10901.0	23085.0	68772.0	54041.0
	19.0	20.0	21.0	22.0	23.0	24.0	25.0	26.0	27.0	28.0	29.0	30.0	31.0	32.0	33.0	34.0	35.0	36.0	37.0	38.0	39.0	40.0
Sin-CPnd_040-Ex1-11E-lcwgs-1-2.clmp.r2	1.0	32.0	133.0	219.0	269.0	321.0	437.0	461.0	568.0	620.0	735.0	1023.0	1343.0	2075.0	3056.0	4327.0	5673.0	8879.0	13798.0	22690.0	55208.0	52851.0
	21.0	22.0	23.0	24.0	25.0	26.0	27.0	28.0	29.0	30.0	31.0	32.0	33.0	34.0	35.0	36.0	37.0	38.0	39.0	40.0
Sin-CPnd_042-Ex1-10D-lcwgs-1-2.clmp.r1	1.0	8.0	27.0	63.0	91.0	119.0	157.0	226.0	282.0	343.0	462.0	641.0	867.0	1481.0	2210.0	3861.0	6375.0	13954.0	50634.0	44536.0
	20.0	21.0	22.0	23.0	24.0	25.0	26.0	27.0	28.0	29.0	30.0	31.0	32.0	33.0	34.0	35.0	36.0	37.0	38.0	39.0	40.0
Sin-CPnd_042-Ex1-10D-lcwgs-1-2.clmp.r2	26.0	85.0	113.0	175.0	229.0	242.0	293.0	306.0	402.0	466.0	566.0	748.0	1084.0	1568.0	2117.0	3070.0	4842.0	7675.0	14162.0	44146.0	44023.0
	22.0	23.0	24.0	25.0	26.0	27.0	28.0	29.0	30.0	31.0	32.0	33.0	34.0	35.0	36.0	37.0	38.0	39.0	40.0
Sin-CPnd_043-Ex1-1C-lcwgs-1-2.clmp.r1	5.0	18.0	41.0	60.0	95.0	117.0	144.0	175.0	202.0	296.0	441.0	660.0	1118.0	1773.0	3166.0	5206.0	10711.0	24769.0	13184.0
	20.0	21.0	22.0	23.0	24.0	25.0	26.0	27.0	28.0	29.0	30.0	31.0	32.0	33.0	34.0	35.0	36.0	37.0	38.0	39.0	40.0
Sin-CPnd_043-Ex1-1C-lcwgs-1-2.clmp.r2	27.0	65.0	105.0	134.0	170.0	219.0	254.0	297.0	307.0	421.0	570.0	752.0	1201.0	1921.0	2585.0	3372.0	5049.0	7324.0	10044.0	16217.0	11147.0
	21.0	22.0	23.0	24.0	25.0	26.0	27.0	28.0	29.0	30.0	31.0	32.0	33.0	34.0	35.0	36.0	37.0	38.0	39.0	40.0
Sin-CPnd_044-Ex1-2C-lcwgs-1-2.clmp.r1	1.0	1.0	2.0	1.0	4.0	7.0	7.0	6.0	13.0	19.0	19.0	28.0	40.0	59.0	85.0	138.0	257.0	527.0	1911.0	1496.0
	20.0	21.0	22.0	23.0	24.0	25.0	26.0	27.0	28.0	29.0	30.0	31.0	32.0	33.0	34.0	35.0	36.0	37.0	38.0	39.0	40.0
Sin-CPnd_044-Ex1-2C-lcwgs-1-2.clmp.r2	1.0	4.0	5.0	10.0	23.0	18.0	18.0	25.0	18.0	28.0	28.0	38.0	45.0	57.0	70.0	99.0	163.0	249.0	462.0	1442.0	1818.0
	20.0	21.0	22.0	23.0	24.0	25.0	26.0	27.0	28.0	29.0	30.0	31.0	32.0	33.0	34.0	35.0	36.0	37.0	38.0	39.0	40.0
Sin-CPnd_045-Ex1-11H-lcwgs-1-2.clmp.r1	1.0	100.0	439.0	1135.0	2479.0	3762.0	5094.0	6455.0	8383.0	10486.0	13914.0	18497.0	27044.0	39113.0	61932.0	100705.0	174309.0	288597.0	605101.0	1413360.0	761715.0
	19.0	20.0	21.0	22.0	23.0	24.0	25.0	26.0	27.0	28.0	29.0	30.0	31.0	32.0	33.0	34.0	35.0	36.0	37.0	38.0	39.0	40.0
Sin-CPnd_045-Ex1-11H-lcwgs-1-2.clmp.r2	21.0	1141.0	4725.0	6340.0	6996.0	9159.0	11752.0	13892.0	16032.0	19098.0	22794.0	29417.0	39277.0	62385.0	99932.0	136878.0	174152.0	268516.0	409113.0	615869.0	948497.0	646635.0
	21.0	22.0	23.0	24.0	25.0	26.0	27.0	28.0	29.0	30.0	31.0	32.0	33.0	34.0	35.0	36.0	37.0	38.0	39.0	40.0
Sin-CPnd_049-Ex1-4C-lcwgs-1-2.clmp.r1	1.0	0.0	1.0	5.0	5.0	6.0	15.0	13.0	14.0	16.0	22.0	31.0	53.0	98.0	103.0	231.0	378.0	758.0	2762.0	2606.0
	20.0	21.0	22.0	23.0	24.0	25.0	26.0	27.0	28.0	29.0	30.0	31.0	32.0	33.0	34.0	35.0	36.0	37.0	38.0	39.0	40.0
Sin-CPnd_049-Ex1-4C-lcwgs-1-2.clmp.r2	1.0	9.0	7.0	8.0	13.0	8.0	17.0	18.0	26.0	28.0	44.0	39.0	67.0	104.0	154.0	183.0	318.0	442.0	829.0	2228.0	2575.0
	21.0	22.0	23.0	24.0	25.0	26.0	27.0	28.0	29.0	30.0	31.0	32.0	33.0	34.0	35.0	36.0	37.0	38.0	39.0	40.0
Sin-CPnd_050-Ex1-9B-lcwgs-1-2.clmp.r1	4.0	25.0	43.0	76.0	119.0	163.0	191.0	264.0	369.0	456.0	596.0	844.0	1152.0	1851.0	2786.0	4635.0	7934.0	17586.0	66772.0	61731.0
	19.0	20.0	21.0	22.0	23.0	24.0	25.0	26.0	27.0	28.0	29.0	30.0	31.0	32.0	33.0	34.0	35.0	36.0	37.0	38.0	39.0	40.0
Sin-CPnd_050-Ex1-9B-lcwgs-1-2.clmp.r2	1.0	18.0	92.0	137.0	196.0	306.0	329.0	377.0	409.0	485.0	586.0	741.0	909.0	1305.0	1882.0	2647.0	3611.0	5685.0	9127.0	17556.0	57499.0	63699.0
	21.0	22.0	23.0	24.0	25.0	26.0	27.0	28.0	29.0	30.0	31.0	32.0	33.0	34.0	35.0	36.0	37.0	38.0	39.0	40.0
Sin-CPnd_051-Ex1-12G-lcwgs-1-2.clmp.r1	4.0	31.0	58.0	120.0	166.0	240.0	276.0	363.0	465.0	602.0	787.0	1102.0	1592.0	2539.0	3776.0	6459.0	10479.0	22901.0	77101.0	63917.0
	19.0	20.0	21.0	22.0	23.0	24.0	25.0	26.0	27.0	28.0	29.0	30.0	31.0	32.0	33.0	34.0	35.0	36.0	37.0	38.0	39.0	40.0
Sin-CPnd_051-Ex1-12G-lcwgs-1-2.clmp.r2	1.0	32.0	150.0	223.0	252.0	341.0	438.0	508.0	592.0	684.0	835.0	1010.0	1347.0	1936.0	2986.0	4119.0	5411.0	8433.0	13134.0	23001.0	62645.0	64900.0
	21.0	22.0	23.0	24.0	25.0	26.0	27.0	28.0	29.0	30.0	31.0	32.0	33.0	34.0	35.0	36.0	37.0	38.0	39.0	40.0
Sin-CPnd_053-Ex1-9G-lcwgs-1-2.clmp.r1	4.0	21.0	54.0	88.0	161.0	190.0	247.0	338.0	419.0	564.0	703.0	1028.0	1505.0	2294.0	3517.0	6075.0	10043.0	22274.0	84316.0	74122.0
	20.0	21.0	22.0	23.0	24.0	25.0	26.0	27.0	28.0	29.0	30.0	31.0	32.0	33.0	34.0	35.0	36.0	37.0	38.0	39.0	40.0
Sin-CPnd_053-Ex1-9G-lcwgs-1-2.clmp.r2	24.0	109.0	195.0	239.0	308.0	416.0	491.0	462.0	576.0	711.0	879.0	1111.0	1591.0	2358.0	3248.0	4643.0	7081.0	11229.0	21602.0	72195.0	78495.0
	21.0	22.0	23.0	24.0	25.0	26.0	27.0	28.0	29.0	30.0	31.0	32.0	33.0	34.0	35.0	36.0	37.0	38.0	39.0	40.0
Sin-CPnd_058-Ex1-9D-lcwgs-1-2.clmp.r1	4.0	15.0	32.0	61.0	112.0	157.0	185.0	243.0	322.0	439.0	532.0	800.0	1118.0	1747.0	2573.0	4425.0	7170.0	16399.0	62789.0	57154.0
	19.0	20.0	21.0	22.0	23.0	24.0	25.0	26.0	27.0	28.0	29.0	30.0	31.0	32.0	33.0	34.0	35.0	36.0	37.0	38.0	39.0	40.0
Sin-CPnd_058-Ex1-9D-lcwgs-1-2.clmp.r2	1.0	15.0	80.0	142.0	173.0	259.0	324.0	354.0	373.0	414.0	479.0	638.0	784.0	1208.0	1677.0	2323.0	3346.0	5146.0	8318.0	16108.0	54750.0	59365.0
	20.0	21.0	22.0	23.0	24.0	25.0	26.0	27.0	28.0	29.0	30.0	31.0	32.0	33.0	34.0	35.0	36.0	37.0	38.0	39.0	40.0
Sin-CPnd_061-Ex1-9A-lcwgs-1-2.clmp.r1	1.0	9.0	15.0	40.0	105.0	131.0	185.0	255.0	300.0	416.0	511.0	705.0	988.0	1398.0	2125.0	3330.0	5773.0	9473.0	21208.0	66866.0	54910.0
	20.0	21.0	22.0	23.0	24.0	25.0	26.0	27.0	28.0	29.0	30.0	31.0	32.0	33.0	34.0	35.0	36.0	37.0	38.0	39.0	40.0
Sin-CPnd_061-Ex1-9A-lcwgs-1-2.clmp.r2	25.0	130.0	177.0	273.0	316.0	404.0	437.0	478.0	629.0	702.0	914.0	1206.0	1741.0	2755.0	3704.0	4924.0	7933.0	11773.0	20762.0	54123.0	55338.0
	21.0	22.0	23.0	24.0	25.0	26.0	27.0	28.0	29.0	30.0	31.0	32.0	33.0	34.0	35.0	36.0	37.0	38.0	39.0	40.0
Sin-CPnd_062-Ex1-11D-lcwgs-1-2.clmp.r1	7.0	19.0	58.0	116.0	153.0	192.0	287.0	389.0	394.0	596.0	797.0	1121.0	1512.0	2471.0	3869.0	6764.0	10910.0	23610.0	75926.0	61849.0
	20.0	21.0	22.0	23.0	24.0	25.0	26.0	27.0	28.0	29.0	30.0	31.0	32.0	33.0	34.0	35.0	36.0	37.0	38.0	39.0	40.0
Sin-CPnd_062-Ex1-11D-lcwgs-1-2.clmp.r2	33.0	131.0	211.0	288.0	352.0	474.0	515.0	523.0	691.0	787.0	977.0	1305.0	2057.0	3064.0	4066.0	5532.0	8661.0	13595.0	23620.0	63099.0	61059.0
	22.0	23.0	24.0	25.0	26.0	27.0	28.0	29.0	30.0	31.0	32.0	33.0	34.0	35.0	36.0	37.0	38.0	39.0	40.0
Sin-CPnd_063-Ex1-9F-lcwgs-1-2.clmp.r1	11.0	43.0	85.0	118.0	156.0	191.0	250.0	311.0	453.0	576.0	840.0	1094.0	1732.0	2804.0	4669.0	7839.0	17764.0	66904.0	60533.0
	20.0	21.0	22.0	23.0	24.0	25.0	26.0	27.0	28.0	29.0	30.0	31.0	32.0	33.0	34.0	35.0	36.0	37.0	38.0	39.0	40.0
Sin-CPnd_063-Ex1-9F-lcwgs-1-2.clmp.r2	18.0	79.0	171.0	185.0	263.0	330.0	335.0	377.0	464.0	549.0	718.0	912.0	1276.0	1910.0	2640.0	3667.0	5629.0	9221.0	17566.0	56833.0	63230.0
	21.0	22.0	23.0	24.0	25.0	26.0	27.0	28.0	29.0	30.0	31.0	32.0	33.0	34.0	35.0	36.0	37.0	38.0	39.0	40.0
Sin-CPnd_065-Ex1-11B-lcwgs-1-2.clmp.r1	2.0	18.0	61.0	98.0	148.0	208.0	291.0	335.0	420.0	551.0	756.0	1036.0	1560.0	2424.0	3827.0	6561.0	10960.0	23336.0	77864.0	66274.0
	20.0	21.0	22.0	23.0	24.0	25.0	26.0	27.0	28.0	29.0	30.0	31.0	32.0	33.0	34.0	35.0	36.0	37.0	38.0	39.0	40.0
Sin-CPnd_065-Ex1-11B-lcwgs-1-2.clmp.r2	35.0	146.0	228.0	294.0	336.0	398.0	508.0	587.0	678.0	813.0	999.0	1260.0	1894.0	2952.0	4023.0	5468.0	8472.0	13322.0	23467.0	65174.0	65676.0
	21.0	22.0	23.0	24.0	25.0	26.0	27.0	28.0	29.0	30.0	31.0	32.0	33.0	34.0	35.0	36.0	37.0	38.0	39.0	40.0
Sin-CPnd_067-Ex1-9C-lcwgs-1-2.clmp.r1	6.0	14.0	41.0	80.0	121.0	174.0	182.0	243.0	302.0	401.0	565.0	771.0	1091.0	1650.0	2564.0	4468.0	7413.0	16437.0	59877.0	54249.0
	20.0	21.0	22.0	23.0	24.0	25.0	26.0	27.0	28.0	29.0	30.0	31.0	32.0	33.0	34.0	35.0	36.0	37.0	38.0	39.0	40.0
Sin-CPnd_067-Ex1-9C-lcwgs-1-2.clmp.r2	13.0	96.0	171.0	186.0	285.0	320.0	376.0	397.0	442.0	580.0	753.0	892.0	1335.0	1776.0	2698.0	3562.0	5689.0	8813.0	16653.0	50799.0	54813.0
	20.0	21.0	22.0	23.0	24.0	25.0	26.0	27.0	28.0	29.0	30.0	31.0	32.0	33.0	34.0	35.0	36.0	37.0	38.0	39.0	40.0
Sin-CPnd_074-Ex1-12A-lcwgs-1-2.clmp.r1	1.0	4.0	14.0	41.0	76.0	141.0	197.0	238.0	284.0	356.0	493.0	630.0	975.0	1340.0	1965.0	3204.0	5202.0	8690.0	18621.0	56322.0	46561.0
	20.0	21.0	22.0	23.0	24.0	25.0	26.0	27.0	28.0	29.0	30.0	31.0	32.0	33.0	34.0	35.0	36.0	37.0	38.0	39.0	40.0
Sin-CPnd_074-Ex1-12A-lcwgs-1-2.clmp.r2	28.0	125.0	187.0	250.0	299.0	340.0	440.0	468.0	569.0	706.0	872.0	1089.0	1763.0	2611.0	3685.0	4601.0	7383.0	10854.0	18529.0	45614.0	44942.0
	21.0	22.0	23.0	24.0	25.0	26.0	27.0	28.0	29.0	30.0	31.0	32.0	33.0	34.0	35.0	36.0	37.0	38.0	39.0	40.0
Sin-CPnd_075-Ex1-11G-lcwgs-1-2.clmp.r1	11.0	34.0	58.0	113.0	159.0	206.0	277.0	372.0	470.0	670.0	824.0	1278.0	1716.0	2686.0	4349.0	7742.0	12255.0	26538.0	91704.0	77108.0
	19.0	20.0	21.0	22.0	23.0	24.0	25.0	26.0	27.0	28.0	29.0	30.0	31.0	32.0	33.0	34.0	35.0	36.0	37.0	38.0	39.0	40.0
Sin-CPnd_075-Ex1-11G-lcwgs-1-2.clmp.r2	1.0	30.0	153.0	263.0	307.0	416.0	440.0	535.0	591.0	761.0	845.0	1054.0	1373.0	2095.0	3191.0	4404.0	6002.0	9364.0	14726.0	26080.0	77678.0	78261.0
	20.0	21.0	22.0	23.0	24.0	25.0	26.0	27.0	28.0	29.0	30.0	31.0	32.0	33.0	34.0	35.0	36.0	37.0	38.0	39.0	40.0
Sin-CPnd_076-Ex1-10E-lcwgs-1-2.clmp.r1	1.0	4.0	21.0	71.0	138.0	227.0	276.0	352.0	463.0	546.0	784.0	1028.0	1403.0	2068.0	3134.0	4955.0	8349.0	14375.0	31718.0	106204.0	80711.0
	19.0	20.0	21.0	22.0	23.0	24.0	25.0	26.0	27.0	28.0	29.0	30.0	31.0	32.0	33.0	34.0	35.0	36.0	37.0	38.0	39.0	40.0
Sin-CPnd_076-Ex1-10E-lcwgs-1-2.clmp.r2	1.0	38.0	212.0	321.0	385.0	500.0	583.0	718.0	820.0	886.0	1103.0	1481.0	1930.0	2737.0	4201.0	5838.0	7922.0	12518.0	19572.0	34296.0	86556.0	74210.0
	21.0	22.0	23.0	24.0	25.0	26.0	27.0	28.0	29.0	30.0	31.0	32.0	33.0	34.0	35.0	36.0	37.0	38.0	39.0	40.0
Sin-CPnd_079-Ex1-9H-lcwgs-1-2.clmp.r1	4.0	17.0	43.0	56.0	125.0	149.0	207.0	275.0	353.0	460.0	662.0	853.0	1243.0	1889.0	2979.0	5076.0	8186.0	18255.0	68306.0	60228.0
	20.0	21.0	22.0	23.0	24.0	25.0	26.0	27.0	28.0	29.0	30.0	31.0	32.0	33.0	34.0	35.0	36.0	37.0	38.0	39.0	40.0
Sin-CPnd_079-Ex1-9H-lcwgs-1-2.clmp.r2	20.0	81.0	169.0	187.0	279.0	317.0	351.0	434.0	505.0	588.0	712.0	951.0	1325.0	1980.0	2797.0	3889.0	5858.0	9465.0	18098.0	58255.0	63105.0
	22.0	23.0	24.0	25.0	26.0	27.0	28.0	29.0	30.0	31.0	32.0	33.0	34.0	35.0	36.0	37.0	38.0	39.0	40.0
Sin-CPnd_080-Ex1-2E-lcwgs-1-2.clmp.r1	3.0	2.0	4.0	7.0	14.0	19.0	23.0	27.0	33.0	39.0	61.0	110.0	131.0	251.0	438.0	764.0	1730.0	4206.0	1770.0
	20.0	21.0	22.0	23.0	24.0	25.0	26.0	27.0	28.0	29.0	30.0	31.0	32.0	33.0	34.0	35.0	36.0	37.0	38.0	39.0	40.0
Sin-CPnd_080-Ex1-2E-lcwgs-1-2.clmp.r2	1.0	6.0	16.0	10.0	17.0	31.0	40.0	50.0	42.0	61.0	82.0	97.0	170.0	259.0	361.0	488.0	738.0	1036.0	1589.0	2603.0	1935.0
	21.0	22.0	23.0	24.0	25.0	26.0	27.0	28.0	29.0	30.0	31.0	32.0	33.0	34.0	35.0	36.0	37.0	38.0	39.0	40.0
Sin-CPnd_081-Ex1-10G-lcwgs-1-2.clmp.r1	3.0	14.0	48.0	141.0	170.0	302.0	319.0	459.0	540.0	735.0	969.0	1399.0	2044.0	3179.0	5169.0	9042.0	14944.0	32140.0	99320.0	72211.0
	20.0	21.0	22.0	23.0	24.0	25.0	26.0	27.0	28.0	29.0	30.0	31.0	32.0	33.0	34.0	35.0	36.0	37.0	38.0	39.0	40.0
Sin-CPnd_081-Ex1-10G-lcwgs-1-2.clmp.r2	32.0	183.0	295.0	357.0	471.0	586.0	703.0	781.0	939.0	1115.0	1433.0	1835.0	2863.0	4417.0	6127.0	8099.0	12528.0	19164.0	32145.0	78568.0	70507.0
	20.0	21.0	22.0	23.0	24.0	25.0	26.0	27.0	28.0	29.0	30.0	31.0	32.0	33.0	34.0	35.0	36.0	37.0	38.0	39.0	40.0
Sin-CPnd_085-Ex1-4H-lcwgs-1-2.clmp.r1	1.0	6.0	18.0	50.0	120.0	199.0	279.0	357.0	453.0	548.0	724.0	960.0	1458.0	2170.0	3551.0	5989.0	10429.0	17568.0	35141.0	68789.0	25663.0
	19.0	20.0	21.0	22.0	23.0	24.0	25.0	26.0	27.0	28.0	29.0	30.0	31.0	32.0	33.0	34.0	35.0	36.0	37.0	38.0	39.0	40.0
Sin-CPnd_085-Ex1-4H-lcwgs-1-2.clmp.r2	2.0	79.0	279.0	339.0	391.0	506.0	695.0	811.0	914.0	1177.0	1453.0	1869.0	2475.0	4244.0	6604.0	8911.0	11229.0	17220.0	24518.0	32253.0	38454.0	20050.0
	22.0	23.0	24.0	25.0	26.0	27.0	28.0	29.0	30.0	31.0	32.0	33.0	34.0	35.0	36.0	37.0	38.0	39.0	40.0
Sin-CPnd_088-Ex1-2D-lcwgs-1-2.clmp.r1	1.0	2.0	3.0	5.0	7.0	7.0	9.0	11.0	18.0	31.0	35.0	38.0	77.0	105.0	201.0	347.0	749.0	2867.0	2155.0
	20.0	21.0	22.0	23.0	24.0	25.0	26.0	27.0	28.0	29.0	30.0	31.0	32.0	33.0	34.0	35.0	36.0	37.0	38.0	39.0	40.0
Sin-CPnd_088-Ex1-2D-lcwgs-1-2.clmp.r2	1.0	0.0	16.0	22.0	23.0	25.0	16.0	22.0	13.0	24.0	28.0	32.0	66.0	76.0	101.0	138.0	208.0	326.0	623.0	2131.0	2777.0
	21.0	22.0	23.0	24.0	25.0	26.0	27.0	28.0	29.0	30.0	31.0	32.0	33.0	34.0	35.0	36.0	37.0	38.0	39.0	40.0
Sin-CPnd_089-Ex1-9E-lcwgs-1-2.clmp.r1	5.0	16.0	62.0	128.0	181.0	225.0	291.0	404.0	548.0	633.0	903.0	1304.0	1677.0	2763.0	4132.0	7055.0	11954.0	26978.0	86747.0	67218.0
	19.0	20.0	21.0	22.0	23.0	24.0	25.0	26.0	27.0	28.0	29.0	30.0	31.0	32.0	33.0	34.0	35.0	36.0	37.0	38.0	39.0	40.0
Sin-CPnd_089-Ex1-9E-lcwgs-1-2.clmp.r2	1.0	44.0	155.0	264.0	298.0	390.0	478.0	622.0	664.0	742.0	923.0	1171.0	1534.0	2307.0	3394.0	4801.0	6283.0	9952.0	15641.0	27398.0	69354.0	66808.0
	20.0	21.0	22.0	23.0	24.0	25.0	26.0	27.0	28.0	29.0	30.0	31.0	32.0	33.0	34.0	35.0	36.0	37.0	38.0	39.0	40.0
Sin-CPnd_090-Ex1-12F-lcwgs-1-2.clmp.r1	2.0	51.0	162.0	402.0	865.0	1416.0	1898.0	2305.0	2893.0	3831.0	4943.0	6569.0	9509.0	14141.0	22273.0	35286.0	61619.0	102321.0	218925.0	434819.0	152656.0
	19.0	20.0	21.0	22.0	23.0	24.0	25.0	26.0	27.0	28.0	29.0	30.0	31.0	32.0	33.0	34.0	35.0	36.0	37.0	38.0	39.0	40.0
Sin-CPnd_090-Ex1-12F-lcwgs-1-2.clmp.r2	5.0	428.0	1681.0	2256.0	2517.0	3251.0	4232.0	5209.0	6077.0	7382.0	8834.0	11735.0	16277.0	26970.0	42157.0	56518.0	70485.0	107314.0	155570.0	209591.0	216610.0	121787.0
	21.0	22.0	23.0	24.0	25.0	26.0	27.0	28.0	29.0	30.0	31.0	32.0	33.0	34.0	35.0	36.0	37.0	38.0	39.0	40.0
Sin-CPnd_092-Ex1-11F-lcwgs-1-2.clmp.r1	5.0	16.0	42.0	81.0	137.0	158.0	189.0	264.0	305.0	469.0	604.0	824.0	1198.0	1984.0	3020.0	5372.0	9052.0	19128.0	66376.0	59133.0
	20.0	21.0	22.0	23.0	24.0	25.0	26.0	27.0	28.0	29.0	30.0	31.0	32.0	33.0	34.0	35.0	36.0	37.0	38.0	39.0	40.0
Sin-CPnd_092-Ex1-11F-lcwgs-1-2.clmp.r2	22.0	97.0	167.0	217.0	291.0	339.0	379.0	436.0	498.0	610.0	797.0	1007.0	1458.0	2336.0	3168.0	4327.0	6777.0	10442.0	19005.0	56681.0	59303.0
	21.0	22.0	23.0	24.0	25.0	26.0	27.0	28.0	29.0	30.0	31.0	32.0	33.0	34.0	35.0	36.0	37.0	38.0	39.0	40.0
Sin-CPnd_093-Ex1-10C-lcwgs-1-2.clmp.r1	1.0	19.0	43.0	89.0	150.0	196.0	262.0	335.0	429.0	546.0	740.0	1055.0	1626.0	2506.0	4128.0	7063.0	11993.0	25908.0	75194.0	54570.0
	19.0	20.0	21.0	22.0	23.0	24.0	25.0	26.0	27.0	28.0	29.0	30.0	31.0	32.0	33.0	34.0	35.0	36.0	37.0	38.0	39.0	40.0
Sin-CPnd_093-Ex1-10C-lcwgs-1-2.clmp.r2	1.0	48.0	199.0	251.0	273.0	392.0	458.0	557.0	648.0	821.0	982.0	1231.0	1645.0	2449.0	3804.0	5415.0	7063.0	10865.0	16208.0	25983.0	56678.0	50882.0
	20.0	21.0	22.0	23.0	24.0	25.0	26.0	27.0	28.0	29.0	30.0	31.0	32.0	33.0	34.0	35.0	36.0	37.0	38.0	39.0	40.0
Sin-CPnd_094-Ex1-3H-lcwgs-1-2.clmp.r1	1.0	13.0	73.0	179.0	409.0	686.0	839.0	1146.0	1405.0	1713.0	2319.0	3216.0	4640.0	6918.0	11374.0	18903.0	33888.0	55766.0	114442.0	221470.0	70820.0
	19.0	20.0	21.0	22.0	23.0	24.0	25.0	26.0	27.0	28.0	29.0	30.0	31.0	32.0	33.0	34.0	35.0	36.0	37.0	38.0	39.0	40.0
Sin-CPnd_094-Ex1-3H-lcwgs-1-2.clmp.r2	6.0	238.0	888.0	1179.0	1198.0	1628.0	2068.0	2461.0	2962.0	3610.0	4361.0	5699.0	7833.0	12987.0	21084.0	28647.0	36529.0	56220.0	81246.0	107723.0	120112.0	51541.0
	21.0	22.0	23.0	24.0	25.0	26.0	27.0	28.0	29.0	30.0	31.0	32.0	33.0	34.0	35.0	36.0	37.0	38.0	39.0	40.0
Sin-CPnd_095-Ex1-2B-lcwgs-1-2.clmp.r1	2.0	9.0	19.0	45.0	93.0	132.0	166.0	215.0	260.0	331.0	461.0	640.0	916.0	1355.0	2283.0	3694.0	6394.0	14243.0	46990.0	27166.0
	20.0	21.0	22.0	23.0	24.0	25.0	26.0	27.0	28.0	29.0	30.0	31.0	32.0	33.0	34.0	35.0	36.0	37.0	38.0	39.0	40.0
Sin-CPnd_095-Ex1-2B-lcwgs-1-2.clmp.r2	16.0	77.0	133.0	159.0	217.0	283.0	315.0	344.0	436.0	519.0	653.0	815.0	1244.0	1873.0	2529.0	3389.0	5248.0	8330.0	14426.0	32233.0	32175.0
	19.0	20.0	21.0	22.0	23.0	24.0	25.0	26.0	27.0	28.0	29.0	30.0	31.0	32.0	33.0	34.0	35.0	36.0	37.0	38.0	39.0	40.0
Undetermined.clmp.r1	6.0	9843.0	191841.0	619026.0	839564.0	775146.0	623830.0	596250.0	626352.0	763454.0	918189.0	1183776.0	1487362.0	2034851.0	2667745.0	3735969.0	5122566.0	7554625.0	10550057.0	18181844.0	47933837.0	37603439.0
	19.0	20.0	21.0	22.0	23.0	24.0	25.0	26.0	27.0	28.0	29.0	30.0	31.0	32.0	33.0	34.0	35.0	36.0	37.0	38.0	39.0	40.0
Undetermined.clmp.r2	712.0	84308.0	596933.0	1014503.0	1090728.0	1128178.0	1098175.0	1110954.0	1102142.0	1206409.0	1294125.0	1481027.0	1666288.0	2082669.0	2565223.0	3287119.0	4099183.0	5740511.0	8150867.0	14766741.0	43699202.0	46753575.0

