Sample	1	2	3	4	5	6	7	8	9	12	17	22	27	32	37	42	47	52	57	62	67	72	77	82	87	92	97	102	107	112	117	122	127	132	137	142	147	150
Sin-APnd_001-Ex1-6G-lcwgs-1-2.clmp.r1	1.8922016504161237e-05	0.08765308778610956	0.004780962836718072	0.05811739685782256	2.049885121284134e-05	0.0	0.0	0.0007001146106539657	0.09484818456181687	0.019651144873454915	6.307338834720412e-07	0.0001781823220808516	0.06151200661866908	0.00014353786883407966	0.0879795071352964	0.04783097182936024	7.091088976652149e-05	9.365949929985106e-05	0.00011027113917092002	0.00015062315151267536	0.0012134088363649244	0.00015237996268439535	0.00012017250414807126	0.010213368157014643	0.00018641147895278066	0.0005764868291594826	0.0	0.00012226259294227654	0.00014896346051828996	0.00011333205996277748	9.818959594038651e-06	0.020315000203032303	3.680287533504417e-05	0.020171500820496815	0.04537605190738679	9.625960993883513e-05	0.011081500909244084	0.0
Sin-APnd_001-Ex1-6G-lcwgs-1-2.clmp.r2	0.0863979273580002	0.09776532877287505	0.003118979053769244	0.004836152051521876	0.0006165423710939202	0.0008420297344351749	0.0002538703880974966	0.00034374996649226243	0.000566083660416157	0.0010151661854482504	0.034375627383109716	0.012983972358213703	3.500573053269829e-05	0.028723351236577654	0.0014407988817415123	0.00020198543368081387	0.024525501955194942	0.02199897900425642	0.02134898831678889	0.023038021634081463	0.07485754998646012	0.0002879712401675102	0.04185108716449033	0.020195041558797675	0.0006324420505298466	0.0001794810157284017	0.0001022411304959093	0.018569002021265255	0.017122261952004423	0.01647550169140984	4.048289695919081e-05	4.600337301331271e-06	1.1007273991908443e-05	0.00893042348332274	0.027954176458115203	0.0033694454618943314	0.014212547650942011	0.0
Sin-APnd_002-Ex1-3G-lcwgs-1-2.clmp.r1	2.0027978418251017e-05	0.0868813703783729	0.004613111029003817	0.05794094156400019	1.3351985612167346e-05	3.3379964030418365e-06	0.0	0.000570797384920154	0.09015594484975695	0.018910417222512608	0.0	0.0001388606503665404	0.0544947940774998	8.682748216177802e-05	0.07515308910656447	0.041571165823901704	4.1099555886851626e-05	7.532393514819178e-05	7.986815039739948e-05	0.00010539752225481968	0.0009898754291559043	0.0001549448572530675	9.884488508176284e-05	0.009507837748444312	0.00017570032631163127	0.0005275461088776614	0.0	7.917407137618979e-05	9.214007634595097e-05	0.0001237765684407762	9.735644159869402e-06	0.019888545566914034	6.570773288025175e-05	0.01967298861865554	0.044229230179133355	0.00015083132053506725	0.011789358392692118	0.0
Sin-APnd_002-Ex1-3G-lcwgs-1-2.clmp.r2	0.08563295972363526	0.09839411997246421	0.0028940428814372716	0.0042526074174752985	0.0005040374568593172	0.0007677391726996223	0.00017691380936121732	0.0003337996403041836	0.000367179604334602	0.0008859042453673033	0.029856375027367398	0.010660225312754408	2.0027978418251017e-05	0.022574478513783806	0.0011272909349751014	0.00014768997998301537	0.020937121294708493	0.0193429605731718	0.018534780425430372	0.020265191821369866	0.0660997952338845	0.00024645284025666257	0.03830211801651862	0.01931603334731539	0.0005539648460464496	0.0001766499285739055	6.820312855935077e-05	0.017903224435359272	0.01656041219088143	0.016661168981950754	1.923643843113379e-05	5.862057807393415e-06	2.86496113143045e-05	0.008879240056259145	0.02824555331447644	0.003482690694928391	0.014039850955366404	0.0
Sin-APnd_003-Ex1-3H-lcwgs-1-2.clmp.r1	2.564874306282721e-05	0.08746734359285335	0.004791185204136123	0.05855608041243453	1.3679329633507846e-05	0.0	0.0	0.0005591425987696333	0.09346743955335074	0.019352489615764388	3.4198324083769615e-07	0.00017338550310471194	0.05831771809357065	0.00013272629843289957	0.08334803327527865	0.04575278726437146	5.55204703036651e-05	7.923936994651387e-05	9.274204298933746e-05	0.00013633580800043247	0.0011345444299287314	0.0001584693258849351	9.43997111876719e-05	0.010045482267056257	0.00020835591245842996	0.0005703883873417827	0.0	0.00011400514821914879	0.00012217009631446137	0.00013791015223262962	1.54419626103073e-05	0.02063381297202771	5.078206434556682e-05	0.02091883796590561	0.04585651354107247	0.00013309312796509133	0.01096386815082173	0.0
Sin-APnd_003-Ex1-3H-lcwgs-1-2.clmp.r2	0.08589422068499997	0.09954619165924079	0.0029239567091623024	0.004539827522120417	0.0005163946936649212	0.0007831416215183241	0.00020348002829842922	0.0003283039112041883	0.000494165783010471	0.0009462676273979052	0.031420736201685846	0.011574080802910988	2.6332709544502605e-05	0.02570614767480066	0.0013181857103933864	0.00018965179859666082	0.02304153628969143	0.02131984524426917	0.020455106402990402	0.02228016345920614	0.07278706520697292	0.000258314315920287	0.04032716378290396	0.019889441409606586	0.0005941211181550782	0.00021462699205707322	9.518807854350926e-05	0.018482283803971027	0.01672778015577457	0.01643880117897585	3.564521583407335e-05	8.027131705163453e-06	1.665339232694473e-05	0.009228616619338543	0.02806794777297597	0.0032460083948520992	0.014612633976953287	0.0
Sin-APnd_004-Ex1-4A-lcwgs-1-2.clmp.r1	1.135298423266329e-05	0.08985887020152995	0.00488462146610338	0.06173752825722297	5.676492116331645e-06	0.0	0.0	0.0006130611485638177	0.09676716110710555	0.02001814944824355	1.7029476348994935e-06	0.00019924487328324076	0.061500818535971946	0.00016470291101888316	0.08669039442986977	0.04724744246155063	8.486439227617574e-05	9.015255839668162e-05	0.00010999842617090504	0.00015129036600561026	0.0011766706530426	0.00014981854093566903	9.755588472597214e-05	0.010319662206839903	0.00022061347856714602	0.0005969090609699759	0.0	0.00013164916710815624	0.000144535238269231	0.00011503888049882352	1.8431669176015547e-05	0.01972773540930617	4.147137106841034e-05	0.02064393912518192	0.045725745181930705	0.0001498848928107006	0.01037564807354846	0.0
Sin-APnd_004-Ex1-4A-lcwgs-1-2.clmp.r2	0.08847096787908686	0.10310212630893166	0.003442792468555143	0.00522521099308328	0.0006527965933781392	0.000945135937369219	0.0002809863597584164	0.0003349130348635671	0.0006045464103893203	0.0010773982036797463	0.03593446569322585	0.013588954477286325	4.1438392449221014e-05	0.030343966305225623	0.0014993171373048101	0.00021743719000907037	0.025028220155927008	0.021977671052001296	0.021201856679918217	0.023246369768046872	0.07449163641264944	0.0002753263975256158	0.041730784588425905	0.020076920254588446	0.0006513045354944689	0.0002328268313157233	9.846694167473559e-05	0.01844500281422976	0.017097464257523436	0.016336680645376796	3.623810361945092e-05	4.27691172928928e-06	3.0317357551242775e-05	0.00918588301529632	0.027475331467764715	0.003410284141302785	0.014776787371650843	0.0
Sin-APnd_005-Ex1-4B-lcwgs-1-2.clmp.r1	3.1027941747521606e-05	0.08772568755203967	0.004499051553390632	0.059356452563008824	2.3270956310641203e-05	0.0	0.0	0.0005720776759699296	0.09129002236028622	0.0194250429310359	7.756985436880402e-07	0.0001644480912618645	0.05687538077102264	0.00013776921807923792	0.07975982336691816	0.04389584617574738	5.275708437141118e-05	8.664407685962257e-05	9.747296223112188e-05	0.0001503343189251282	0.0011301665215819956	0.00014043068172005937	9.897329776799314e-05	0.009679799540102486	0.0002078318912675087	0.00046595605812951467	0.0	9.562034570101681e-05	0.00010416385832734903	9.076553417773737e-05	1.1819675717740943e-05	0.020544774485220563	2.1472269337152764e-05	0.019708332229932755	0.04445990597921613	9.866260561262724e-05	0.011524264516667949	0.0
Sin-APnd_005-Ex1-4B-lcwgs-1-2.clmp.r2	0.08691314332752645	0.10041805497313523	0.0030543130157716578	0.004512626277905173	0.0005778954150475899	0.0009230812669887678	0.00023464880946563214	0.00033161112742663716	0.0004751153580089246	0.0009533335101926014	0.03296214606620773	0.011998892923038448	2.4822353398017285e-05	0.02550708368379895	0.001268280392154505	0.00019533779734709985	0.022530830465398187	0.02013053947934721	0.01943921624118332	0.021289981557168994	0.0693127669844372	0.00024698924218856497	0.03947726668787576	0.019024641512341414	0.000521971537451318	0.00017195720246799276	9.705899678307946e-05	0.01836128689540408	0.017394492152245568	0.01639796603296434	2.612835519652486e-05	6.969077228665599e-06	3.347403306280457e-05	0.008941229669514451	0.028862735039063905	0.0030786159774011993	0.014460606209335225	0.0
Sin-APnd_006-Ex1-4C-lcwgs-1-2.clmp.r1	2.3398195297196728e-05	0.08778482915612719	0.004677039259961879	0.0598395845728419	3.119759372959564e-05	0.0	0.0	0.0005953540803397834	0.0943493228367296	0.019109566079168312	0.0	0.00020174443945138512	0.05944077533299857	0.00015030228441789692	0.0889832610675162	0.048254447477722104	6.0214006710730614e-05	8.080206536955855e-05	0.00010749145314690636	0.00017077687213302122	0.0012874174643913044	0.0001748961031732775	0.00012867501589825778	0.010777363008461322	0.00024546735460726746	0.0006931645427523924	0.0	0.0001165957061959988	0.00014735013800261363	0.0001560406753692285	9.786897165058859e-06	0.0219610925171183	4.637606312487108e-05	0.023855798402215522	0.04966546953006529	0.00010389767325956012	0.01070325800895071	0.0
Sin-APnd_006-Ex1-4C-lcwgs-1-2.clmp.r2	0.08721027347160713	0.10076822774659391	0.003119759372959564	0.004656240864142149	0.0005173600960157943	0.0007357432521229637	0.000257380148269164	0.0003223751352058216	0.0005771554839975192	0.00100144275872002	0.03314796329759086	0.012473837892883321	3.743711247551476e-05	0.027745062773412557	0.0014461151735741216	0.00021217824757433334	0.024820366531430653	0.022345607369743812	0.021761861136354452	0.023622108883125874	0.07818721996164106	0.00034872905735690686	0.04323735782633773	0.021015041596172557	0.0007322537018530977	0.00021298997257221627	0.00014103473049115772	0.019800817216177314	0.01795887697886273	0.01736887426826716	2.89321518856964e-05	3.8167800536601106e-06	6.801748484672464e-05	0.009920514037904775	0.027010375570178873	0.0035597144414062894	0.01501153158562714	0.0
Sin-APnd_007-Ex1-4D-lcwgs-1-2.clmp.r1	3.0329968172814615e-05	0.08693868734107503	0.004521331684047436	0.0578479150107497	1.949783668252368e-05	0.0	0.0	0.0005936008056679432	0.08822337813582354	0.0184263222355041	8.665705192232746e-07	0.00017548053014271312	0.054690565323959696	0.000119633148590855	0.0772847303333502	0.04278123596388133	6.696791237629867e-05	7.994537774272914e-05	9.844848346826045e-05	0.000132673641801226	0.0010890851217303901	0.00014718642223148165	9.51179531722122e-05	0.009705169745423245	0.00023059563147788615	0.0005093434537231119	0.0	0.00010166788668130683	0.00013957349524487846	0.0001328785436959202	8.334569859378303e-06	0.01971480073483344	4.374370388916522e-05	0.019657422434230597	0.044006896894245986	7.720124976190432e-05	0.01113638534193757	0.0
Sin-APnd_007-Ex1-4D-lcwgs-1-2.clmp.r2	0.08684986386285465	0.0974111920658883	0.002981002586128065	0.004516998831451319	0.0005307744430242557	0.000743084220233958	0.00022097548240193504	0.00024913902427669144	0.00048744591706309195	0.0009341630197226902	0.031919258505070096	0.011408834170834022	2.253083349980514e-05	0.024783990840542995	0.0012332620275686415	0.00018961325886618566	0.021781033528912162	0.019762752932120854	0.019434746298729808	0.02078980542680703	0.06827252096109332	0.00026457690418665343	0.038743053007955566	0.019562989229180237	0.000562398949544278	0.00019962906728248177	0.00010896377319640615	0.017546648885709122	0.017170887393098213	0.016732914769027878	5.208597903835412e-05	3.2639374535582498e-06	3.118056477980597e-05	0.00895226190005551	0.028107628663903983	0.003296425850271843	0.014582823280317176	0.0
Sin-APnd_008-Ex1-4E-lcwgs-1-2.clmp.r1	2.802641761500878e-05	0.08800726306768371	0.004699814646209164	0.05873259192966801	8.623513112310392e-06	4.311756556155196e-06	0.0	0.0005713077436905635	0.09514753192467672	0.019874610669941763	4.3117565561551967e-07	0.00019963432854998558	0.06098074179804732	0.0001475123618809838	0.08760265016594805	0.048018892382490824	6.880081468291392e-05	9.015096514941065e-05	0.00010815920545975964	0.00016412657786975835	0.0012731289171153176	0.0001595436496685047	0.00011886213141756166	0.010405395707639655	0.0002533577785685732	0.0005336612428362406	0.0	0.00011286412655375201	0.00012058658421759947	0.00014072095151203008	1.9346503175172285e-05	0.020593358514619884	3.3105352221746536e-05	0.021004015244912452	0.04561616089841506	9.1907267729385e-05	0.010611846710634257	0.0
Sin-APnd_008-Ex1-4E-lcwgs-1-2.clmp.r2	0.08616829889648352	0.0996339146213562	0.003233817417116397	0.004585553097471051	0.0005648401088563307	0.0008407925284502632	0.0002479260019789238	0.0003729669421074245	0.0005497489609097876	0.0010399956813446334	0.034644101577395774	0.013030990664012235	4.6566970806476116e-05	0.028950379201012406	0.0014605432838793377	0.00022071535734074447	0.024815477134406322	0.022097405799345177	0.02117428340710172	0.02299054011534778	0.07559299331762631	0.0002993418408363262	0.04187511598903731	0.020120808501773536	0.0005926007237285483	0.0002150312314660002	0.0001086880272163201	0.018791594811443314	0.017510719763097326	0.01659989278222643	2.6187260145527843e-05	0.0	1.9417098697112678e-05	0.009013712876993242	0.027973997520138134	0.0034993960922432427	0.015099034030401168	0.0
Sin-APnd_009-Ex1-4F-lcwgs-1-2.clmp.r1	2.0128201547707737e-05	0.08624179555634726	0.004428204340495703	0.05775535831595389	1.2580125967317337e-05	2.516025193463467e-06	0.0	0.0005233332402404012	0.09107507995299058	0.01921589081255788	1.006410077385387e-06	0.0001534775368012715	0.056677493123074144	0.00012283077948845592	0.08102920345173642	0.044668189132488476	6.384417692411741e-05	8.062023099171357e-05	7.373937061566825e-05	0.00012946406518935604	0.0010772186508626854	0.00012591730548574002	0.00010220989238632739	0.010034014843722796	0.00023113580423118963	0.0005125150220869743	0.0	8.430587528672994e-05	0.0001032394118519533	8.567153097802797e-05	1.0691196929032083e-05	0.019777174013715218	7.309177476331056e-05	0.020059477843097823	0.04522792413961358	0.00010450600439248238	0.011003023749878075	0.0
Sin-APnd_009-Ex1-4F-lcwgs-1-2.clmp.r2	0.0848479175991685	0.09733746665952116	0.0029840058794476723	0.004403044088561067	0.0004604326104038145	0.0008101601122952365	0.00015850958718819844	0.00031953519956986033	0.0004981729883057665	0.0009641408541352007	0.03246276345614304	0.012002446582898124	2.0128201547707737e-05	0.025895645717724746	0.0012580120884838598	0.00016456999630654932	0.022805794013387642	0.02044821611610306	0.020120637817645254	0.021444656357763926	0.07060899871570389	0.0002916288205364816	0.040069727943467484	0.019529528047382238	0.0005801424724659746	0.0002136353774683245	8.269688888790878e-05	0.0183667877331836	0.01713944491587054	0.01647407253409749	4.212770466007541e-05	4.22716372024901e-06	3.060549607377393e-05	0.009129907479491637	0.028333204772757147	0.0036830539663605245	0.014362021057694324	0.0
Sin-APnd_010-Ex1-4G-lcwgs-1-2.clmp.r1	2.0099982943154475e-05	0.08762386564238762	0.004795855930236658	0.05870602018207127	1.8089984648839026e-05	2.009998294315447e-06	0.0	0.0005728495138799026	0.09114538265402829	0.01923407567796338	0.0	0.00019255783659541989	0.05726203740743505	0.00012346192233036204	0.08175082325184294	0.045357989967480035	6.885186358886328e-05	7.954155968985969e-05	0.00010442027178777812	0.00013754779000642222	0.0011413158208564394	0.00013398611787363606	0.00010691404312182967	0.010073026766737788	0.0002175628224065032	0.0004942375294880502	0.0	0.00011361207464695705	0.0001429278503784486	0.00010337670630671996	9.058532865070594e-06	0.020080862302229132	4.1464505936377626e-05	0.01979784592589809	0.044930331364038074	8.785651625191801e-05	0.010956456713029148	0.0
Sin-APnd_010-Ex1-4G-lcwgs-1-2.clmp.r2	0.08662891648670147	0.09941853563343066	0.003035097424416326	0.004570736121273328	0.0005024995735788618	0.0007396793723080846	0.0002030098277258602	0.00030953973732457895	0.0005004895752845465	0.0009981651529570512	0.033069295937395465	0.01220390564376567	3.4169971003362606e-05	0.0267707324599965	0.0013865864881392213	0.00019609769818319927	0.02324477147546704	0.020905011820574745	0.02053113162423958	0.021830610474804675	0.07211412265363683	0.00025836342422696227	0.040275426183354106	0.01982553715949589	0.0005679866387394662	0.00021194759443166362	8.402402263375217e-05	0.018091736102188116	0.017298937740527112	0.016666524306771544	3.3511716198658794e-05	5.277799064900673e-06	2.1879585140561017e-05	0.009033732245819997	0.027813454400053964	0.0035396903506601705	0.015212120764729394	0.0
Sin-APnd_011-Ex1-4H-lcwgs-1-2.clmp.r1	1.9915206842778167e-05	0.08709282047016761	0.004795943902410851	0.05878606965318247	1.267331344540429e-05	1.8104733493434698e-06	0.0	0.000659012299161023	0.09365216541483902	0.019749729578648175	3.62094669868694e-07	0.00018430618696316524	0.05943892634295572	0.00014309907655847329	0.08369400210637686	0.045821059478051845	5.871818694443358e-05	8.741207009703555e-05	9.778386346892465e-05	0.00014073039171714057	0.00117462638003441	0.0001367852125336716	0.00011385593302615414	0.009760536459310307	0.00019060755244573515	0.0005491824421305465	0.0	0.0001208578807165883	0.00012693273427237073	0.0001124904640088118	4.5677340836963276e-06	0.019827510337267134	4.747181266179581e-05	0.020687053237566706	0.04519670512375107	0.00014559175717707566	0.01102554608383998	0.0
Sin-APnd_011-Ex1-4H-lcwgs-1-2.clmp.r2	0.08665649639297585	0.09973897681533177	0.0031810016747964766	0.004759734435423982	0.0005630572116458192	0.0008382491607460266	0.0002462243755107119	0.000389251770108846	0.0006191818854754667	0.0010109683182733936	0.03422446400664922	0.012632396747709126	2.7519194910020742e-05	0.027380096033790328	0.0013997183409978923	0.00022530902378038243	0.023658252558170216	0.020743672145111875	0.020363075340491435	0.02181381733792162	0.07160257867741879	0.000293284333435238	0.04030265147433612	0.0198630948873728	0.0006073517711180313	0.00017295025127200792	8.367364300446567e-05	0.018310036466316022	0.017241454688726246	0.016159207022562086	2.695624260528491e-05	2.634391159931648e-06	2.7806849667457883e-05	0.00861589412447129	0.027675855277528204	0.003079439578225464	0.014838186013768594	0.0
Sin-APnd_012-Ex1-5A-lcwgs-1-2.clmp.r1	4.011113190204781e-05	0.08983890767761159	0.0049497136767127	0.06076234816181713	1.8050009355921516e-05	2.0055565951023907e-06	0.0	0.0006939225819054272	0.0961323442730429	0.01975513357307757	8.022226380409562e-07	0.0002057701066575053	0.061900300973878226	0.00016089579847224263	0.09017174653862825	0.04867564532138048	7.080787308645935e-05	0.00010306926514083135	0.00011570200960812438	0.00016695580690129143	0.001266214144746561	0.00017971337065231236	0.00012092073887408282	0.010793318926223592	0.00021883213595094687	0.0006443659011633321	0.0	0.00013011288996744576	0.00013909490259223043	0.00010989234799067703	1.2926689554950453e-05	0.02163536317257287	7.512903938417507e-05	0.022972422091304144	0.047413902436580925	0.00012846281142918218	0.010763313842728939	0.0
Sin-APnd_012-Ex1-5A-lcwgs-1-2.clmp.r2	0.08738811751839648	0.10156940820236547	0.0032911183725630234	0.005152274892818042	0.0005836169691747957	0.0009305782601275093	0.0002406667914122869	0.00036701685690373754	0.0006457892236229698	0.0010910227877357005	0.035088014853954366	0.013333341355559716	3.2891128159679206e-05	0.029626892424825423	0.0014901501118069786	0.00022239292242900207	0.025520762887660035	0.022983599361420217	0.02223342920002924	0.024341708519759718	0.07861907021222744	0.00034293362507216413	0.04400748350720611	0.02092118255366647	0.000707613010352352	0.0001905975155874661	0.00010832079808182765	0.019486216705861592	0.017694724095897413	0.017027764434293442	4.245256896520653e-05	2.493368388098175e-06	2.93749009331466e-05	0.009822451288441893	0.028019523611143324	0.0036195672914053055	0.015165437021955873	0.0
Sin-APnd_013-Ex1-5B-lcwgs-1-2.clmp.r1	2.08979020456817e-05	0.08720926722574592	0.004729891829672625	0.06053425625899133	1.6253923813307988e-05	2.3219891161868558e-06	0.0	0.0006013951810923956	0.0925986039644156	0.019412757806968585	9.287956464747422e-07	0.0001815795488858121	0.05832929539426029	0.00015331849448802125	0.08245737024027004	0.04461330951504499	5.02630912353496e-05	8.048182773621737e-05	9.441483576061307e-05	0.00016072912528015203	0.0012205467867521867	0.00015473951578809803	9.826875502543523e-05	0.010203245490865214	0.00021605150937077492	0.0005504589326246456	0.0	8.918804351883867e-05	0.00012665744566686893	0.00011230324547273749	1.0942330925120827e-05	0.020229933005958677	4.765495020295978e-05	0.020401649791200262	0.045158645688406586	0.00011419244624580914	0.011240916365205729	0.0
Sin-APnd_013-Ex1-5B-lcwgs-1-2.clmp.r2	0.0885560209131343	0.10096705273915305	0.003192735034756926	0.004753111720834494	0.0005433454531877242	0.000933439624707116	0.0002600627810129278	0.00031579051980141235	0.0005688873334657795	0.0010356071458193375	0.03400878139131916	0.012640444350698004	3.157905198014124e-05	0.02752485488263161	0.0013938362932031704	0.0002056962867706312	0.023438641098751267	0.0203961295339022	0.020101577192042	0.021629059237576846	0.07044924547662912	0.0003065914756532475	0.04049237278880235	0.019560639062989018	0.0005839878423270985	0.00019769202558358158	9.42112233759305e-05	0.018451350084127842	0.017395015534179614	0.016937085293014117	2.864158511124481e-05	1.2868339047447797e-05	2.0601513727123373e-05	0.008895673476922985	0.027966475908466345	0.0033524778750199913	0.015358068961973467	0.0
Sin-APnd_014-Ex1-5C-lcwgs-1-2.clmp.r1	2.178787073049311e-05	0.08751098278902557	0.00486958910826521	0.06089165172404561	2.7234838413116382e-05	2.7234838413116387e-06	0.0	0.0006890414118518446	0.09485349522520174	0.019938625202242505	1.0893935365246555e-06	0.00021352113315883245	0.060434106438705254	0.00015640487301125957	0.0848555572456627	0.04602501747402439	6.921085196789383e-05	8.432484267141127e-05	0.00010695749293176756	0.00016020087563885777	0.001281124990366717	0.00016702269646524473	0.00010347580025897826	0.010018242694598273	0.00018783535675785405	0.0005425392985568811	0.0	0.00010625897224196868	0.00013602270923545017	0.00012762439358205853	5.203403650395797e-06	0.020479088483281033	6.236563129844153e-05	0.02014959326059761	0.04679317123720037	0.00018981635267878327	0.011564406377659629	0.0
Sin-APnd_014-Ex1-5C-lcwgs-1-2.clmp.r2	0.08745923659604066	0.10110933760869459	0.0034370366077352875	0.0051392140085550625	0.0005664846389928208	0.0009178140545220221	0.00023966657803542422	0.0003377119963226432	0.0006454656703908583	0.001118807162010821	0.035246783177486966	0.012998643677812187	2.4511354571804744e-05	0.028532694845915845	0.0014761424960348696	0.0002356680783450851	0.024256167124473992	0.021128615795848366	0.020540959302927694	0.022264896430037488	0.07275137857033796	0.0003118360404638446	0.041101305074508966	0.020551942541970538	0.000577742409126913	0.00018309639150875323	0.00011087105561771019	0.018145509078864617	0.017063276931997353	0.016266309648879134	3.557489926586113e-05	0.0	7.511499542437005e-06	0.009051847335748745	0.02684004271213112	0.003527223578213232	0.014168785175313075	0.0
Sin-APnd_015-Ex1-5D-lcwgs-1-2.clmp.r1	2.7653140464845973e-05	0.08863108050387783	0.004756340159953507	0.05995200852778607	1.9357198325392182e-05	0.0	0.0	0.0006470834868773957	0.09252740799537462	0.018887648000299094	1.106125618593839e-06	0.0001764270361657173	0.06016604383498398	0.00015158985251994756	0.08616053378475529	0.04642190999415445	6.422332056522184e-05	9.023679124734929e-05	0.0001180355478858073	0.0001575427697111212	0.0012759804031848572	0.0001762450697929055	0.00011824665808094678	0.010147442693811135	0.00021552365577382746	0.0006015736752466055	0.0	9.361081780405822e-05	0.0001097926432400818	0.00017593436226450646	1.744312255616402e-05	0.021101363953992664	4.5226188444088605e-05	0.020604816900939224	0.046497406808339935	8.385660855363762e-05	0.010981017189596702	0.0
Sin-APnd_015-Ex1-5D-lcwgs-1-2.clmp.r2	0.08865043770220321	0.10086482984552568	0.0033681525086182397	0.0049554427713003986	0.0005945425199941884	0.0009872171145950011	0.00022952106585822157	0.00035396019795002845	0.0005917772059477038	0.0010618805938500853	0.03418702449387978	0.012711595608880397	2.9312328892736735e-05	0.028606788224262682	0.0014245335615863106	0.00021998176288333764	0.02423143575579648	0.021807806050107216	0.020926214583447567	0.022982151294033547	0.07417847626201324	0.0003350901142509623	0.04176957147536976	0.020325098122232203	0.0006868237653765593	0.00022885050131078857	9.808441946161624e-05	0.01880110083889105	0.01699600608523899	0.017336432247122033	5.559663529163215e-05	1.0346373833937802e-05	3.760244551264636e-05	0.008827316476783056	0.027986701134238803	0.003767459642938159	0.014173395068263478	0.0
Sin-APnd_016-Ex1-5E-lcwgs-1-2.clmp.r1	3.260635949920946e-05	0.08927872049033544	0.0048458066578825135	0.06139275857401154	2.2573633499452703e-05	5.016362999878378e-06	0.0	0.0005793899264859527	0.09477916251970209	0.020007262188714924	1.0032725999756757e-06	0.00019814633849519594	0.061063183524919525	0.000154594077211791	0.08488304321356482	0.04555262979747375	5.500452712515421e-05	8.529547604919178e-05	0.00011263922064343179	0.00015852907109898374	0.0012152807588769305	0.00016710956503817234	0.00011897625117360541	0.009849678144458024	0.000178635791001356	0.000583846753572256	0.0	0.0001064437004120763	0.00015839284064360292	0.00011217869168155339	9.744989698815015e-06	0.020777245480963914	6.488660129173361e-05	0.020736482070333184	0.045005536164878776	0.00011913536318812586	0.01077405527804201	0.0
Sin-APnd_016-Ex1-5E-lcwgs-1-2.clmp.r2	0.08867675693035003	0.10249432881351503	0.0036669613529110943	0.005026395725878136	0.0005894226524857094	0.0009179944289777432	0.00022322815349458782	0.00040883358449008783	0.0005392590224869257	0.001116642403772927	0.035678881836634965	0.01329386358597769	4.1635812898990536e-05	0.02918060780992062	0.001441991403589663	0.00023062820658502562	0.024254486558109675	0.020499899961194723	0.020342663136353096	0.02200643700790446	0.0717874172862437	0.00032482740489545297	0.04089374964847387	0.019881134412001393	0.000670324957178228	0.0001941456784350049	0.00014631903185603938	0.01812778456346471	0.016831356772088257	0.0164469741169583	5.240776269498249e-05	5.7590738672060075e-06	2.786485933331374e-05	0.008347742121449097	0.02745466190403407	0.003224824472929418	0.014155733584990818	0.0
Sin-APnd_017-Ex1-5F-lcwgs-1-2.clmp.r1	2.399009281137169e-05	0.08787271120645307	0.004774028469462966	0.06015815648611593	2.6988854412793148e-05	0.0	0.0	0.000611747366689978	0.09449097806079024	0.019939365640171576	5.997523202842922e-07	0.00018352421000699342	0.060863465214770256	0.00014820633641370704	0.08591192719211783	0.04649311354378109	5.070097188363777e-05	8.488449731082376e-05	9.45032472826269e-05	0.00017151706142697385	0.0011759220723245524	0.00015976373251659154	9.460533288727344e-05	0.010086225712492574	0.00020023319331809647	0.0005635921603590007	0.0	9.667252297092943e-05	0.0001338124711885023	0.00011046215069637464	5.136402563290881e-06	0.021057400995875844	3.0141531066197886e-05	0.021307859376918634	0.04466430509032561	0.0001094984723594375	0.011033789054481257	0.0
Sin-APnd_017-Ex1-5F-lcwgs-1-2.clmp.r2	0.0862413848952798	0.09964884801523514	0.0031097157806740552	0.0046810668598189	0.0005187857570459127	0.0008636433412093807	0.0001919207424909735	0.0003118712065478319	0.0006237424130956638	0.001014181173600738	0.035306219590495715	0.013207745597300683	3.4785634576488944e-05	0.0290916231863885	0.0013872189364098231	0.0002097859733441058	0.024382835763499176	0.02125664742295452	0.020680330288732163	0.022591411397501007	0.07262466946025685	0.00025265596549712405	0.041194795576123065	0.019851016578978496	0.0006401956798866844	0.00019239991673586582	0.0001142751829071558	0.01845872116946189	0.017199615825372435	0.016351875289028494	2.517993582137958e-05	0.0	2.9235297441012488e-05	0.008849586411976217	0.027646719754061612	0.0037435567127971987	0.014186372236647038	0.0
Sin-APnd_018-Ex1-5G-lcwgs-1-2.clmp.r1	2.9116958922318456e-05	0.08604352531134328	0.00465289003578649	0.05962862017701597	1.7470175353391076e-05	2.911695892231846e-06	0.0	0.0006085444414764558	0.08915321652424689	0.0188293549958849	5.823391784463692e-07	0.00017411941435546436	0.055436942770559	0.00013515694462276845	0.07960858028928566	0.043429801259537416	6.385813408441627e-05	9.108783038112727e-05	0.00010721115993567713	0.00014961095054585638	0.0011571539562627612	0.0001573254277201715	0.00011536628850678852	0.010025629741261127	0.0002358781562311751	0.0005257404691590244	0.0	0.00010258323097569048	0.00013866021989084322	8.897571035135365e-05	1.039227891089125e-05	0.020539159640187613	8.634068401287639e-05	0.020159110839010966	0.04561226727282162	7.451016273913664e-05	0.011264137202113266	0.0
Sin-APnd_018-Ex1-5G-lcwgs-1-2.clmp.r2	0.08831464810728411	0.0995508825554068	0.003036898815597815	0.004696565474169968	0.0005386637400628915	0.0008210982416093804	0.0002038187124562292	0.000358138594744517	0.0005328403482784277	0.0009695947321132048	0.032266831538534865	0.011865743100023219	2.9116958922318456e-05	0.025308706299247457	0.001348841007480802	0.00019170141043073013	0.022317274258741512	0.019699714476917568	0.01941484906120245	0.02116363602434315	0.06931737851892596	0.00023108439673705917	0.039708733338808797	0.0194159728503592	0.0005920592422371905	0.0001992626500525897	7.728421760490918e-05	0.018021089311235042	0.01749452832899263	0.017125058687174947	6.635413867351441e-05	6.237605877122158e-06	7.630933852318232e-06	0.009478325667791977	0.027637858014376505	0.0032337020703385754	0.014831998604559153	0.0
Sin-APnd_019-Ex1-5H-lcwgs-1-2.clmp.r1	2.8909162616954726e-05	0.08824762798513905	0.0050061033265026604	0.060723696076913414	2.4090968847462274e-05	7.227290654238682e-06	0.0	0.0006817744183831824	0.09454982543563518	0.01958643949236378	4.818193769492454e-07	0.00019658230579529213	0.06067985051361102	0.00017399928828025192	0.08749402756752317	0.04729330427727073	6.742914226738832e-05	9.299658408138951e-05	0.00010403101517673408	0.00017741841966773458	0.0012982585244333234	0.00017008769304411415	0.0001247708185860511	0.01041369729755131	0.00019637435763524008	0.0005839283577860978	0.0	0.00011865720469566657	0.0001345766519492009	0.0001558702179862644	2.1267468079214086e-05	0.019969379998867446	7.241256583530661e-05	0.020885066179867236	0.046441382289278244	0.00012206462739866383	0.01066751409555806	0.0
Sin-APnd_019-Ex1-5H-lcwgs-1-2.clmp.r2	0.08839458289510857	0.10184697989953151	0.003483554095343045	0.005049467070428092	0.0006022742211865569	0.0009323204943967899	0.00030113711059327845	0.00038063730778990394	0.0005854105429933332	0.0010937299856747871	0.03509475977822914	0.013188359985854747	3.420917576339643e-05	0.02921742065643299	0.0015507595355904499	0.00022424740217233245	0.024884643565665453	0.022021815709516168	0.0211686357529189	0.02324343085062044	0.0751304759284312	0.0003684097178739619	0.04241062904200598	0.02036554388438166	0.0006329411822994468	0.00023187438309639225	0.00010083303123301433	0.018929711860787634	0.01760086051230983	0.01701689857682246	3.8238732331793727e-05	8.347237396224537e-06	2.509421623485376e-05	0.009075935996741375	0.028003674000052554	0.0034319614537860407	0.014762484824154315	0.0
Sin-APnd_020-Ex1-6A-lcwgs-1-2.clmp.r1	2.9687210251502625e-05	0.09253715486895164	0.005265238789605787	0.06406924075277859	1.908463516168026e-05	0.0	0.0	0.0007421802562875656	0.10153237957515693	0.020946447347453066	1.6964120143715787e-06	0.00023452896098687074	0.06741286883310496	0.00016716333339656408	0.09411120627156132	0.050568860667053	7.197554199565889e-05	0.00010927921314127031	0.00011965354664998208	0.0002079503714522272	0.0014210281816414278	0.00017972638189359214	0.00013097120539746026	0.01079380988432144	0.0002530357483822007	0.0006654077363954577	0.0	0.00010385793273381342	0.00012404497277068867	0.00010371085689659514	9.601708335947133e-06	0.02059761841434023	5.582845070885151e-05	0.021558014649065996	0.0453297258283377	7.600323638670143e-05	0.011164831288932196	0.0
Sin-APnd_020-Ex1-6A-lcwgs-1-2.clmp.r2	0.09085770697472377	0.10584550712169669	0.003833891152479768	0.005880188144815484	0.0006849263508025248	0.0011259934745391352	0.0003095951926228131	0.000430464548646788	0.0007252161361438498	0.001247711036570296	0.039013659403513964	0.015313511253732238	2.9263107247909732e-05	0.03451922512436834	0.0017302127499184581	0.00026111230218567175	0.027456769899983944	0.023641703653110194	0.022505517627699246	0.025016983586792264	0.07842810636706267	0.00037370447515097145	0.04359034235046111	0.020745412835025102	0.0006827100990560616	0.0002222123782576943	8.982955647028201e-05	0.018766545675758327	0.017170163280461077	0.016659276020259368	2.497758729869704e-05	0.0	4.477047698645263e-05	0.009048595858165386	0.02702297674068732	0.0036329421231072415	0.014459868970419381	0.0
Sin-APnd_021-Ex1-6B-lcwgs-1-2.clmp.r1	1.1071885573391226e-05	0.08856678067294976	0.004813502253031835	0.06037499203170235	1.3839856966739032e-05	0.0	0.0	0.0005951138495697783	0.09426326580045954	0.019549074762658214	1.6607828360086838e-06	0.00019043643186232906	0.059656426657989266	0.00013790018654904633	0.08544591073577391	0.04669945096118028	6.110045514559529e-05	9.540650300826368e-05	0.00010036861003493473	0.0001514007562087477	0.0012247076901691703	0.00014444148430698626	9.924428559834471e-05	0.010404082567630977	0.00025782269032673577	0.0005644369348434783	0.0	0.00010702677734862753	0.00014247866003949466	0.00013637142801418034	9.09614075004351e-06	0.02107379242980397	2.5458855561643994e-05	0.020940070156058362	0.04499942050323052	0.00010229611671519277	0.011021581662755641	0.0
Sin-APnd_021-Ex1-6B-lcwgs-1-2.clmp.r2	0.08731565760315654	0.10100327614326146	0.003232990587430238	0.005079227506793225	0.0005757380498163437	0.0008691430175112112	0.00022143771146782452	0.0003847480236753451	0.0005923458781764305	0.0010579186665375315	0.034565319571570066	0.01302053743430808	2.8786902490817184e-05	0.02933507683454135	0.0014437033987021901	0.0002180865794447423	0.02466558218140881	0.021897087665520083	0.02102011619272232	0.022974860765917624	0.07473256873972425	0.00030067056014882154	0.042472912863745625	0.020270352476577855	0.0006131367823227844	0.00022786003237597498	0.00010135617783601021	0.018711554229194984	0.017358766304972916	0.016907129687586762	5.068860922889894e-05	0.0	2.484037677386683e-05	0.009395673520727822	0.027145158280215773	0.003451398207997348	0.01425381247946642	0.0
Sin-APnd_022-Ex1-6C-lcwgs-1-2.clmp.r1	6.143252540142776e-06	0.08832768502217284	0.004650442172888082	0.05967555517494693	3.685951524085666e-05	0.0	0.0	0.00047917369813113656	0.0883215417696327	0.018822925782997466	0.0	0.00018675487722034042	0.05587288185259856	0.00013765741324931217	0.08026192958410963	0.04471969553628459	5.5393794684245285e-05	0.0001100422755956975	8.972399329492599e-05	0.00014334627945709031	0.0010769834222944415	0.00015070861987395777	0.00010210639363689291	0.010044954533649538	0.0001843813584617765	0.0004351770761426222	0.0	4.2883839068006484e-05	0.00014121543674517172	0.00011435312689544511	1.6062047045253933e-05	0.019470890061145493	3.4343454463842006e-05	0.020911041742605083	0.04581527033309295	7.920219627690276e-05	0.010482829947677848	0.0
Sin-APnd_022-Ex1-6C-lcwgs-1-2.clmp.r2	0.08864713415426027	0.09921352852330584	0.00305319651245096	0.00493303178973465	0.000466887193050851	0.0007986228302185609	0.00023958684906556828	0.0003378788897078527	0.000522176465912136	0.0009374603376257878	0.03345615333361756	0.012443772345313209	1.842975762042833e-05	0.027302871339268647	0.0013726200694751773	0.00019301314019490393	0.023184381987460177	0.020412484262562345	0.0204150034129652	0.021355712956878704	0.07126751462282192	0.00024490131520838777	0.04045706125362651	0.019442314724469577	0.0005217820588678076	0.0001925768104644588	8.040757958832687e-05	0.017822772899154828	0.017591510371752158	0.016649846494918644	3.94702336811503e-05	9.379634712002067e-06	2.230692409154494e-05	0.009542300060611523	0.027757232964274892	0.0031872431352379512	0.015299716780051972	0.0
Sin-APnd_023-Ex1-6D-lcwgs-1-2.clmp.r1	1.545470795377472e-05	0.09332789039125479	0.005236055054738876	0.06390830833044922	1.545470795377472e-05	0.0	0.0	0.000828372346322325	0.10159925008811502	0.020444105869571353	2.4727532726039554e-06	0.00022934786603401688	0.0683635915393634	0.00017251961088851032	0.10174021683997955	0.0543005661124603	8.234090218312526e-05	0.00012463806424430673	0.00012393596508633462	0.00018262885786439183	0.0015965290665855786	0.00019454817274061956	0.00015789303606683413	0.01195498206806883	0.00028099944016687147	0.0008100725585923122	0.0	0.00010760146997954855	0.00013284065195535167	0.00016407133165214908	2.0248246198155548e-05	0.022632111382965094	6.068135924190871e-05	0.024057026418989012	0.0502838057651936	0.0001262277721768587	0.011102991719026744	0.0
Sin-APnd_023-Ex1-6D-lcwgs-1-2.clmp.r2	0.09191842102587053	0.10668075806331614	0.003795676273447072	0.005776969833120991	0.0007758263392794911	0.001168375921305369	0.00029054850953096474	0.00040800428997965265	0.000720189390645902	0.001219685551711901	0.038171892269187255	0.014931102448300836	3.276398086200241e-05	0.034618324608012944	0.0018148455009693542	0.0002503324541742043	0.028633550512693454	0.025921281643362288	0.024619975318077553	0.02746151785840949	0.08843984459039624	0.0004077092095985417	0.04817646499383843	0.022605221371282364	0.0008440542218793194	0.000295784072243679	0.00014975109563675104	0.020558785103717985	0.018559151817117855	0.01762549511154542	7.275905340074658e-05	1.1598015564072966e-05	1.358670853969468e-05	0.009869899394103166	0.02745100134552023	0.003786435425649434	0.014894941507212267	0.0
Sin-APnd_024-Ex1-6E-lcwgs-1-2.clmp.r1	3.130682972265405e-05	0.08610004310324317	0.004476876650339529	0.05824948738197012	2.5045463778123237e-05	0.0	0.0	0.00044455698206168754	0.08862337357888908	0.018852972858982266	3.7568195667184858e-06	0.00016279551455780105	0.05465922014937616	0.00010898198859685126	0.08051628266032924	0.04360083083970267	7.35809745179319e-05	7.780320527986697e-05	9.143977271364335e-05	0.0001301815272913472	0.0010998752374237427	0.00012529368840562277	9.980028300033581e-05	0.009945847020365418	0.00018998344579245087	0.000544722999646523	0.0	7.270793052923427e-05	0.0001241287403713336	0.0001340942636485425	8.964988492540772e-06	0.01986167461457659	2.6085220153388922e-05	0.021654324017867422	0.04605486050381563	0.00018782967041997304	0.010342334183021334	0.0
Sin-APnd_024-Ex1-6E-lcwgs-1-2.clmp.r2	0.08573062251251584	0.09707621760400567	0.003124421606320874	0.004470615284394998	0.0005447388371741805	0.0007388411814546355	0.00015027278266873943	0.0003318523950601329	0.0005134320074515263	0.0009805299069135247	0.03287592802835347	0.012150806751956489	2.3793190589217078e-05	0.02630098954654669	0.0013254038887223745	0.0001676952512897216	0.02304057278457281	0.02037081156744718	0.02003520955732212	0.021845562649700247	0.07072461298651302	0.00024202157618178873	0.039747184178959616	0.019278622506720744	0.000637738390240961	0.00017714835654487337	9.129640503884857e-05	0.01840711686869736	0.017297115283583592	0.016837612550065245	1.763307372158893e-05	1.0576956028209165e-05	1.2711141595253356e-05	0.009229038565290091	0.027338064912018532	0.0033778450744600904	0.014029409925272265	0.0
Sin-APnd_025-Ex1-6F-lcwgs-1-2.clmp.r1	3.253968393424043e-05	0.08677682911583236	0.0043635716155816405	0.057152700862099885	1.9523810360544255e-05	6.507936786848084e-06	0.0	0.00048158732222675825	0.08828667045038112	0.018608794448313412	0.0	0.0001626984196712021	0.05422673248273298	0.0001236916869863898	0.07801598546261078	0.04333314816328373	6.478190291211441e-05	6.921664263511469e-05	9.995704465002648e-05	0.00013917404587754123	0.001052600930375159	0.00014800771258323091	0.00011052724674355017	0.009944905514449381	0.00018392240586174332	0.0004975548803536629	0.0	9.859780580442962e-05	0.0001125349359433561	0.0001200202885724954	1.575005378643368e-05	0.020365621901882184	3.174534393024659e-05	0.020311421537772628	0.04460040878237845	7.608832941985692e-05	0.01111354851925519	0.0
Sin-APnd_025-Ex1-6F-lcwgs-1-2.clmp.r2	0.08496111475230175	0.09686087716705347	0.0030196826690975114	0.0043993652679093056	0.0005694444688492074	0.0008460317822902509	0.0002050000087857147	0.0003286508077358283	0.0005011111325873025	0.0009397460720208633	0.03154201722481661	0.011548333828261927	2.538095346870753e-05	0.024552138148867347	0.0012646091259397492	0.00016849328717709227	0.022037221960732833	0.01985508563034835	0.019614163213488186	0.02092794448457757	0.0689868396683831	0.0002650834045498521	0.03955912577881676	0.01924230843865185	0.0005400166885534751	0.00017053001410503903	9.813562184965206e-05	0.01788636461078022	0.0173714237990594	0.016709687877994338	1.5468040476149598e-05	6.299703082394321e-06	2.3129269952349078e-05	0.009500906509378293	0.028030041691488566	0.003225225136623719	0.014175662143885005	0.0
Sin-CPnd_013-Ex1-4E-lcwgs-1-2.clmp.r1	0.0	0.15737410071942445	0.0	0.04496402877697842	0.0	0.0	0.0	0.0	0.04496402877697842	0.02248201438848921	0.0	0.0	0.040467625899280574	0.0	0.07271405199054717	0.0278732695345164	0.0	0.0	0.0	0.0	0.0	0.0	0.0	0.013027618551328815	0.0	0.0	0.0	0.0	0.0	0.0	0.0	0.0743099787685775	0.0	0.0	0.03895092183848351	0.0	0.030216044719746184	0.0
Sin-CPnd_013-Ex1-4E-lcwgs-1-2.clmp.r2	0.13489208633093525	0.08992805755395684	0.0	0.0	0.0	0.0	0.0	0.0	0.0	0.0	0.02248201438848921	0.017985611510791366	0.0	0.008994423457456376	0.0	0.0	0.00476485443369705	0.014792170011340665	0.015375941776433807	0.026695141484249865	0.055685488361732934	0.0	0.018556318426424197	0.006515082415792559	0.0	0.0	0.0	0.0	0.0087404947120007	0.018738873793685	0.0	0.0	0.0	0.012121212121212121	0.039042165538781884	0.0	0.0	0.0
Sin-CPnd_015-Ex1-4A-lcwgs-1-2.clmp.r1	0.0	0.06704338664878842	0.0	0.038310506656450534	0.0	0.0	0.0	0.0	0.10535389330523896	0.015324202662580211	0.0	0.0	0.047888133320563166	0.0	0.07333500588609916	0.025620307049526024	0.0	0.0	0.0	0.0	0.0	0.0	0.0	0.024274054070455443	0.0	0.0	0.0	0.0	0.0	0.0	0.0	0.021415569118749332	0.0	0.018483149528679688	0.05307855626326964	0.0	0.007902015013828527	0.0
Sin-CPnd_015-Ex1-4A-lcwgs-1-2.clmp.r2	0.07662101331290107	0.09577626664112633	0.0	0.0	0.0	0.0	0.0	0.0	0.0	0.0	0.038310506656450534	0.009577626664112633	0.0	0.019158189167959846	0.0	0.0	0.018275224886795133	0.021105951878429716	0.01990005748905497	0.02102803738317757	0.0644505589846558	0.0	0.050712796528990814	0.012128195021375944	0.0	0.0	0.0	0.028087633416258726	0.012980831638613648	0.004623208506703652	0.0	0.0	0.0	0.012317546344768122	0.03320494089520521	0.0	0.007985944737262418	0.0
Sin-CPnd_018-Ex1-11A-lcwgs-1-2.clmp.r1	0.0	0.08588557571402909	0.002806718160589186	0.05613436321178373	0.0	0.0	0.0	0.0005613436321178373	0.06960661038261182	0.01459493443506377	0.0	0.00011226872642356745	0.04299892222022633	0.0	0.07626001833413219	0.038304732080965326	0.0	0.0	0.0	0.0002849506180578905	0.0009220357319580659	0.0003338675213675214	0.0001820836929486269	0.008778247502688338	0.0	0.00048405990725412177	0.0	0.0	0.0003269875940906802	0.0	0.0	0.02372458394109274	0.00048288183881404226	0.021220496877934397	0.0425727965661832	0.0	0.014428973378544116	0.0
Sin-CPnd_018-Ex1-11A-lcwgs-1-2.clmp.r2	0.08588557571402909	0.08420154481767558	0.003929405424824861	0.004490749056942698	0.0	0.002245374528471349	0.0	0.0011226872642356746	0.0	0.0007858810849649721	0.03154751212502246	0.012125022453745285	0.0	0.02279769237939403	0.0015863321620914203	0.0	0.02107415948828109	0.01844902671971285	0.01996183297535113	0.019370073805678283	0.0686626452168864	0.00016686885609730457	0.03895059099331288	0.019543480255102243	0.0006578875231631232	0.00024175202527759176	0.0	0.01565957849142121	0.022825317842550957	0.012250265722675601	0.0	0.0	0.0	0.0073762631850704434	0.027229328883945123	0.005756941912456103	0.01518679761061051	0.0
Sin-CPnd_019-Ex1-1H-lcwgs-1-2.clmp.r1	0.0	0.0894124049993197	0.0019437479347678191	0.08163741326024841	0.0	0.0	0.0	0.0	0.11856862402083697	0.015549983478142553	0.0	0.0	0.04509495208661341	0.0	0.06421098790954081	0.03693656839421248	0.0	0.0	0.0	0.0	0.0004891745668359211	0.0	0.0	0.00865255064832326	0.0	0.0	0.0	0.0	0.0	0.0	0.0	0.014178587182557188	0.0	0.0209564524917222	0.04867956675185591	0.0	0.0	0.0
Sin-CPnd_019-Ex1-1H-lcwgs-1-2.clmp.r2	0.10301864054269441	0.10690613641223007	0.005831243804303458	0.009718739673839096	0.0	0.0	0.0019437479347678191	0.0019437479347678191	0.0	0.0011662487608606917	0.03032246778237798	0.005831243804303458	0.0	0.013998413513135178	0.0023494032515741	0.0003971768668305683	0.015446275415220272	0.013012197886147464	0.02758922706371798	0.016123682464804303	0.053802359478019285	0.0	0.037956038975753455	0.014836520094211903	0.0006789234989001439	0.0	0.0	0.021523085849038948	0.019027081879875687	0.014422903570870543	0.0	0.0	0.0	0.006243236493798384	0.03632225101096932	0.0	0.017146776406035662	0.0
Sin-CPnd_020-Ex1-12E-lcwgs-1-2.clmp.r1	0.0	0.0896082309570902	0.0027857481126556537	0.058965001717878	0.0	0.0	0.0	0.0	0.08914393960498092	0.016807346946355776	0.0	0.00018571654084371025	0.046893426563036834	0.0	0.06828003619122906	0.03857398471171675	0.0	0.0	0.0002159652295980347	0.0	0.001102764139580533	0.0002638511984781063	0.0002856322684486312	0.006986319234423613	0.0001696606109139278	0.0005587591077734566	0.0	0.00022625970088467541	0.0	0.00027787812265540337	0.0	0.01879956248290949	0.0	0.021568585988877377	0.05087907739272995	0.0	0.015614021391209307	0.0
Sin-CPnd_020-Ex1-12E-lcwgs-1-2.clmp.r2	0.08542960878810672	0.10214409746404063	0.0032500394647649294	0.003714330816874205	0.00046429135210927563	0.0	0.0	0.00046429135210927563	0.0	0.000742866163374841	0.026928898422337984	0.009564401853451077	0.0	0.020435138406263556	0.0008429626202275437	9.54766960480286e-05	0.019884825515578086	0.017539648837767482	0.02019357757843369	0.01902881949101347	0.06994925922386948	0.00013188888625111116	0.03526118257726411	0.016908767118187628	0.0003389382420629137	0.00018602574596324133	0.00020469236784037272	0.01716602482297537	0.017510199691320193	0.01911325573536174	0.0	0.0	0.00037792609277329724	0.006310979842730382	0.02859285647323521	0.0026245616981964014	0.016278887488770582	0.0
Sin-CPnd_021-Ex1-3D-lcwgs-1-2.clmp.r1	0.0	0.10209869540555871	0.0	0.05672149744753262	0.0	0.0	0.0	0.0	0.05672149744753262	0.03403289846851957	0.0	0.0	0.04083947816222348	0.0022698899103393484	0.057852960914539606	0.021689882874632478	0.0	0.0	0.0	0.0	0.0	0.004144562334217506	0.0	0.00518295843267337	0.0	0.0	0.0	0.0	0.0	0.0	0.0	0.012365524916532707	0.0	0.03056701818737582	0.06723819129265424	0.0	0.020794343938448742	0.0
Sin-CPnd_021-Ex1-3D-lcwgs-1-2.clmp.r2	0.09075439591605218	0.10209869540555871	0.0	0.0	0.0	0.0	0.0	0.0	0.0	0.0022688598979013048	0.036301758366420876	0.0022688598979013048	0.0	0.029508568834411532	0.0	0.0	0.023057412958266084	0.01940724722060495	0.018197258279752517	0.026701378458662932	0.05547132132687401	0.0	0.03241040837114548	0.03109452736318408	0.0	0.0	0.0	0.023921537357467507	0.01784758165268606	0.029886431560071723	0.0	0.0	0.0	0.0	0.050276520864756154	0.0	0.02115506663845991	0.0
Sin-CPnd_022-Ex1-1D-lcwgs-1-2.clmp.r1	0.0	0.07503081622809368	0.002679672008146203	0.05895278417921647	0.0	0.0	0.0	0.0	0.07503081622809368	0.026260785679832786	0.0	0.0	0.05520124336781178	0.0	0.07851066346888075	0.04554203149990512	0.0	0.0	0.0	0.0	0.0	0.0	0.0	0.008547514317086481	0.0	0.001416049505090698	0.0	0.0	0.0	0.0	0.0	0.015020653398422831	0.0	0.01885527528701919	0.03766478342749529	0.0	0.015351354117361103	0.0
Sin-CPnd_022-Ex1-1D-lcwgs-1-2.clmp.r2	0.08039016024438608	0.09378852028511711	0.0	0.0	0.0	0.0	0.0	0.0	0.0	0.001607803204887722	0.026796720081462028	0.007503081622809367	0.0	0.014471469765347798	0.0	0.0	0.01868737667705465	0.020106115610164756	0.021053230532874334	0.019201005434466387	0.057370975067530416	0.0	0.03558492724153269	0.015774840444061758	0.0	0.0	0.0	0.01620245351438932	0.016144916772954036	0.011853557760693603	0.0	0.0	0.0	0.008371353229249508	0.026574835845024417	0.0011806793629054158	0.020723241114910373	0.0
Sin-CPnd_023-Ex1-12B-lcwgs-1-2.clmp.r1	0.0	0.08853784410349608	0.002329943265881476	0.04718135113409989	0.0	0.0	0.0	0.0	0.06523841144468133	0.015843614207994034	0.0	0.0	0.047064853970805814	0.0002330956146556537	0.06978992290099734	0.039561843509317	0.0	0.0	0.0	0.0003037334920847052	0.0004929378438241461	0.0003586003112650702	0.0	0.009127934522283027	0.0	0.0002681108906643788	0.0	0.0	0.0003717333928106762	0.0	0.0	0.01807636489466644	0.0	0.018535562714117708	0.04258067263269202	0.0	0.02403674951926501	0.0
Sin-CPnd_023-Ex1-12B-lcwgs-1-2.clmp.r2	0.08213050012232202	0.07688812777408871	0.0058248581647036895	0.0034949148988222137	0.000582485816470369	0.002329943265881476	0.0	0.001164971632940738	0.0	0.001164971632940738	0.027493330537401415	0.011300224839525157	0.0	0.020861960255052034	0.0010610017034971796	0.0	0.019005400806282102	0.017635468241571438	0.019490809659532277	0.018219997358100384	0.06851048029625442	0.0001792548376399308	0.03365969458256073	0.01628579618000365	0.00024060613497522962	0.0	0.00029803505488315535	0.01826302070362438	0.01704063450432128	0.01777976249545169	0.0	0.0	0.0	0.005075820062178796	0.03803968807455779	0.0	0.013418135952553471	0.0
Sin-CPnd_024-Ex1-12C-lcwgs-1-2.clmp.r1	0.0	0.0866407794519577	0.003938217247816259	0.055135041469427624	0.0	0.0	0.0	0.0007876434495632517	0.07403848425894566	0.016698041130740936	0.0	0.0	0.04426556186545475	0.0	0.06585020911028873	0.040147217388169516	0.0	0.0	0.0	0.0	0.0004583865252697032	0.00025229080046825175	0.0	0.01153769395799032	0.0	0.0003911291899714475	0.0	0.0	0.0	0.0	0.0	0.016226365525927416	0.0	0.018129079042784626	0.041220115416323165	0.0	0.010546576317662879	0.0
Sin-CPnd_024-Ex1-12C-lcwgs-1-2.clmp.r2	0.07876434495632517	0.10081836154409622	0.002362930348689755	0.005513504146942762	0.0	0.0	0.0	0.0	0.0	0.0007876434495632517	0.025362119075936707	0.011499594363623475	0.0	0.021117560196866093	0.000637762219922735	0.0	0.01830602541971268	0.01628814820043109	0.020928082968222256	0.016144012982302388	0.06231228995374687	0.000252099357398738	0.040537782611248255	0.017442059658073338	0.0006964079279078513	0.0	0.0	0.01571809594915196	0.019840941783369984	0.019114328347165532	0.0	0.0	0.0	0.009449205794252992	0.02511432248882936	0.0	0.018488926453691844	0.0
Sin-CPnd_025-Ex1-3B-lcwgs-1-2.clmp.r1	0.0	0.06445941986522122	0.005859947260474656	0.046879578083797245	0.0	0.0	0.0	0.0	0.06445941986522122	0.012891883973044244	0.0	0.0	0.04336360972751245	0.0	0.06628944814034424	0.039887348458293545	0.0	0.0	0.0	0.0	0.0	0.0	0.0	0.0054771511511146	0.0	0.0	0.0	0.0	0.0	0.0	0.0	0.006482982171799028	0.0	0.026071734515251962	0.03194505450624925	0.0	0.009465663306356193	0.0
Sin-CPnd_025-Ex1-3B-lcwgs-1-2.clmp.r2	0.09375915616759449	0.08789920890711983	0.0	0.0	0.0	0.0	0.0	0.0	0.0	0.0	0.022267799589803693	0.014063873425139173	0.0	0.01055112017725882	0.0011838242257789565	0.0	0.02744613695622341	0.014267370523612499	0.0203898540086453	0.014299605330892867	0.07406847554984507	0.0	0.04096471913564443	0.01643355366468247	0.0	0.0	0.0	0.004820671037408407	0.015558552017425576	0.02230338175025788	0.0	0.0	0.0	0.011169856281182515	0.019930641368039223	0.0	0.019178213549407873	0.0
Sin-CPnd_028-Ex1-12H-lcwgs-1-2.clmp.r1	0.0	0.08159902398060637	0.0051494529696499165	0.053871200297876044	0.0	0.0	0.0	0.00039611176689614743	0.07724179454474875	0.018617253044118928	0.0	0.00031688941351691797	0.04745418967415846	0.0	0.06915662496482206	0.038550312640590466	0.00016766722080683146	8.701167957774973e-05	0.0	0.0	0.0008068403928505872	0.0	0.0001139171435048432	0.007777599541121627	0.0001298291578112362	0.0001388655517614401	0.0	0.0	0.0001703191610759402	0.0	0.00019490973730065605	0.020604138309961165	0.0	0.01829278432807277	0.04369352548323261	0.0	0.013394810552729414	0.0
Sin-CPnd_028-Ex1-12H-lcwgs-1-2.clmp.r2	0.08199513574750251	0.09665127112265998	0.001980558834480737	0.0035650059020653265	0.0007922235337922949	0.0	0.0	0.0007922235337922949	0.00039611176689614743	0.0007130011804130653	0.026856377795558797	0.008952125931852932	0.0	0.017751502736029608	0.0011192550238561215	0.0	0.020536548770112198	0.016268536997437053	0.015452185484398747	0.01622747483309565	0.06454820792994906	0.0	0.039515474236935695	0.01663897552491717	0.00038918986238246466	0.0	0.0	0.0157331405096584	0.01853445197536448	0.017286839619980676	0.0	0.0	0.0	0.006868343331904402	0.024070376714064194	0.004365668383829564	0.01652242092519549	0.0
Sin-CPnd_029-Ex1-4D-lcwgs-1-2.clmp.r1	0.0	0.0948136910969944	0.0	0.08533232198729496	0.0	0.0	0.0	0.0	0.08533232198729496	0.022755285863278657	0.0	0.0	0.05119939319237698	0.0	0.07935125510460818	0.03853799034521926	0.0	0.0	0.0	0.0	0.0	0.0	0.0	0.013558096443259365	0.0	0.0	0.0	0.0	0.0	0.0	0.0	0.022849308808408547	0.0	0.028893383415197923	0.016129032258064516	0.0	0.0	0.0
Sin-CPnd_029-Ex1-4D-lcwgs-1-2.clmp.r2	0.06636958376789609	0.13273916753579218	0.00948136910969944	0.0	0.0	0.0	0.0	0.0	0.0	0.001896273821939888	0.04171802408267754	0.015170190575519105	0.0	0.020874053551435567	0.0	0.0	0.015209125475285171	0.02357934449422306	0.018124385065506707	0.034300414463341436	0.08285004142502071	0.0	0.040008001600320066	0.022592743210880666	0.0051038636247639465	0.0	0.0	0.02196836555360281	0.02457002457002457	0.018153762367250612	0.0	0.0	0.0	0.014365752047119665	0.016048788316482106	0.0	0.0	0.0
Sin-CPnd_031-Ex1-3G-lcwgs-1-2.clmp.r1	0.0	0.08878629139660836	0.0	0.03551451655864335	0.0	0.0	0.0	0.0	0.11542217881559087	0.017757258279321675	0.0	0.0	0.028411613246914675	0.0	0.07716880226840386	0.031164640965003942	0.0	0.0	0.0	0.0	0.0	0.0	0.0	0.010376404057173987	0.0	0.0	0.0	0.0	0.0	0.0	0.0	0.02609376359050187	0.0	0.03510883739592738	0.05940807949881184	0.0	0.012824623276691248	0.0
Sin-CPnd_031-Ex1-3G-lcwgs-1-2.clmp.r2	0.06215040397762585	0.06215040397762585	0.0	0.0	0.0	0.0	0.0	0.0	0.0	0.0	0.028411613246914675	0.007102903311728669	0.0	0.026648190587859083	0.0	0.0	0.020764903537584478	0.009790100250626566	0.030482848317346774	0.012718870564293891	0.07345902989559915	0.0	0.041711649818431645	0.0155440414507772	0.0	0.0	0.0	0.019790223629527013	0.028268551236749116	0.015106881184379485	0.0	0.0	0.0	0.015012009607686148	0.021577300679684972	0.017514157277132347	0.019362333806634827	0.0
Sin-CPnd_032-Ex1-3E-lcwgs-1-2.clmp.r1	0.0	0.09426005854045741	0.004961055712655653	0.04961055712655653	0.0	0.0	0.0	0.0	0.1041821699657687	0.019844222850622612	0.0	0.0009922111425311306	0.04564171255643201	0.0	0.06880871178124813	0.022172949002217293	0.0	0.0	0.0	0.0011056076419600212	0.001145068761379121	0.0	0.0	0.010300782859497322	0.0	0.0	0.0	0.0	0.0	0.0	0.0	0.024059667976581923	0.0	0.0160395948856606	0.04671173939766441	0.0	0.014711940210674984	0.0
Sin-CPnd_032-Ex1-3E-lcwgs-1-2.clmp.r2	0.11410428139108002	0.07937689140249045	0.009922111425311306	0.004961055712655653	0.0	0.0	0.0	0.004961055712655653	0.0	0.0009922111425311306	0.023813067420747135	0.006945477997717915	0.0	0.015878056525881232	0.0009971879300372949	0.0	0.016365105503789546	0.02193440568205557	0.028935185185185182	0.015474400919621541	0.06412238214649675	0.001188001188001188	0.054303556882975834	0.014167589706602096	0.0	0.0	0.0	0.012575057373699267	0.016627315353663	0.012359629917367047	0.0	0.0	0.0	0.006853070175438596	0.029425467742330985	0.0	0.008881520516312393	0.0
Sin-CPnd_033-Ex1-1B-lcwgs-1-2.clmp.r1	0.0	0.05046681806712087	0.0	0.0757002271006813	0.0	0.0	0.0	0.0	0.05046681806712087	0.01514004542013626	0.0	0.0	0.020186727226848347	0.0	0.04614201486798257	0.02664251079021687	0.0	0.0	0.0	0.0	0.0	0.0	0.0	0.010946907498631636	0.0	0.0	0.0	0.0	0.0	0.0	0.0	0.0	0.0	0.0	0.08908685968819599	0.0	0.056753688989784334	0.0
Sin-CPnd_033-Ex1-1B-lcwgs-1-2.clmp.r2	0.0	0.05046681806712087	0.0	0.025233409033560434	0.0	0.0	0.0	0.0	0.0	0.0	0.025233409033560434	0.010093363613424174	0.0	0.005049739938393173	0.0	0.0	0.01124985937675779	0.024094934040118064	0.02597065316192702	0.007077641729775638	0.054619225967540576	0.0	0.0392156862745098	0.010948105977665865	0.0	0.0	0.0	0.0	0.020370747606437156	0.0	0.0	0.0	0.0	0.03872966692486445	0.0	0.0	0.05589714924538849	0.0
Sin-CPnd_034-Ex1-3C-lcwgs-1-2.clmp.r1	0.0	0.06213431367472687	0.0	0.06213431367472687	0.0	0.0	0.0	0.0	0.05177859472893906	0.0165691503132605	0.0	0.0	0.055920882307254186	0.0	0.08021668923846234	0.03910667667233889	0.0	0.0	0.0	0.0	0.0	0.0	0.0	0.007571054345028089	0.0	0.0	0.0	0.0	0.0	0.0	0.0	0.012198841110094541	0.0	0.02266374556168316	0.05937738569853253	0.0	0.011092008208086075	0.0
Sin-CPnd_034-Ex1-3C-lcwgs-1-2.clmp.r2	0.09320147051209031	0.07766789209340859	0.005177859472893905	0.0	0.0	0.0	0.0	0.0	0.0	0.0	0.023818153575311966	0.006213431367472687	0.0	0.01968055354146382	0.0	0.0	0.020544094113576404	0.015568009963526377	0.017280110592707794	0.021658825369704118	0.05308862007508248	0.0	0.0383430137608816	0.024244995681360144	0.0016230867864504717	0.0	0.0	0.022686493286860395	0.011259486117053618	0.02230206913641432	0.0	0.0	0.0	0.0	0.025396825396825397	0.004816723664563364	0.005601927062909641	0.0
Sin-CPnd_035-Ex1-12D-lcwgs-1-2.clmp.r1	0.0	0.08724813916078196	0.004544173914624061	0.04998591306086467	0.0	0.0	0.0	0.0009088347829248121	0.0745244521998346	0.016177259136061654	0.0	0.00018176695658496243	0.04525997218965564	0.0	0.06655449137538015	0.04111027505750323	0.0	0.0	0.0	0.00010815990793428635	0.0009155004526005362	0.00024359705150128863	0.0	0.008655083744915137	0.00045034023204531024	0.000485388982640872	0.0	0.0	0.0	0.0004404316229905307	0.0	0.018262162342906823	0.00027780787363075447	0.017400487213641982	0.04089700770226978	0.0	0.012082613898124076	0.0
Sin-CPnd_035-Ex1-12D-lcwgs-1-2.clmp.r2	0.09451881742418046	0.08224954785469549	0.004544173914624061	0.004998591306086466	0.0	0.0013632521743872181	0.0	0.0009088347829248121	0.0	0.0012723686960947368	0.029082713053593987	0.010906017395097745	0.0	0.016363294222029902	0.0011900947498512382	0.0	0.019067630980324112	0.014505581688627327	0.01750471340150561	0.015574150803204383	0.06670961407973343	0.0002435670887278369	0.03224980071443712	0.01827875520281744	0.00045006660985825905	0.0	0.0	0.016758114504995425	0.013623728875595022	0.016041488122706397	0.00023734477651615843	0.0	0.0	0.008365125790579075	0.03135292729676353	0.0017613200036635454	0.01492138784613693	0.0
Sin-CPnd_038-Ex1-11C-lcwgs-1-2.clmp.r1	0.0	0.08867710848522405	0.004273595589649352	0.05929613880638475	0.0	0.0	0.0	0.0	0.07959571785721917	0.01666702279963247	0.0	0.00021367977948246757	0.04412487446312955	0.00010687014742736838	0.06609656136143821	0.0385298760659015	0.0	0.00011882454011932361	0.00025073245217591887	0.0	0.0005710052118500712	0.0	0.00016631297440775948	0.009012256669069935	0.0	0.0002133815860226526	0.0	0.0	0.0	0.0	0.0	0.020331758206318266	0.0	0.018419975440032745	0.04152658806066416	0.0	0.01787432248432054	0.0
Sin-CPnd_038-Ex1-11C-lcwgs-1-2.clmp.r2	0.08493771234428087	0.09989529690805359	0.002136797794824676	0.0032051966922370134	0.000534199448706169	0.000534199448706169	0.0	0.0	0.0	0.000534199448706169	0.027885211222462018	0.01100450864334708	0.0	0.02383201740699101	0.0008625987945181845	0.00022017823428065018	0.01865173011856359	0.01817965779467681	0.017296831170393843	0.017334350281883206	0.06423689424608726	0.00015375342870146004	0.03390889809378802	0.017286956271203534	0.000587068064671418	0.0008523459757550188	0.0	0.0171291538198013	0.017789406271723603	0.014271442842871414	0.0003225931326373924	0.0	0.0	0.007747986542970741	0.025088911581393713	0.002862977878724257	0.01376455204324187	0.0
Sin-CPnd_039-Ex1-10F-lcwgs-1-2.clmp.r1	0.0	0.09144339238359672	0.002909562484932623	0.056944294347967044	0.0	0.0	0.0	0.0012469553506854099	0.07855818709318081	0.02036693739452836	0.0	0.0	0.043227785490427544	0.0001663133893088764	0.06573381661103607	0.03722413797519472	0.0	9.109899089647784e-05	0.0	0.0	0.0003191468990623464	0.00011346114352948116	0.00012148985438226053	0.009536338020073337	0.0001409153296150475	0.0001524360035548076	0.0	0.0	0.0	0.0	0.0	0.023328500403858983	0.0	0.01661425265531359	0.048496918829090394	0.0	0.012951944361586887	0.0
Sin-CPnd_039-Ex1-10F-lcwgs-1-2.clmp.r2	0.08146774957811344	0.09269034773428213	0.0016626071342472131	0.0004156517835618033	0.0004156517835618033	0.0	0.0	0.0004156517835618033	0.0	0.0004156517835618033	0.02568728022411944	0.00881181781151023	0.0	0.019042978088933203	0.00041923869606703794	0.0002561324512131714	0.018433632777456896	0.01739981215490752	0.018777320047505666	0.015354446868596041	0.06191627685299352	0.00011345457845951374	0.03984237965900754	0.019981402929560983	0.0	0.00015233661517181286	0.0	0.018434367387993318	0.017111434327092848	0.016920402197960246	0.0	0.0	0.0	0.007983016870775654	0.030935309755901072	0.003886156802894127	0.015064659102622044	0.0
Sin-CPnd_040-Ex1-11E-lcwgs-1-2.clmp.r1	0.0	0.08356274932892244	0.002861737990716522	0.05322832662732731	0.0	0.0	0.0	0.0005723475981433044	0.08184570653449252	0.017628306022813775	0.0	0.00022893903925732176	0.04407076505703444	0.0002290134900396308	0.07512939593653993	0.03793868824326145	0.0	0.00012827156629844177	0.0	0.0001448975067486014	0.0010890636230968614	0.0	0.00018145296648382258	0.009052587662503787	0.00021404292844972987	0.00023341362762123504	0.0	0.0	0.0	0.0	0.0	0.023506366307541625	0.0	0.023275300251373244	0.048706487602676825	0.0	0.01056826164529184	0.0
Sin-CPnd_040-Ex1-11E-lcwgs-1-2.clmp.r2	0.07383284016048626	0.08756918251592558	0.004578780785146435	0.005151128383289739	0.0	0.0005723475981433044	0.0	0.0	0.0	0.0006868171177719653	0.03147911789788174	0.009615439648807513	0.0	0.02164179959006538	0.0008090717750688	0.00023637113577512598	0.01701481758034605	0.018982536066818528	0.017377397707541112	0.01781712674930144	0.06174586831488216	0.00033554400911337527	0.035007591024271326	0.018490651402043805	0.0004279017623134081	0.00023324267967849828	0.00025426982605401203	0.017752332767477726	0.01631715718861425	0.014138179331296997	0.0	0.0	0.0	0.00880718295300209	0.02629077598236496	0.001665001665001665	0.014363509192645882	0.0
Sin-CPnd_042-Ex1-10D-lcwgs-1-2.clmp.r1	0.0	0.08390191391347021	0.007915274897497191	0.044325539425984266	0.0	0.0	0.0	0.0	0.056198451772230054	0.014722411309344775	0.0	0.00031661099589988756	0.03498551504693758	0.0	0.06676336948481734	0.03624905891866269	0.00017056609180208195	0.0	0.0001929384526336099	0.0002093127425411404	0.0018349128875106654	0.0	0.0	0.00826648607574009	0.0	0.0	0.0	0.0	0.0	0.0	0.0	0.02077162054764829	0.0	0.015316100756379746	0.0444791891309036	0.0	0.017834849295523453	0.0
Sin-CPnd_042-Ex1-10D-lcwgs-1-2.clmp.r2	0.0831103864237205	0.08152733144422106	0.0063322199179977525	0.004749164938498314	0.0015830549794994381	0.002374582469249157	0.0	0.0007915274897497191	0.0007915274897497191	0.0006332219917997751	0.02548718516994095	0.010131551868796402	0.0	0.020271575766598146	0.0016009528871584367	0.00032801888076677696	0.022511805907302524	0.017835138465529542	0.017360977152954066	0.020089902312850003	0.0614584456058358	0.00025390828324992445	0.039057193316125526	0.017804852458182443	0.0	0.0	0.0	0.018463031735313978	0.013871214816869811	0.014454746319202098	0.0	0.0	0.0	0.0058499374056697594	0.03208599045441784	0.003056748536581638	0.014273734544221813	0.0
Sin-CPnd_043-Ex1-1C-lcwgs-1-2.clmp.r1	0.0	0.08041041475691932	0.01286566636110709	0.05950370692012029	0.0	0.0	0.0	0.0	0.07558578987150416	0.018011932905549928	0.0	0.0006432833180553545	0.04567311558193017	0.00032168408049822433	0.06588317363122863	0.03878444971710166	0.0	0.0	0.0	0.0003541038869983676	0.002193832405829744	0.0	0.0	0.005754780578437659	0.00043008162949327783	0.00045176504603485824	0.0	0.0	0.0	0.000561245966044619	0.0	0.01838771447049723	0.0	0.020205518993187854	0.047962372744994895	0.0008335486667389075	0.015495538196501655	0.0
Sin-CPnd_043-Ex1-1C-lcwgs-1-2.clmp.r2	0.08362683134719609	0.09488428941316479	0.0016082082951383862	0.008041041475691933	0.0	0.0	0.0	0.0	0.0032164165902767725	0.00032164165902767727	0.021871632813882054	0.007719399816664254	0.0	0.01801430850790056	0.002906582440366617	0.0006518118740569097	0.018839300764478994	0.016843239965639793	0.016195615467846536	0.017351274787535412	0.06690675100085919	0.0	0.03469580062531295	0.016849892119593136	0.0004300261455896519	0.0	0.0	0.02200121006655366	0.020080851850873254	0.013448090371167292	0.0	0.0	0.0	0.008634398002575929	0.023908499857320242	0.003330058775537388	0.022978152372724017	0.0
Sin-CPnd_044-Ex1-2C-lcwgs-1-2.clmp.r1	0.0	0.10820168794633195	0.0	0.12984202553559834	0.0	0.0	0.0	0.0	0.04328067517853278	0.0	0.0	0.0	0.03029647262497295	0.0	0.06650115268664657	0.013922405791720811	0.0	0.0	0.0	0.0	0.0	0.0	0.0	0.011431184270690443	0.0	0.014863258026159332	0.0	0.0	0.0	0.0	0.0	0.0	0.0	0.0	0.045187528242205156	0.0	0.0	0.0
Sin-CPnd_044-Ex1-2C-lcwgs-1-2.clmp.r2	0.02164033758926639	0.15148236312486477	0.0	0.0	0.0	0.0	0.0	0.0	0.0	0.0	0.034624540142826225	0.0	0.0	0.008664385045271412	0.0	0.0	0.029812183245553018	0.021565667457407806	0.012054728467241276	0.006799945600435196	0.04604051565377532	0.0	0.029952076677316294	0.011376564277588168	0.012948336138806162	0.0	0.0	0.03818980332251289	0.04286326618088298	0.0	0.0	0.0	0.0	0.0388651379712398	0.08798944126704795	0.0	0.0	0.0
Sin-CPnd_045-Ex1-11H-lcwgs-1-2.clmp.r1	2.8227687918069703e-05	0.08462660837837296	0.0040930147481201065	0.05600373282945029	0.0	0.0	0.0	0.00042341531877104554	0.08465483606629103	0.017822962151469206	0.0	8.46830637542091e-05	0.04663778597823476	5.64629911066272e-05	0.06484879213598728	0.038956805784262624	2.3164898461011014e-05	5.3051138999112456e-05	7.231608347662464e-05	0.00012992212282354924	0.0007269970017750844	9.897797977497157e-05	5.480438158290536e-05	0.009014492563293444	0.00019394130351530546	0.0003049712662328776	0.0	0.0001213222040431491	0.00011906966656280129	8.733789722367381e-05	1.0306200302858002e-05	0.018965237345173903	0.0	0.018772583029934897	0.04470258318791825	0.00011552398285104236	0.012011594600272539	0.0
Sin-CPnd_045-Ex1-11H-lcwgs-1-2.clmp.r2	0.08301763016704299	0.09588945585768277	0.002540491912626273	0.0027663134159708305	0.000282276879180697	0.0003669599429349061	0.0	0.00022582150334455762	0.0001411384395903485	0.0007056921979517425	0.0261219023993817	0.009230453949208791	5.64553758361394e-06	0.01792702194504631	0.0008104762500136733	0.00010287876503415975	0.017657341594274366	0.01827306885050667	0.01718703757482945	0.018040460744458545	0.06254427934744278	0.00010556666204812521	0.03570709849994568	0.01752578077317665	0.00035793540175750756	0.00014069583155769982	3.28663220687575e-05	0.018263033930708023	0.01657133800881145	0.016051006531867935	3.087324034107521e-05	0.0	4.669588116645377e-05	0.008743686864749634	0.029348352915615127	0.003422793406688947	0.014331689027940396	0.0
Sin-CPnd_049-Ex1-4C-lcwgs-1-2.clmp.r1	0.0	0.07024445068839562	0.014048890137679125	0.04214667041303737	0.0	0.0	0.0	0.0	0.0561955605507165	0.022478224220286596	0.0	0.0	0.04776622646810902	0.0	0.06010475399982827	0.04152331237394709	0.0	0.0	0.0	0.0	0.0	0.0	0.0	0.005933309600094933	0.0	0.0	0.0	0.0	0.0	0.0	0.0	0.013601741022850925	0.0	0.017047391749062394	0.03827751196172249	0.0	0.02425418384671356	0.0
Sin-CPnd_049-Ex1-4C-lcwgs-1-2.clmp.r2	0.09834223096375386	0.08429334082607474	0.0	0.014048890137679125	0.0	0.0	0.0	0.0	0.0	0.0028097780275358245	0.025288002247822423	0.005619556055071649	0.0	0.016873839923505256	0.0	0.0	0.02505480739116818	0.03679791255477871	0.0036351739430731758	0.02384358607534573	0.06090928866652165	0.0	0.04795651942239037	0.02963841138114997	0.0	0.0	0.0	0.0	0.0502008032128514	0.022187708009762594	0.0	0.0	0.0	0.01694915254237288	0.0	0.0	0.024330900243309004	0.0
Sin-CPnd_050-Ex1-9B-lcwgs-1-2.clmp.r1	0.0	0.08830706993561938	0.007160032697482652	0.05847360036277499	0.0	0.0	0.0	0.001790008174370663	0.07995369845522295	0.015036068664713569	0.0	0.00023866775658275505	0.04009618310590285	0.0	0.07042680339891148	0.03467896914573305	0.0	0.00014052305491500463	0.00015209241134913574	0.0	0.0012884629189575231	0.0006163074963535139	0.0	0.00917890739531456	0.0005981540964583295	0.0	0.0	0.0	0.0	0.0	0.0	0.020793678721668613	0.0	0.021177467174925878	0.046330728245894244	0.0	0.008247558722618105	0.0
Sin-CPnd_050-Ex1-9B-lcwgs-1-2.clmp.r2	0.08532372297833493	0.10740049046223978	0.0	0.0029833469572844384	0.0005966693914568876	0.0	0.0	0.0	0.0005966693914568876	0.0008353371480396427	0.02947546793797025	0.010024045776475712	0.0	0.02041766665472651	0.001090876034059574	0.00012518057297651863	0.01907781776079048	0.016859189241589374	0.020530789340414173	0.0173172283110041	0.06790502865260965	0.00020534639884020353	0.04065040650406504	0.020175553517620858	0.0	0.0	0.0	0.019490084985835696	0.017228687330649833	0.018615488086087626	0.0	0.0	0.0	0.012571895527548166	0.02654087898565586	0.0013936505281935503	0.01648695881557688	0.0
Sin-CPnd_051-Ex1-12G-lcwgs-1-2.clmp.r1	0.0	0.09586584999326349	0.002590968918736851	0.05596492864471598	0.0	0.0	0.0	0.0	0.08187461783208448	0.01647856232316637	0.0	0.00010363875674947404	0.045808330483267524	0.0001036814160393077	0.0675966002578103	0.03841465508361089	0.0	0.0	0.0	0.0	0.0007240427069350259	0.0	0.0	0.00866229188843738	0.0006403674855543768	0.0	0.0	0.0	0.0	0.0	0.0	0.017039823862031237	0.0	0.019768054823405375	0.040513003464768806	0.0	0.01657500188352294	0.0
Sin-CPnd_051-Ex1-12G-lcwgs-1-2.clmp.r2	0.08757474945330555	0.10052959404698981	0.004663744053726332	0.002590968918736851	0.0005181937837473702	0.0	0.0	0.0	0.0	0.0007254712972463183	0.025391495403621137	0.011192985728943195	0.0	0.023328221860721185	0.0009431678492943532	0.00010730246956633706	0.019493329382685245	0.0184948255458022	0.018907636197176794	0.01855775533935993	0.06398869629545985	0.0	0.039656725815484906	0.018849234971101046	0.00021319052410758446	0.00023668246916619132	0.0	0.019721833836191034	0.016365969258163346	0.014558901676457528	0.0	0.0	0.0	0.009272541821890835	0.026431823915994856	0.004661570016781652	0.013605647855598726	0.0
Sin-CPnd_053-Ex1-9G-lcwgs-1-2.clmp.r1	0.0	0.09617095348691834	0.004327692906911326	0.0581834268595856	0.0	0.0	0.0	0.0004808547674345917	0.07212821511518876	0.015964378278828444	0.0	9.617095348691834e-05	0.04366161288306093	0.0	0.06927045527274997	0.04187292774302906	0.00010541851149061775	0.00022419664736333532	0.0	0.0	0.0011662079582031068	0.0	0.00018362842421104048	0.00895993865567581	0.0	0.0013610775378651771	0.0	0.0	0.0	0.0	0.0	0.016730801405387317	0.0	0.01869540093137088	0.040045319581184555	0.0	0.009190331770976931	0.0
Sin-CPnd_053-Ex1-9G-lcwgs-1-2.clmp.r2	0.09040069627770324	0.0928049701148762	0.0038468381394767335	0.0038468381394767335	0.0	0.0004808547674345917	0.0	0.0	0.0	0.0006731966744084284	0.030582363208840033	0.00923241153474416	0.0	0.018666912992941213	0.0009756887630900843	0.00010066347295021486	0.01855436217271581	0.019953747661319885	0.020185732917370247	0.019797746224569795	0.06368090184980633	0.0001627985725821156	0.03413670834036868	0.01686589944175955	0.00023731436084123195	0.0	0.0	0.02164541207453237	0.01415139495294661	0.016812535426413935	0.0	0.0	0.0	0.010097270371242974	0.03475775773842856	0.004438230921154827	0.01175794314381271	0.0
Sin-CPnd_058-Ex1-9D-lcwgs-1-2.clmp.r1	0.0	0.08062606781548148	0.0025595577084279834	0.04991137531434568	0.0	0.0	0.0	0.0006398894271069959	0.0787063995341605	0.012925766427561316	0.0	0.0	0.03916123293894815	0.00012803277639075603	0.0649400309275277	0.03708728719834895	0.0	0.0	0.0	0.0	0.0007704768673951526	0.0	0.0	0.011846480631004169	0.0	0.0003618586507738347	0.0	0.0004846769385865851	0.0	0.0	0.0	0.01960172851606005	0.0	0.022833794015142413	0.04746813352506737	0.0	0.017274140611504576	0.0
Sin-CPnd_058-Ex1-9D-lcwgs-1-2.clmp.r2	0.08510529380523046	0.10110252948290535	0.0019196682813209878	0.0031994471355349797	0.0	0.0006398894271069959	0.0006398894271069959	0.0006398894271069959	0.0	0.0007678673125283952	0.025851532855122632	0.009598341406604939	0.0	0.01933292448252419	0.0007776664562646866	0.0	0.018676036276109864	0.017465206496464776	0.020097873453580294	0.016026227269322492	0.06472242554994799	0.0	0.03220565124427623	0.019266602995131055	0.0003146207404284505	0.00036131736310588406	0.0	0.023685686111487074	0.020782897360572036	0.013073518933723795	0.0	0.0	0.0	0.014254828823263881	0.02341114094883977	0.006434695880185963	0.022796785653222896	0.0
Sin-CPnd_061-Ex1-9A-lcwgs-1-2.clmp.r1	0.0	0.0900772768216944	0.00592613663300621	0.061631820983264585	0.0	0.0	0.0	0.0	0.08237329919878633	0.014222727919214907	0.0	0.00023704546532024842	0.04468307021286683	0.00011857698136207007	0.06708775534451783	0.041152618304536766	0.0	0.0	0.0002890453266428975	0.0	0.0013536608064434255	0.0	0.0	0.009176467955102451	0.00024748309690448146	0.0	0.0	0.0	0.0	0.0	0.0	0.01758361006586318	0.0	0.01693930887619785	0.03849293521904471	0.0	0.009774136007102538	0.0
Sin-CPnd_061-Ex1-9A-lcwgs-1-2.clmp.r2	0.09481818612809936	0.10133693642440621	0.0023704546532024844	0.004148295643104347	0.0	0.0	0.0	0.0	0.0005926136633006211	0.0005926136633006211	0.02619352391788745	0.010904091404731428	0.0	0.019328025043428766	0.0007200426265234903	0.0	0.020517134371842286	0.020436446710950146	0.015461422306352909	0.021953179007155803	0.06698240866035182	0.00018497657271706537	0.03696722510196454	0.017891728206756812	0.0	0.0	0.0	0.0191613384699167	0.01936771848276273	0.015650999192737935	0.0	0.0	0.0	0.008416142160664154	0.02835121217915329	0.007263535598587969	0.01879315275564816	0.0
Sin-CPnd_062-Ex1-11D-lcwgs-1-2.clmp.r1	0.0	0.07904103852596314	0.00314070351758794	0.06333752093802346	0.0	0.0	0.0	0.0005234505862646567	0.061767169179229475	0.01654103852596315	0.0	0.00020938023450586268	0.04794807370184255	0.00020943811941323814	0.0648105926263701	0.039380838532106145	0.0	0.0	0.00024483280367836805	0.0	0.0008431537322199957	0.0	0.0001661325505167553	0.011326021351377025	0.0	0.00044696732668841904	0.0	0.0	0.0	0.0	0.0	0.018548339502061393	0.0	0.023771872706789453	0.044524868280598005	0.0	0.010704575135412875	0.0
Sin-CPnd_062-Ex1-11D-lcwgs-1-2.clmp.r2	0.07432998324958125	0.09369765494137354	0.004187604690117253	0.005234505862646567	0.0	0.0010469011725293134	0.0	0.0	0.0	0.0016750418760469014	0.03025544388609715	0.009631490787269681	0.0	0.019058848908357306	0.000738888437345955	0.00010759676176785784	0.017527492093215198	0.016442511998981026	0.018482636725611182	0.017251226209317492	0.06138847526198971	0.0	0.03951860363172646	0.01953021616481312	0.00020149874768528314	0.0002231829006188862	0.0	0.020891345760018915	0.020196580045778914	0.0156438640344165	0.0	0.0	0.0	0.010261883260816024	0.031140477525068086	0.0031417889346193723	0.014279288605841656	0.0
Sin-CPnd_063-Ex1-9F-lcwgs-1-2.clmp.r1	0.0	0.08775462364686577	0.0066116497268186546	0.058302729409219045	0.0	0.0	0.0	0.0	0.07633450139145173	0.01743071291615827	0.0	0.00024042362642976928	0.04471879451593708	0.00024054420721440184	0.06771496757002093	0.041317993608307936	0.0	0.0	0.00015214679122417307	0.00016657838012520032	0.0009214653510598694	0.0006185439475474733	0.0	0.009216929656392862	0.0	0.000685880464752603	0.0	0.0	0.0	0.0	0.0	0.019271684499398724	0.0	0.015994082189589854	0.05372595192098856	0.0	0.00904336292522646	0.0
Sin-CPnd_063-Ex1-9F-lcwgs-1-2.clmp.r2	0.07573344232537732	0.09556839150583328	0.0012021181321488462	0.003005295330372116	0.0006010590660744231	0.0006010590660744231	0.0	0.0	0.0	0.00024042362642976928	0.02861041154514254	0.014064782146141501	0.0	0.025377505427298257	0.0009760906593004357	0.0	0.017707020172788804	0.01815449049211335	0.019775532494242277	0.017819463850636253	0.06449853311907534	0.0	0.0355192779139737	0.019738764037551024	0.00029961469550158495	0.0003424810008664769	0.0	0.018860553153080332	0.01798533424459027	0.015292318550758733	0.0	0.0	0.0	0.007925264753375667	0.021509758637866232	0.0012881451997269133	0.010547092769214542	0.0
Sin-CPnd_065-Ex1-11B-lcwgs-1-2.clmp.r1	0.0	0.0981040004066487	0.0035581761805520253	0.0559141971229604	0.0	0.0	0.0	0.0005083108829360037	0.08590453921618461	0.017485894372998526	0.0	0.00010166217658720073	0.0418848167539267	0.00020339920755668735	0.07193697498854147	0.04337216475527361	0.0	0.0	0.0001224208977369273	0.0002629658604571661	0.000568973046324363	0.0001551154757158967	0.00017001973929173177	0.009374443392423576	0.000416143020033125	0.0006950574464979531	0.0	0.0	0.0003206083864741734	0.00035772927763726966	0.0	0.018674053292191135	0.0	0.017125084934897058	0.03447214527546937	0.0	0.00859133368740042	0.0
Sin-CPnd_065-Ex1-11B-lcwgs-1-2.clmp.r2	0.09352920246022468	0.10522035276775275	0.004574797946424033	0.00559141971229604	0.0010166217658720074	0.0010166217658720074	0.0005083108829360037	0.0005083108829360037	0.0	0.0008132974126976058	0.03426015350988665	0.00955624459919687	0.0	0.018509346711590817	0.0011303893883154732	0.0001052757909896556	0.020999511105132086	0.016794987271470264	0.017503445608348777	0.016693722765900115	0.06143825242304219	0.00015508949439273933	0.03840252301177734	0.013301659147794546	0.00041580906047942784	0.00023145254991274237	0.0002578701984569047	0.018087335993798626	0.017583738558581023	0.0192524350765106	0.0003971674020883062	0.0	0.0	0.00823311799155831	0.03364593465347746	0.004796458842957085	0.014903129657228018	0.0
Sin-CPnd_067-Ex1-9C-lcwgs-1-2.clmp.r1	0.0	0.0770001792245551	0.0033189732424377194	0.055758750472953686	0.0	0.0	0.0	0.0	0.07965535781850526	0.015931071563701053	0.0	0.0	0.042615616432900315	0.00013282682039157347	0.06975425763559999	0.03899966551888292	0.0	0.0003088431046144248	0.0	0.0	0.000598212540927708	0.0002211875559881001	0.0	0.006394092970111785	0.0	0.0007112754947810161	0.0	0.00045957149553756073	0.0	0.001186155196545916	0.0	0.01907960009158208	0.0	0.017551557700745943	0.04516114819465556	0.0	0.014334245946991958	0.0
Sin-CPnd_067-Ex1-9C-lcwgs-1-2.clmp.r2	0.0816467417639679	0.09757781332766896	0.003982767890925263	0.003982767890925263	0.0	0.0	0.0	0.0	0.0	0.0013275892969750879	0.031065589549217055	0.010355196516405684	0.0	0.017400336583609944	0.0010772785788540986	0.0	0.018447638484388504	0.018990801041251726	0.019295193168170913	0.019216510245481853	0.06677683182803072	0.0004422058999111166	0.04420746389929589	0.019165868088829634	0.000313642836083981	0.0003549396957456928	0.0	0.017411464991500456	0.014589640313260419	0.015342038956977382	0.0	0.0	0.0	0.007717612556555629	0.035937925401579085	0.0	0.012874983906270118	0.0
Sin-CPnd_074-Ex1-12A-lcwgs-1-2.clmp.r1	0.0	0.07774070379415914	0.0061917374703312576	0.05090984142272367	0.0	0.0	0.0	0.0	0.07017302466375426	0.0170616765849128	0.0	0.00013759416600736128	0.04375494479034089	0.0001376513648821085	0.07552040233042331	0.04083642096516241	0.0	0.0	0.00016407429283979785	0.00017599034165005024	0.0005697594475612396	0.0	0.00022482418748538642	0.008842471372498932	0.0	0.00029488434635935784	0.0	0.0	0.00039132969918486023	0.0	0.0	0.021556259270474595	0.0	0.023050419760275633	0.04613306092859261	0.0	0.010339205471825664	0.0
Sin-CPnd_074-Ex1-12A-lcwgs-1-2.clmp.r2	0.08943620790478483	0.09218809122493206	0.0020639124901104195	0.004815795810257645	0.0020639124901104195	0.0006879708300368064	0.0006879708300368064	0.0	0.0	0.0006879708300368064	0.02916996319356059	0.010594750782566819	0.0	0.02188656701625525	0.001808069274088003	0.00042685486223259316	0.018712051002862797	0.01607513269712904	0.01986002783686546	0.017779749393552112	0.0704594487830077	0.00020609208194221178	0.0303375558716654	0.014482543625594336	0.0005372343711805994	0.0	0.0	0.017400938940460377	0.01756337450968913	0.02052896294522188	0.0	0.0	0.0	0.009061199340344689	0.026924617637594645	0.0014339281745377375	0.019250976585999727	0.0
Sin-CPnd_075-Ex1-11G-lcwgs-1-2.clmp.r1	0.0	0.08881305508159426	0.0030625191407446296	0.06212538828367678	0.0	0.0	0.0	0.0	0.08662554140963381	0.016712604453777837	0.0	0.0	0.0427877674235464	8.753026358863577e-05	0.06894728979695024	0.03816949244524442	9.37125442674631e-05	0.0	0.00020927813692231387	0.00022510278756036976	0.0004892996287439067	0.0001339550634344203	0.0	0.008706251088281387	0.0	0.0006214782896917468	0.0	0.00026408915649923416	0.00029867061708336196	0.0	0.0	0.019346268104882568	0.0	0.017879298481343224	0.04498179453045693	0.0	0.00940114693992667	0.0
Sin-CPnd_075-Ex1-11G-lcwgs-1-2.clmp.r2	0.08968806055037845	0.10543815898849368	0.0026250164063525397	0.0030625191407446296	0.0008750054687841799	0.0	0.00043750273439208993	0.0	0.00043750273439208993	0.0010500065625410158	0.029925187032418952	0.010150063437896487	0.0	0.02188256589715894	0.0007955140081177785	9.044167190474683e-05	0.01920867744976228	0.01968901205459763	0.018311166358515894	0.017217165851945878	0.06285001589591842	0.0	0.03824436227895054	0.019209835435743103	0.001655199810203755	0.00041371036137600065	0.0	0.013965082025094987	0.018159031438939512	0.016802712629926976	0.0	0.0	0.0	0.010214175124720453	0.03377257787293068	0.0027210699246943896	0.01570549063952758	0.0
Sin-CPnd_076-Ex1-10E-lcwgs-1-2.clmp.r1	0.0	0.07748376345258305	0.0038936564549036713	0.05412182472316103	0.0	0.0	0.0	0.0007787312909807341	0.07553693522513122	0.016119737723301195	0.0	7.787312909807342e-05	0.04321958664943075	0.00023368362508733925	0.06483806575333434	0.04155452273032394	0.0	0.0002559925728021544	0.0	0.0	0.0007066873827025139	0.0001084053144621362	0.00011703229506182232	0.008515430086412552	0.00027765321945849293	0.0006088205927477291	0.0	0.00018538498900667015	0.0	0.00022915754810589828	0.0	0.016587779382534213	0.0	0.016891649056224034	0.04494090877805264	0.0	0.011052806096938372	0.0
Sin-CPnd_076-Ex1-10E-lcwgs-1-2.clmp.r2	0.08488171071690002	0.0864391732988615	0.0011680969364711012	0.0038936564549036713	0.0011680969364711012	0.0015574625819614683	0.0	0.0	0.00038936564549036707	0.00038936564549036707	0.025698132602364226	0.008566044200788077	0.0	0.01947360508619407	0.0009419455414185229	0.0	0.019634954161829813	0.016639517232140036	0.018976809801343236	0.017611835153222965	0.06198000892350617	0.0	0.03369591542325229	0.019182397926776597	0.0008324615610874167	0.0	0.0	0.013882770186473369	0.020748976418069276	0.01783387063584608	0.0	0.0	0.0	0.008942560147659553	0.02779993714796819	0.004106270274709481	0.017966983026485445	0.0
Sin-CPnd_079-Ex1-9H-lcwgs-1-2.clmp.r1	0.0	0.08443253073226031	0.0011808745556959484	0.05727241595125349	0.0	0.0	0.0	0.0	0.08325165617656435	0.01653224377974328	0.0	0.0	0.046526457494420366	0.0	0.06627072008590028	0.038573283056190885	0.0	0.0	0.0	0.00016248537631613155	0.0003582335503631593	0.0	0.0	0.010354215175743862	0.0	0.0	0.0	0.0	0.0	0.0	0.0	0.015268341094740057	0.0	0.020180820148530836	0.048545372585734596	0.0	0.006172744247773953	0.0
Sin-CPnd_079-Ex1-9H-lcwgs-1-2.clmp.r2	0.08443253073226031	0.10627871001263535	0.0017713118335439227	0.0005904372778479742	0.0005904372778479742	0.0	0.0	0.0005904372778479742	0.0	0.0009446996445567588	0.032946400103916966	0.010391696090124346	0.0	0.021857536124009026	0.0007190528635681082	0.0	0.01671499762880266	0.01917529669977969	0.015475891091392576	0.018844017024594692	0.07217371837922543	0.00019928178843448214	0.0341706253224434	0.016149300281098757	0.0	0.0	0.0	0.020359893608726164	0.01445547713043825	0.020121649745317403	0.0	0.0	0.0	0.009980637563127533	0.03198355131646582	0.0013117506624340846	0.018513090297597925	0.0
Sin-CPnd_080-Ex1-2E-lcwgs-1-2.clmp.r1	0.0	0.10382059800664453	0.0	0.06229235880398671	0.0	0.0	0.0	0.0	0.051910299003322266	0.018687707641196014	0.0	0.0	0.03945182724252492	0.0	0.05431036283500094	0.03598797578220923	0.0	0.0	0.0	0.0	0.0	0.0	0.0	0.011087089084760797	0.0	0.0	0.0	0.0	0.0	0.0	0.0	0.021636591804059024	0.0	0.014795817715525746	0.047798608529396144	0.0	0.0062818016207048175	0.0
Sin-CPnd_080-Ex1-2E-lcwgs-1-2.clmp.r2	0.08305647840531562	0.11420265780730898	0.0	0.010382059800664452	0.0	0.0	0.0	0.0	0.0	0.0	0.014534883720930232	0.008305647840531562	0.0	0.024920048178759813	0.0	0.0	0.0215973392078096	0.01330111507681394	0.011409533806448668	0.025951965271551927	0.05870841487279843	0.0	0.03977513788714467	0.019412090959511925	0.0	0.0	0.0	0.020382511804871422	0.010793308148947653	0.02672673819250888	0.0	0.0	0.0	0.0098527021035519	0.02654209576388152	0.0	0.019161982626469086	0.0
Sin-CPnd_081-Ex1-10G-lcwgs-1-2.clmp.r1	0.0	0.07690789148995673	0.0032901771760409297	0.05716682843371116	0.0	0.0	0.0	0.0	0.0834882458420386	0.015628341586194416	0.0	8.225442940102325e-05	0.044170628588349484	8.228095985676531e-05	0.06782722902108787	0.03794542465419267	0.0	9.099363226561405e-05	9.57462800176556e-05	0.00010154882264295029	0.0009764215884643383	0.00011659278570479174	0.0	0.009993415297591587	0.0	0.0	0.0	0.0	0.00021558925934309954	0.0	0.0	0.02070494589395042	0.0	0.017435757949833836	0.04660963085942767	0.0	0.014413998875708087	0.0
Sin-CPnd_081-Ex1-10G-lcwgs-1-2.clmp.r2	0.08225442940102325	0.09047987234112556	0.0020563607350255813	0.0028789050290358134	0.0	0.0	0.0004112721470051162	0.0	0.0004112721470051162	0.0005757810058071627	0.03026963001957655	0.00962376823991972	0.0	0.020817117100809152	0.0005811371193032996	8.469351112195189e-05	0.020430471786740796	0.01619505395773455	0.017616387836267164	0.018683712169290677	0.07061894084606048	0.0	0.035261819006120444	0.019290756854375306	0.0002980608163289638	0.0	0.0	0.019381514342320612	0.016345773327139147	0.01656248077569196	0.0	0.0	0.0	0.011449984386384927	0.02490631394217137	0.002550640848513189	0.010144731502772893	0.0
Sin-CPnd_085-Ex1-4H-lcwgs-1-2.clmp.r1	0.0	0.08769265158505901	0.002865772927616307	0.06190069523651224	0.0	0.0	0.0	0.0	0.09342419744029162	0.016048328394651323	0.0	0.0	0.04791572334974466	0.0	0.06221959491708463	0.04059798166729318	0.0	0.0	0.0	0.0	0.0007352652837143641	0.0	0.0	0.009786229600604398	0.00013399706546426634	0.0	0.0	0.0	0.0	0.0	0.0	0.01715296198054819	0.0	0.018646133675113693	0.046037173981116467	0.0	0.012158489486482621	0.0
Sin-CPnd_085-Ex1-4H-lcwgs-1-2.clmp.r2	0.07049801401936116	0.0997288978810475	0.0017194637565697843	0.0034389275131395686	0.0	0.0005731545855232615	0.0	0.0	0.0005731545855232615	0.00011463091710465229	0.02693826551959329	0.008826580617058228	0.0	0.0177701754546872	0.00046003661891486563	0.0	0.017596934637293383	0.0194169273242062	0.016308339513440094	0.01941974759152913	0.06127022989815662	0.0	0.03248420057656271	0.018135891320345078	0.00013398665224970287	0.00027612600734219057	0.0	0.01495680297595953	0.016633630428454598	0.016559112817396394	0.00016828274193168394	0.0	0.0	0.00882290661835635	0.02631927980503009	0.003748175520445195	0.013509959976743568	0.0
Sin-CPnd_088-Ex1-2D-lcwgs-1-2.clmp.r1	0.0	0.11997600479904018	0.0	0.07498500299940013	0.0	0.0	0.0	0.0	0.029994001199760045	0.01199760047990402	0.0	0.0	0.04499100179964007	0.0	0.11027046895579992	0.04521963824289405	0.0	0.0	0.0	0.0	0.0	0.0	0.0	0.008309788931361143	0.0	0.0	0.0	0.0	0.0	0.0	0.0	0.0	0.0	0.0	0.03556187766714083	0.0	0.13630168105406634	0.0
Sin-CPnd_088-Ex1-2D-lcwgs-1-2.clmp.r2	0.14997000599880025	0.10497900419916018	0.0	0.0	0.0	0.0	0.0	0.0	0.0	0.0	0.035992801439712056	0.014997000599880022	0.0	0.015008254539996999	0.0	0.0	0.0070136063964090336	0.019310984087749113	0.021676927078817305	0.04404208465867385	0.02777160630970895	0.0	0.06535473095635756	0.049850448654037885	0.0	0.0	0.0	0.04306014066312617	0.016194331983805668	0.018477457501847747	0.0	0.0	0.0	0.0	0.0	0.0	0.0	0.0
Sin-CPnd_089-Ex1-9E-lcwgs-1-2.clmp.r1	0.0	0.09145311972385847	0.0032829325029077403	0.06425167898548007	0.00046899035755824855	0.0	0.0	0.0	0.08957715829362548	0.016133268300003754	0.0	9.379807151164972e-05	0.04492927625408021	0.00018766813892321654	0.0685761764655668	0.039835334330188286	0.00020161066762364532	0.0003171686565475769	0.00011195500304517608	0.0	0.0010283371146145985	0.0002778144338489106	0.0	0.008886358288092444	0.00018019154361085835	0.00039538272058896215	0.0	0.0	0.0	0.0	0.0	0.01719000687600275	0.0	0.019744722674400746	0.048644993700473316	0.0	0.009788746612175978	0.0
Sin-CPnd_089-Ex1-9E-lcwgs-1-2.clmp.r2	0.07785239935466927	0.09708100401455746	0.0028139421453494914	0.005158893933140735	0.00046899035755824855	0.0018759614302329942	0.0	0.0	0.00046899035755824855	0.000656586500581548	0.03048437324128616	0.009286009079653322	0.0	0.020174306003873467	0.001612451922848918	9.715453789415595e-05	0.019051247856734618	0.01998023119981817	0.01959026128930786	0.020667056115238547	0.0661830378656934	0.00013885841718067423	0.03859589345724223	0.016450723502819654	0.000540249487213195	0.0	0.0	0.018914725712534476	0.015321743403064877	0.017205329569545985	0.0	0.0	0.0	0.009609001013312834	0.031972561728843614	0.003773198432505566	0.014143488768225115	0.0
Sin-CPnd_090-Ex1-12F-lcwgs-1-2.clmp.r1	0.0	0.08459576965435524	0.004735877335205398	0.054137578165191116	0.0	0.0	0.0	9.286033990598819e-05	0.0857100937332271	0.01847920764129165	0.0	1.8572067981197638e-05	0.04841738122698224	1.8573585760746213e-05	0.06494828895045128	0.041063405639848304	1.8847078947775124e-05	3.807628698325957e-05	1.9281215564954078e-05	1.9569387372500547e-05	0.0005973051978692929	6.0894676770040796e-05	6.219294823183374e-05	0.008991528029604182	0.00021729777182864768	0.0002675983847761495	0.0	4.7217028349103825e-05	9.737951719235377e-05	5.029069277692382e-05	2.6016381995414873e-05	0.017254106072852226	5.595011264156427e-05	0.01959838432547973	0.04480506615336238	9.51659503842801e-05	0.012969209273389919	0.0
Sin-CPnd_090-Ex1-12F-lcwgs-1-2.clmp.r2	0.08134565775764566	0.09304606058580017	0.0023215084976497048	0.0023215084976497048	0.0	9.286033990598819e-05	9.286033990598819e-05	0.00018572067981197638	9.286033990598819e-05	0.0005943061753983244	0.027300939932360525	0.008896020562993668	0.0	0.017384863356088437	0.0008935291179732079	7.482965963355168e-05	0.01769672339229791	0.01730508270649209	0.01731400411795657	0.017944573380976794	0.06416597865261797	6.088808931552045e-05	0.036502341870860065	0.017704203677640164	0.0004127785820925354	0.00022294143127953	6.87490919390773e-05	0.01809869333097366	0.016228185316630873	0.016835050676015227	2.5995186731224847e-05	0.0	0.0	0.009297674041562346	0.03052686091198997	0.0032721910146270117	0.01453924947367917	0.0
Sin-CPnd_092-Ex1-11F-lcwgs-1-2.clmp.r1	0.0	0.09384819164038323	0.004751807171664974	0.04870602350956598	0.0	0.0	0.0	0.0	0.07484096295372333	0.014136626335703296	0.0	0.0002375903585832487	0.04359783080002614	0.0	0.06848780136134525	0.038448930700731763	0.0	0.0	0.0	0.0	0.0005133312115643255	0.0	0.0	0.009342716534973292	0.0	0.00029481914319660603	0.0	0.0	0.0	0.0	0.0	0.016700465227245616	0.0	0.0185662406333316	0.039797365082786806	0.0	0.008403273074862659	0.0
Sin-CPnd_092-Ex1-11F-lcwgs-1-2.clmp.r2	0.09384819164038323	0.08375060140059516	0.00356385537874873	0.0029698794822906084	0.0	0.0005939758964581218	0.0005939758964581218	0.0	0.0005939758964581218	0.0005939758964581218	0.02708530087849035	0.011404337211995937	0.00011879517929162436	0.02364953996296886	0.0008410671459948382	0.0	0.02206132278152236	0.015709365896862598	0.01998896261629448	0.017071153822059065	0.066889860968312	0.0	0.039939025027758666	0.015403034397776363	0.0002618815666802845	0.0	0.0	0.019352293618953336	0.017592212513927168	0.015535114065398122	0.0	0.0	0.0	0.009569237110973705	0.03695279075687527	0.005509135983839868	0.022016271072716597	0.0
Sin-CPnd_093-Ex1-10C-lcwgs-1-2.clmp.r1	0.0	0.07920664907708198	0.004281440490653081	0.06047534693047476	0.0	0.0	0.0	0.0005351800613316351	0.07117894815710746	0.015948365827682724	0.0	0.0	0.04720288140945021	0.0	0.0641781949720598	0.04165987030334557	0.0	0.0	0.00012402147059698975	0.0	0.0008372684952610603	0.00029825683791083013	0.0	0.008428845918976429	0.0	0.00020058208922292493	0.0	0.0004699976970112847	0.0002546343450804644	0.0002758575030482254	0.0	0.016167887342161	0.0	0.01932689356187069	0.046343764097937085	0.0004460004906005397	0.013796569581520481	0.0
Sin-CPnd_093-Ex1-10C-lcwgs-1-2.clmp.r2	0.08830471011971978	0.09579723097836267	0.0021407202453265404	0.002675900306658175	0.0005351800613316351	0.001605540183994905	0.0	0.0	0.0005351800613316351	0.0008562880981306161	0.027080111103380735	0.010489529202100048	0.00010703601226632702	0.020128759822138853	0.0008643397200835816	0.00011020328097208109	0.019309119697233004	0.01759860534005466	0.01773124393975841	0.01837764752984727	0.06557148338041924	0.0	0.037405287892835454	0.020977914726496138	0.00037121247273908404	0.0	0.0	0.018071596379109232	0.016524471471135563	0.016791132080145998	0.0	0.0	0.0	0.008307937478994136	0.024939593034903167	0.0013352026169971293	0.015888305214343167	0.0
Sin-CPnd_094-Ex1-3H-lcwgs-1-2.clmp.r1	0.0	0.08632910472174767	0.004907128057867762	0.056886336374541095	0.0	0.0	0.0	0.00018174548362473193	0.09359892406673694	0.018029151975573407	0.0	3.6349096724946385e-05	0.04260114136163716	7.2701206040307e-05	0.0648033195600506	0.037706345606007344	7.318993960366184e-05	0.0	7.407533609831872e-05	7.474039856812344e-05	0.0007180878002173915	7.666239529354222e-05	0.00011695933791657993	0.008589107818354685	4.0695121509528556e-05	0.0002509296945181899	0.0	4.4653422461564565e-05	0.0001856071837404395	0.00024202667327560836	0.0	0.019437267152190074	0.0	0.01874532108480834	0.0448045026008007	0.0	0.012909211050284659	0.0
Sin-CPnd_094-Ex1-3H-lcwgs-1-2.clmp.r2	0.08505688633637454	0.09759732470648104	0.0018174548362473193	0.002544436770746247	0.00036349096724946385	0.0005452364508741958	0.00018174548362473193	0.00018174548362473193	0.0	0.0007269819344989277	0.024826433063138382	0.009305368761586275	3.6349096724946385e-05	0.01799356157651226	0.0009824272867359582	0.00014586742984505963	0.019139099166881966	0.01651428651294036	0.016963258249310265	0.01722763611794466	0.06292937962970312	3.83326669838056e-05	0.03781779619716717	0.01717891240782738	0.00032555328798647323	8.36323188733054e-05	0.0	0.01834532325932565	0.0174385222522037	0.01509340495605497	5.063391125191839e-05	0.0	5.6061604976476546e-05	0.007942171508230223	0.029118233233903685	0.0031585172441601036	0.01708925748649433	0.0
Sin-CPnd_095-Ex1-2B-lcwgs-1-2.clmp.r1	0.0	0.0948640598023033	0.001897281196046066	0.05217523289126681	0.0	0.0	0.0	0.0	0.08822357561614207	0.014798793329159315	0.0	0.0	0.04136073007380424	0.0	0.06571589978901737	0.033575604360878496	0.0	0.0	0.0	0.0	0.001034369512992974	0.0005543237250554324	0.0	0.007371393225369131	0.0006917566815048475	0.0	0.0	0.0004408238115390041	0.0	0.0005252680180061876	0.0	0.015738514032459114	0.0	0.019087029218424326	0.035371697588829284	0.0	0.007369895031637907	0.0
Sin-CPnd_095-Ex1-2B-lcwgs-1-2.clmp.r2	0.09296677860625724	0.09676134099834936	0.003794562392092132	0.006640484186161231	0.0	0.000948640598023033	0.0	0.0	0.0	0.00037945623920921317	0.028459217940690992	0.009865862219439542	0.0	0.02239730928596239	0.0011529548310729013	0.0	0.01478973920759864	0.02027487554677457	0.020270531885091137	0.017675202417386588	0.05687385121283488	0.0	0.0339227157216909	0.017294942830605644	0.00034555085990331486	0.0	0.0	0.017164057583212673	0.012474630918852524	0.019382281451680496	0.0	0.0	0.0	0.0053214942755925865	0.02930660570892679	0.0027929320200346325	0.015882091353789467	0.0
Undetermined.clmp.r1	4.791015487811615e-05	0.14173004208066942	0.006823378144742716	0.15692381032766853	3.33288033934721e-05	2.0830502120920062e-06	0.0	0.0007547585268480037	0.07953918929852118	0.017919231144500277	1.527570155534138e-06	0.00024496670494201996	0.046459796450443555	0.0025300307213530506	0.07939807004720612	0.045626014486603916	0.004185179038422557	0.0003076223515260441	0.0015397727448306557	0.0011158457403261735	0.0034077170370302215	0.0008052510049828708	0.00321256538997349	0.010010584448678098	0.0018021466531439416	0.001303279239319555	9.967508933280207e-05	0.004024318178127619	0.000988732669462664	0.0030883065874444857	0.00019614880277045888	0.02099658411676287	8.859844954076358e-05	0.020115491557672435	0.046746180583235576	0.0009927036462167073	0.011699872842104973	0.0
Undetermined.clmp.r2	0.19245578649546327	0.23594501447344948	0.00539162829896481	0.012238614346111237	0.007014324414184484	0.006341499195678765	0.003889054745975776	0.003626590419252183	0.0032252560783891234	0.00881810702784202	0.03622299335815274	0.012400120172555436	0.001264133738711569	0.027304791084065604	0.00593096212901771	0.0011473482553957116	0.024424309033114003	0.018785672462455136	0.023464134759147694	0.019962694350277706	0.0698296529394589	0.0008897646545188425	0.03992857308293102	0.021543015326479537	0.0020313614416622083	0.001659320179653189	0.0006131269541627941	0.022391543879880415	0.018618910623708337	0.01847255012996761	0.000145007445056699	3.7992783428318846e-05	0.002243648442811624	0.009393696645948201	0.03311382856865028	0.013427700405981636	0.015867132310146283	0.0
