Sample	total_reads	Human counts	Human percentage	Ecoli counts	Ecoli percentage	PhiX counts	PhiX percentage	Contamnts_Adaptrs counts	Contamnts_Adaptrs percentage	Vectors counts	Vectors percentage	Bacteria_24k counts	Bacteria_24k percentage	Protists_1k counts	Protists_1k percentage	Viruses counts	Viruses percentage	Fungi_RefSeq_release counts	Fungi_RefSeq_release percentage	Coral counts	Coral percentage	Bird counts	Bird percentage	Plant counts	Plant percentage	No hits counts	No hits percentage
Sin-APnd_001-Ex1-6G-lcwgs-1-2.clmp.fp2_r1_screen	62701129	1795184.0	2.86	932.0	0.0	0.0	0.0	1956.0	0.0	248285.0	0.39	1506185.0	2.4000000000000004	2693106.0	4.29	907991.0	1.4400000000000002	1845709.0	2.9499999999999997	1039965.0	1.66	1396894.0	2.23	1169449.0	1.8699999999999999	59352888	94.66
Sin-APnd_001-Ex1-6G-lcwgs-1-2.clmp.fp2_r2_screen	62701129	1827513.0	2.9	897.0	0.0	0.0	0.0	314.0	0.0	281671.0	0.45	1530269.0	2.4400000000000004	2726480.0	4.3500000000000005	935358.0	1.49	1882100.0	3.01	1070615.0	1.71	1426399.0	2.28	1201551.0	1.91	59321538	94.61
Sin-APnd_002-Ex1-3G-lcwgs-1-2.clmp.fp2_r1_screen	29734176	647983.0	2.17	404.0	0.0	0.0	0.0	448.0	0.0	96880.0	0.32	519725.0	1.75	975562.0	3.29	330174.0	1.11	653917.0	2.1999999999999997	375632.0	1.27	491309.0	1.64	416082.0	1.4	28518048	95.91
Sin-APnd_002-Ex1-3G-lcwgs-1-2.clmp.fp2_r2_screen	29734176	653717.0	2.2	383.0	0.0	0.0	0.0	55.0	0.0	103853.0	0.35000000000000003	524563.0	1.7599999999999998	982104.0	3.3	335338.0	1.12	660035.0	2.23	381333.0	1.29	496660.0	1.66	422112.0	1.42	28512101	95.89
Sin-APnd_003-Ex1-3H-lcwgs-1-2.clmp.fp2_r1_screen	57948339	1450794.0	2.51	901.0	0.0	0.0	0.0	1271.0	0.0	259210.0	0.45	1285474.0	2.21	2154325.0	3.7199999999999998	733665.0	1.27	1443088.0	2.4899999999999998	855587.0	1.48	1128365.0	1.95	926499.0	1.5999999999999999	55161023	95.19
Sin-APnd_003-Ex1-3H-lcwgs-1-2.clmp.fp2_r2_screen	57948339	1460450.0	2.53	870.0	0.0	0.0	0.0	94.0	0.0	269083.0	0.46	1289012.0	2.2199999999999998	2164856.0	3.74	739080.0	1.28	1454892.0	2.51	864745.0	1.49	1136825.0	1.97	936427.0	1.6199999999999999	55155229	95.18
Sin-APnd_004-Ex1-4A-lcwgs-1-2.clmp.fp2_r1_screen	34856245	1384893.0	3.97	876.0	0.0	0.0	0.0	969.0	0.0	226279.0	0.65	1368176.0	3.93	2009712.0	5.76	778354.0	2.23	1415370.0	4.06	856984.0	2.46	1093150.0	3.1399999999999997	954451.0	2.7300000000000004	32259454	92.55
Sin-APnd_004-Ex1-4A-lcwgs-1-2.clmp.fp2_r2_screen	34856245	1391284.0	3.99	834.0	0.0	0.0	0.0	89.0	0.0	236267.0	0.68	1366490.0	3.92	2015633.0	5.78	780990.0	2.24	1423601.0	4.09	861523.0	2.4699999999999998	1098576.0	3.15	960953.0	2.76	32252483	92.53
Sin-APnd_005-Ex1-4B-lcwgs-1-2.clmp.fp2_r1_screen	51075591	1406240.0	2.75	551.0	0.0	0.0	0.0	1514.0	0.0	278929.0	0.54	1195216.0	2.35	2039071.0	3.99	773930.0	1.51	1406075.0	2.75	858395.0	1.68	1084940.0	2.12	943497.0	1.8399999999999999	48537134	95.03
Sin-APnd_005-Ex1-4B-lcwgs-1-2.clmp.fp2_r2_screen	51075591	1423485.0	2.79	533.0	0.0	0.0	0.0	114.0	0.0	299222.0	0.58	1208920.0	2.3800000000000003	2054931.0	4.029999999999999	789552.0	1.54	1425501.0	2.79	877002.0	1.72	1103270.0	2.1500000000000004	962615.0	1.88	48521811	95.0
Sin-APnd_006-Ex1-4C-lcwgs-1-2.clmp.fp2_r1_screen	38062656	993454.0	2.62	650.0	0.0	0.0	0.0	572.0	0.0	143041.0	0.37	970870.0	2.55	1486728.0	3.91	484597.0	1.27	978721.0	2.5700000000000003	553023.0	1.45	738695.0	1.94	618421.0	1.6199999999999999	36056754	94.73
Sin-APnd_006-Ex1-4C-lcwgs-1-2.clmp.fp2_r2_screen	38062656	1001556.0	2.64	644.0	0.0	0.0	0.0	65.0	0.0	150961.0	0.4	971452.0	2.55	1495185.0	3.92	489920.0	1.28	989192.0	2.6	560288.0	1.47	745264.0	1.95	626541.0	1.64	36052947	94.72
Sin-APnd_007-Ex1-4D-lcwgs-1-2.clmp.fp2_r1_screen	45775806	1535860.0	3.3499999999999996	402.0	0.0	0.0	0.0	788.0	0.0	166779.0	0.36	1130322.0	2.4699999999999998	2333020.0	5.09	718155.0	1.56	1580137.0	3.45	866895.0	1.89	1204185.0	2.6300000000000003	959658.0	2.1	43001792	93.94
Sin-APnd_007-Ex1-4D-lcwgs-1-2.clmp.fp2_r2_screen	45775806	1549322.0	3.37	396.0	0.0	0.0	0.0	76.0	0.0	179772.0	0.39	1137283.0	2.49	2346326.0	5.13	726998.0	1.58	1595627.0	3.48	878189.0	1.92	1215456.0	2.66	971681.0	2.13	42992636	93.92
Sin-APnd_008-Ex1-4E-lcwgs-1-2.clmp.fp2_r1_screen	45888319	1820552.0	3.96	1783.0	0.0	0.0	0.0	875.0	0.0	251335.0	0.54	1988945.0	4.33	2733909.0	5.96	950142.0	2.07	1831200.0	3.99	1086029.0	2.36	1439109.0	3.1300000000000003	1184835.0	2.58	42171365	91.9
Sin-APnd_008-Ex1-4E-lcwgs-1-2.clmp.fp2_r2_screen	45888319	1844429.0	4.01	1757.0	0.0	0.0	0.0	102.0	0.0	274500.0	0.59	2002976.0	4.359999999999999	2758014.0	6.010000000000001	968482.0	2.11	1858167.0	4.05	1108528.0	2.41	1462226.0	3.19	1208485.0	2.63	42153009	91.86
Sin-APnd_009-Ex1-4F-lcwgs-1-2.clmp.fp2_r1_screen	39392776	1099462.0	2.79	497.0	0.0	0.0	0.0	479.0	0.0	157309.0	0.4	976209.0	2.47	1667555.0	4.24	568660.0	1.44	1134727.0	2.88	641445.0	1.63	851063.0	2.16	728199.0	1.8499999999999999	37301019	94.69
Sin-APnd_009-Ex1-4F-lcwgs-1-2.clmp.fp2_r2_screen	39392776	1109562.0	2.81	523.0	0.0	0.0	0.0	56.0	0.0	168232.0	0.43	982040.0	2.49	1677559.0	4.27	576192.0	1.4600000000000002	1146929.0	2.9099999999999997	651162.0	1.65	860309.0	2.18	738264.0	1.8699999999999999	37293141	94.67
Sin-APnd_010-Ex1-4G-lcwgs-1-2.clmp.fp2_r1_screen	49285509	1548047.0	3.14	607.0	0.0	0.0	0.0	992.0	0.0	241538.0	0.49	1311183.0	2.66	2332775.0	4.73	821536.0	1.6600000000000001	1606577.0	3.26	935227.0	1.9	1226620.0	2.5	1033199.0	2.1	46436806	94.22
Sin-APnd_010-Ex1-4G-lcwgs-1-2.clmp.fp2_r2_screen	49285509	1569810.0	3.18	590.0	0.0	0.0	0.0	95.0	0.0	262699.0	0.53	1325964.0	2.69	2353881.0	4.77	838438.0	1.7000000000000002	1628928.0	3.3	955344.0	1.93	1247155.0	2.54	1053245.0	2.14	46417092	94.18
Sin-APnd_011-Ex1-4H-lcwgs-1-2.clmp.fp2_r1_screen	54682678	1864160.0	3.41	1331.0	0.0	0.0	0.0	1107.0	0.0	297838.0	0.54	1664436.0	3.04	2742145.0	5.01	981492.0	1.79	1879838.0	3.44	1115168.0	2.04	1461786.0	2.67	1231388.0	2.26	51226732	93.68
Sin-APnd_011-Ex1-4H-lcwgs-1-2.clmp.fp2_r2_screen	54682678	1894202.0	3.4699999999999998	1308.0	0.0	0.0	0.0	100.0	0.0	331194.0	0.6	1686742.0	3.08	2773029.0	5.06	1008552.0	1.8399999999999999	1913607.0	3.5	1145143.0	2.1	1490862.0	2.73	1261782.0	2.3099999999999996	51199391	93.63
Sin-APnd_012-Ex1-5A-lcwgs-1-2.clmp.fp2_r1_screen	49296981	1539511.0	3.1300000000000003	623.0	0.0	0.0	0.0	834.0	0.0	305170.0	0.61	1328822.0	2.69	2259169.0	4.59	831334.0	1.6800000000000002	1556226.0	3.16	931451.0	1.89	1216575.0	2.4699999999999998	1024136.0	2.08	46487053	94.3
Sin-APnd_012-Ex1-5A-lcwgs-1-2.clmp.fp2_r2_screen	49296981	1550822.0	3.1500000000000004	593.0	0.0	0.0	0.0	109.0	0.0	317430.0	0.64	1332803.0	2.7	2270700.0	4.6	839073.0	1.7000000000000002	1571077.0	3.19	942730.0	1.91	1226765.0	2.5	1035421.0	2.1	46482123	94.29
Sin-APnd_013-Ex1-5B-lcwgs-1-2.clmp.fp2_r1_screen	42612771	1467905.0	3.46	370.0	0.0	0.0	0.0	805.0	0.0	173097.0	0.41000000000000003	1084377.0	2.55	2071928.0	4.86	664653.0	1.5499999999999998	1394653.0	3.27	771634.0	1.81	1035877.0	2.44	860513.0	2.02	39996346	93.86
Sin-APnd_013-Ex1-5B-lcwgs-1-2.clmp.fp2_r2_screen	42612771	1477968.0	3.4699999999999998	403.0	0.0	0.0	0.0	93.0	0.0	184298.0	0.43	1089985.0	2.57	2082856.0	4.89	671689.0	1.58	1406838.0	3.3099999999999996	780934.0	1.8299999999999998	1045059.0	2.46	869250.0	2.04	39983563	93.83
Sin-APnd_014-Ex1-5C-lcwgs-1-2.clmp.fp2_r1_screen	36334659	991332.0	2.73	389.0	0.0	0.0	0.0	768.0	0.0	173113.0	0.47000000000000003	932929.0	2.57	1489053.0	4.09	531992.0	1.4600000000000002	1005376.0	2.77	609544.0	1.68	781472.0	2.14	664050.0	1.8299999999999998	34437989	94.78
Sin-APnd_014-Ex1-5C-lcwgs-1-2.clmp.fp2_r2_screen	36334659	1001031.0	2.75	377.0	0.0	0.0	0.0	86.0	0.0	184572.0	0.51	938801.0	2.59	1499087.0	4.12	540326.0	1.4800000000000002	1015933.0	2.8000000000000003	618481.0	1.71	790575.0	2.17	673530.0	1.8399999999999999	34430722	94.76
Sin-APnd_015-Ex1-5D-lcwgs-1-2.clmp.fp2_r1_screen	35794767	951452.0	2.65	332.0	0.0	0.0	0.0	566.0	0.0	164842.0	0.46	843584.0	2.3600000000000003	1408106.0	3.9400000000000004	518932.0	1.4500000000000002	963441.0	2.69	588856.0	1.65	758546.0	2.12	630402.0	1.76	34040823	95.1
Sin-APnd_015-Ex1-5D-lcwgs-1-2.clmp.fp2_r2_screen	35794767	959426.0	2.6799999999999997	338.0	0.0	0.0	0.0	64.0	0.0	173161.0	0.48	847437.0	2.3600000000000003	1417002.0	3.9699999999999998	525087.0	1.4600000000000002	972610.0	2.72	596664.0	1.67	766559.0	2.15	638534.0	1.78	34033664	95.08
Sin-APnd_016-Ex1-5E-lcwgs-1-2.clmp.fp2_r1_screen	39460164	1204351.0	3.04	429.0	0.0	0.0	0.0	892.0	0.0	164608.0	0.42	1013963.0	2.58	1831513.0	4.64	601371.0	1.52	1233938.0	3.13	700567.0	1.78	943598.0	2.4	770183.0	1.95	37191204	94.25
Sin-APnd_016-Ex1-5E-lcwgs-1-2.clmp.fp2_r2_screen	39460164	1214713.0	3.0700000000000003	403.0	0.0	0.0	0.0	89.0	0.0	174571.0	0.44	1018853.0	2.59	1843137.0	4.67	608178.0	1.54	1245941.0	3.16	709335.0	1.8	953326.0	2.42	779952.0	1.98	37179366	94.22
Sin-APnd_017-Ex1-5F-lcwgs-1-2.clmp.fp2_r1_screen	33014382	843885.0	2.5500000000000003	614.0	0.0	0.0	0.0	526.0	0.0	145262.0	0.44	1031333.0	3.13	1324981.0	4.0200000000000005	454828.0	1.37	863863.0	2.6199999999999997	515455.0	1.5599999999999998	668519.0	2.03	561748.0	1.69	31149069	94.35
Sin-APnd_017-Ex1-5F-lcwgs-1-2.clmp.fp2_r2_screen	33014382	850028.0	2.5700000000000003	598.0	0.0	0.0	0.0	70.0	0.0	152768.0	0.46	1033558.0	3.1399999999999997	1331957.0	4.04	459170.0	1.3900000000000001	871406.0	2.65	521546.0	1.5799999999999998	674675.0	2.05	567132.0	1.71	31142466	94.33
Sin-APnd_018-Ex1-5G-lcwgs-1-2.clmp.fp2_r1_screen	34046426	914052.0	2.69	303.0	0.0	0.0	0.0	487.0	0.0	102929.0	0.3	689665.0	2.03	1414286.0	4.15	426224.0	1.25	940421.0	2.76	510097.0	1.5	709033.0	2.09	560532.0	1.64	32333890	94.97
Sin-APnd_018-Ex1-5G-lcwgs-1-2.clmp.fp2_r2_screen	34046426	920956.0	2.71	291.0	0.0	0.0	0.0	47.0	0.0	109936.0	0.32	694404.0	2.04	1421239.0	4.17	431712.0	1.27	949674.0	2.8000000000000003	516388.0	1.52	715234.0	2.11	567633.0	1.66	32327081	94.95
Sin-APnd_019-Ex1-5H-lcwgs-1-2.clmp.fp2_r1_screen	41061545	1340537.0	3.26	501.0	0.0	0.0	0.0	615.0	0.0	201345.0	0.49	1097739.0	2.67	2020751.0	4.93	678326.0	1.65	1380948.0	3.36	789379.0	1.92	1057901.0	2.58	871835.0	2.13	38589639	93.98
Sin-APnd_019-Ex1-5H-lcwgs-1-2.clmp.fp2_r2_screen	41061545	1349379.0	3.28	470.0	0.0	0.0	0.0	90.0	0.0	212168.0	0.51	1104096.0	2.68	2032425.0	4.95	685833.0	1.67	1393292.0	3.39	798739.0	1.95	1066128.0	2.6	880643.0	2.15	38581427	93.96
Sin-APnd_020-Ex1-6A-lcwgs-1-2.clmp.fp2_r1_screen	46536884	1531809.0	3.29	503.0	0.0	0.0	0.0	2499.0	0.01	425331.0	0.91	1509912.0	3.25	2121238.0	4.56	998689.0	2.1399999999999997	1561718.0	3.34	1069737.0	2.3	1260660.0	2.71	1163939.0	2.51	43884281	94.3
Sin-APnd_020-Ex1-6A-lcwgs-1-2.clmp.fp2_r2_screen	46536884	1542223.0	3.31	499.0	0.0	0.0	0.0	258.0	0.0	436741.0	0.9400000000000001	1511711.0	3.25	2128809.0	4.57	1004809.0	2.15	1571478.0	3.36	1077863.0	2.31	1269464.0	2.73	1173173.0	2.52	43879627	94.29
Sin-APnd_021-Ex1-6B-lcwgs-1-2.clmp.fp2_r1_screen	35678341	1379680.0	3.87	580.0	0.0	0.0	0.0	1172.0	0.0	241323.0	0.68	1385154.0	3.88	2000614.0	5.6	828366.0	2.32	1437174.0	4.04	905011.0	2.54	1131701.0	3.17	1004150.0	2.81	33163017	92.95
Sin-APnd_021-Ex1-6B-lcwgs-1-2.clmp.fp2_r2_screen	35678341	1385856.0	3.89	538.0	0.0	0.0	0.0	201.0	0.0	250164.0	0.7	1382710.0	3.8699999999999997	2007547.0	5.63	829667.0	2.32	1445209.0	4.05	908747.0	2.5500000000000003	1135120.0	3.1799999999999997	1009527.0	2.84	33159450	92.94
Sin-APnd_022-Ex1-6C-lcwgs-1-2.clmp.fp2_r1_screen	16105650	554292.0	3.44	365.0	0.0	0.0	0.0	631.0	0.0	88652.0	0.55	670872.0	4.16	899961.0	5.58	296637.0	1.8399999999999999	589353.0	3.66	335040.0	2.08	442749.0	2.75	370035.0	2.3	14878399	92.38
Sin-APnd_022-Ex1-6C-lcwgs-1-2.clmp.fp2_r2_screen	16105650	556114.0	3.4499999999999997	368.0	0.0	0.0	0.0	134.0	0.0	91976.0	0.5700000000000001	668462.0	4.15	901052.0	5.59	296682.0	1.8399999999999999	591290.0	3.6700000000000004	336528.0	2.09	443364.0	2.76	371903.0	2.3099999999999996	14880010	92.39
Sin-APnd_023-Ex1-6D-lcwgs-1-2.clmp.fp2_r1_screen	31880943	1138033.0	3.5700000000000003	700.0	0.0	0.0	0.0	1678.0	0.01	189296.0	0.59	1288437.0	4.04	1697077.0	5.32	671446.0	2.1	1173049.0	3.68	745508.0	2.3400000000000003	927420.0	2.92	819513.0	2.58	29626960	92.93
Sin-APnd_023-Ex1-6D-lcwgs-1-2.clmp.fp2_r2_screen	31880943	1150821.0	3.6100000000000003	675.0	0.0	0.0	0.0	461.0	0.0	200913.0	0.63	1292867.0	4.05	1709364.0	5.36	681041.0	2.13	1189295.0	3.73	756865.0	2.37	939013.0	2.9499999999999997	832095.0	2.6100000000000003	29617396	92.9
Sin-APnd_024-Ex1-6E-lcwgs-1-2.clmp.fp2_r1_screen	15812192	485034.0	3.0700000000000003	223.0	0.0	0.0	0.0	573.0	0.0	69628.0	0.44	459230.0	2.9000000000000004	747087.0	4.73	253265.0	1.6	500760.0	3.16	288552.0	1.8299999999999998	383907.0	2.4299999999999997	317720.0	2.0100000000000002	14863460	94.0
Sin-APnd_024-Ex1-6E-lcwgs-1-2.clmp.fp2_r2_screen	15812192	489626.0	3.1	233.0	0.0	0.0	0.0	172.0	0.0	73887.0	0.47000000000000003	460774.0	2.92	750927.0	4.75	255562.0	1.6099999999999999	505872.0	3.2	292259.0	1.8499999999999999	387674.0	2.46	321849.0	2.04	14860298	93.98
Sin-APnd_025-Ex1-6F-lcwgs-1-2.clmp.fp2_r1_screen	30461063	708944.0	2.34	223.0	0.0	0.0	0.0	690.0	0.0	120670.0	0.4	579828.0	1.9	1074057.0	3.53	368738.0	1.2000000000000002	719267.0	2.36	424318.0	1.39	553225.0	1.81	464446.0	1.52	29142098	95.67
Sin-APnd_025-Ex1-6F-lcwgs-1-2.clmp.fp2_r2_screen	30461063	715540.0	2.36	220.0	0.0	0.0	0.0	113.0	0.0	127917.0	0.42	584323.0	1.9100000000000001	1082486.0	3.57	374054.0	1.22	726431.0	2.38	430329.0	1.41	559770.0	1.83	471475.0	1.5499999999999998	29136006	95.65
Sin-CPnd_013-Ex1-4E-lcwgs-1-2.clmp.fp2_r1_screen	4414	78.0	1.77	2.0	0.04	0.0	0.0	0.0	0.0	14.0	0.31	970.0	21.979999999999997	334.0	7.58	48.0	1.09	78.0	1.76	42.0	0.95	56.0	1.27	43.0	0.98	3374	76.44
Sin-CPnd_013-Ex1-4E-lcwgs-1-2.clmp.fp2_r2_screen	4414	78.0	1.77	1.0	0.02	0.0	0.0	0.0	0.0	16.0	0.36	958.0	21.7	332.0	7.52	53.0	1.2000000000000002	89.0	2.02	49.0	1.11	63.0	1.43	52.0	1.1700000000000002	3396	76.94
Sin-CPnd_015-Ex1-4A-lcwgs-1-2.clmp.fp2_r1_screen	10370	257.0	2.48	0.0	0.0	0.0	0.0	0.0	0.0	45.0	0.43	241.0	2.33	361.0	3.49	160.0	1.5499999999999998	254.0	2.45	158.0	1.52	201.0	1.94	163.0	1.5699999999999998	9916	95.63
Sin-CPnd_015-Ex1-4A-lcwgs-1-2.clmp.fp2_r2_screen	10370	255.0	2.46	0.0	0.0	0.0	0.0	0.0	0.0	40.0	0.39	240.0	2.3200000000000003	347.0	3.35	156.0	1.51	248.0	2.3899999999999997	156.0	1.5	192.0	1.8499999999999999	161.0	1.5599999999999998	9927	95.73
Sin-CPnd_018-Ex1-11A-lcwgs-1-2.clmp.fp2_r1_screen	177052	4827.0	2.73	3.0	0.0	0.0	0.0	1.0	0.0	911.0	0.51	3823.0	2.16	6851.0	3.8600000000000003	2956.0	1.67	4847.0	2.74	2955.0	1.67	3786.0	2.15	3200.0	1.8	168889	95.39
Sin-CPnd_018-Ex1-11A-lcwgs-1-2.clmp.fp2_r2_screen	177052	4867.0	2.74	2.0	0.0	0.0	0.0	1.0	0.0	927.0	0.52	3792.0	2.14	6828.0	3.86	2946.0	1.6600000000000001	4879.0	2.76	2979.0	1.69	3737.0	2.12	3230.0	1.8199999999999998	168925	95.41
Sin-CPnd_019-Ex1-1H-lcwgs-1-2.clmp.fp2_r1_screen	51173	951.0	1.86	1.0	0.0	0.0	0.0	1.0	0.0	119.0	0.23	559.0	1.09	1311.0	2.55	515.0	1.0	879.0	1.71	509.0	0.99	693.0	1.35	595.0	1.17	49709	97.14
Sin-CPnd_019-Ex1-1H-lcwgs-1-2.clmp.fp2_r2_screen	51173	957.0	1.87	0.0	0.0	0.0	0.0	0.0	0.0	117.0	0.23	573.0	1.12	1283.0	2.51	538.0	1.05	882.0	1.73	526.0	1.03	678.0	1.3299999999999998	592.0	1.1600000000000001	49704	97.13
Sin-CPnd_020-Ex1-12E-lcwgs-1-2.clmp.fp2_r1_screen	213938	4886.0	2.28	6.0	0.0	0.0	0.0	5.0	0.0	568.0	0.27	3633.0	1.7	7223.0	3.38	2642.0	1.23	4694.0	2.19	2673.0	1.25	3640.0	1.7	2905.0	1.3599999999999999	205230	95.93
Sin-CPnd_020-Ex1-12E-lcwgs-1-2.clmp.fp2_r2_screen	213938	4894.0	2.29	6.0	0.0	0.0	0.0	2.0	0.0	592.0	0.27	3616.0	1.69	7194.0	3.3600000000000003	2646.0	1.23	4762.0	2.2199999999999998	2683.0	1.24	3647.0	1.71	2907.0	1.3599999999999999	205316	95.97
Sin-CPnd_021-Ex1-3D-lcwgs-1-2.clmp.fp2_r1_screen	8764	116.0	1.33	0.0	0.0	0.0	0.0	0.0	0.0	2.0	0.02	94.0	1.06	176.0	2.0100000000000002	65.0	0.74	111.0	1.26	64.0	0.73	92.0	1.06	55.0	0.62	8552	97.59
Sin-CPnd_021-Ex1-3D-lcwgs-1-2.clmp.fp2_r2_screen	8764	120.0	1.3699999999999999	0.0	0.0	0.0	0.0	0.0	0.0	5.0	0.06	95.0	1.08	180.0	2.05	67.0	0.76	115.0	1.31	66.0	0.75	83.0	0.94	57.0	0.65	8542	97.47
Sin-CPnd_022-Ex1-1D-lcwgs-1-2.clmp.fp2_r1_screen	37040	793.0	2.1399999999999997	0.0	0.0	0.0	0.0	0.0	0.0	144.0	0.39	475.0	1.29	1112.0	3.0	477.0	1.2799999999999998	774.0	2.09	465.0	1.25	594.0	1.61	505.0	1.3599999999999999	35780	96.6
Sin-CPnd_022-Ex1-1D-lcwgs-1-2.clmp.fp2_r2_screen	37040	805.0	2.1799999999999997	0.0	0.0	0.0	0.0	0.0	0.0	138.0	0.38	489.0	1.31	1099.0	2.97	473.0	1.2799999999999998	769.0	2.08	468.0	1.27	615.0	1.6700000000000002	501.0	1.35	35788	96.62
Sin-CPnd_023-Ex1-12B-lcwgs-1-2.clmp.fp2_r1_screen	170409	4292.0	2.5100000000000002	1.0	0.0	0.0	0.0	3.0	0.0	535.0	0.31	3473.0	2.0300000000000002	6224.0	3.65	2451.0	1.43	4244.0	2.49	2495.0	1.46	3261.0	1.9100000000000001	2621.0	1.54	162808	95.54
Sin-CPnd_023-Ex1-12B-lcwgs-1-2.clmp.fp2_r2_screen	170409	4406.0	2.5900000000000003	3.0	0.0	0.0	0.0	1.0	0.0	569.0	0.34	3570.0	2.1	6285.0	3.68	2500.0	1.47	4326.0	2.54	2561.0	1.4900000000000002	3341.0	1.95	2695.0	1.5799999999999998	162706	95.48
Sin-CPnd_024-Ex1-12C-lcwgs-1-2.clmp.fp2_r1_screen	126089	2990.0	2.37	1.0	0.0	0.0	0.0	3.0	0.0	362.0	0.29000000000000004	2361.0	1.86	4428.0	3.5100000000000002	1646.0	1.3	2945.0	2.34	1629.0	1.29	2270.0	1.81	1789.0	1.42	120704	95.73
Sin-CPnd_024-Ex1-12C-lcwgs-1-2.clmp.fp2_r2_screen	126089	2989.0	2.37	1.0	0.0	0.0	0.0	0.0	0.0	365.0	0.29000000000000004	2395.0	1.9100000000000001	4439.0	3.5300000000000002	1662.0	1.31	3016.0	2.3899999999999997	1686.0	1.3299999999999998	2247.0	1.77	1788.0	1.42	120616	95.66
Sin-CPnd_025-Ex1-3B-lcwgs-1-2.clmp.fp2_r1_screen	16973	383.0	2.26	0.0	0.0	0.0	0.0	0.0	0.0	61.0	0.36	239.0	1.41	488.0	2.88	247.0	1.46	357.0	2.1	226.0	1.3299999999999998	289.0	1.7	240.0	1.4100000000000001	16423	96.76
Sin-CPnd_025-Ex1-3B-lcwgs-1-2.clmp.fp2_r2_screen	16973	375.0	2.2	0.0	0.0	0.0	0.0	0.0	0.0	57.0	0.34	243.0	1.43	488.0	2.88	254.0	1.5	365.0	2.16	236.0	1.4000000000000001	288.0	1.71	249.0	1.4700000000000002	16423	96.76
Sin-CPnd_028-Ex1-12H-lcwgs-1-2.clmp.fp2_r1_screen	250699	6893.0	2.75	8.0	0.0	0.0	0.0	2.0	0.0	1230.0	0.49	4918.0	1.9500000000000002	9451.0	3.77	4155.0	1.66	6661.0	2.66	4195.0	1.6600000000000001	5448.0	2.17	4497.0	1.7899999999999998	239743	95.63
Sin-CPnd_028-Ex1-12H-lcwgs-1-2.clmp.fp2_r2_screen	250699	6974.0	2.77	7.0	0.0	0.0	0.0	0.0	0.0	1284.0	0.51	4958.0	1.98	9566.0	3.8200000000000003	4249.0	1.69	6803.0	2.7199999999999998	4234.0	1.6800000000000002	5461.0	2.18	4622.0	1.8399999999999999	239618	95.58
Sin-CPnd_029-Ex1-4D-lcwgs-1-2.clmp.fp2_r1_screen	10492	159.0	1.51	0.0	0.0	0.0	0.0	1.0	0.01	10.0	0.1	111.0	1.07	221.0	2.0999999999999996	91.0	0.87	152.0	1.46	83.0	0.7899999999999999	112.0	1.07	84.0	0.8099999999999999	10226	97.47
Sin-CPnd_029-Ex1-4D-lcwgs-1-2.clmp.fp2_r2_screen	10492	168.0	1.5999999999999999	0.0	0.0	0.0	0.0	0.0	0.0	13.0	0.12	120.0	1.15	244.0	2.3200000000000003	97.0	0.9299999999999999	162.0	1.5399999999999998	90.0	0.86	119.0	1.1300000000000001	86.0	0.82	10213	97.35
Sin-CPnd_031-Ex1-3G-lcwgs-1-2.clmp.fp2_r1_screen	11204	217.0	1.94	0.0	0.0	0.0	0.0	0.0	0.0	32.0	0.29	128.0	1.14	289.0	2.58	124.0	1.11	203.0	1.81	127.0	1.13	161.0	1.44	138.0	1.23	10874	97.06
Sin-CPnd_031-Ex1-3G-lcwgs-1-2.clmp.fp2_r2_screen	11204	220.0	1.97	0.0	0.0	0.0	0.0	0.0	0.0	36.0	0.32	154.0	1.38	308.0	2.74	152.0	1.3599999999999999	215.0	1.92	144.0	1.29	177.0	1.5799999999999998	160.0	1.42	10862	96.95
Sin-CPnd_032-Ex1-3E-lcwgs-1-2.clmp.fp2_r1_screen	20027	438.0	2.1799999999999997	3.0	0.01	0.0	0.0	0.0	0.0	103.0	0.51	1084.0	5.41	811.0	4.04	278.0	1.3800000000000001	442.0	2.1999999999999997	286.0	1.42	325.0	1.6099999999999999	290.0	1.44	18557	92.66
Sin-CPnd_032-Ex1-3E-lcwgs-1-2.clmp.fp2_r2_screen	20027	450.0	2.24	1.0	0.0	0.0	0.0	0.0	0.0	97.0	0.48	1074.0	5.359999999999999	810.0	4.05	278.0	1.3800000000000001	450.0	2.2399999999999998	288.0	1.44	334.0	1.66	306.0	1.52	18573	92.74
Sin-CPnd_033-Ex1-1B-lcwgs-1-2.clmp.fp2_r1_screen	3935	51.0	1.3	0.0	0.0	0.0	0.0	0.0	0.0	6.0	0.15	33.0	0.85	82.0	2.08	28.0	0.72	55.0	1.41	30.0	0.76	38.0	0.97	27.0	0.69	3844	97.71
Sin-CPnd_033-Ex1-1B-lcwgs-1-2.clmp.fp2_r2_screen	3935	59.0	1.51	0.0	0.0	0.0	0.0	0.0	0.0	9.0	0.23	41.0	1.05	95.0	2.42	40.0	1.02	58.0	1.4800000000000002	42.0	1.0699999999999998	52.0	1.3199999999999998	32.0	0.8200000000000001	3826	97.23
Sin-CPnd_034-Ex1-3C-lcwgs-1-2.clmp.fp2_r1_screen	19198	418.0	2.19	1.0	0.01	0.0	0.0	0.0	0.0	35.0	0.18	259.0	1.3499999999999999	539.0	2.81	250.0	1.3099999999999998	387.0	2.0100000000000002	233.0	1.22	318.0	1.6600000000000001	246.0	1.29	18572	96.74
Sin-CPnd_034-Ex1-3C-lcwgs-1-2.clmp.fp2_r2_screen	19198	410.0	2.14	1.0	0.01	0.0	0.0	0.0	0.0	34.0	0.18	255.0	1.33	550.0	2.8600000000000003	242.0	1.27	389.0	2.04	226.0	1.1800000000000002	291.0	1.52	252.0	1.31	18556	96.66
Sin-CPnd_035-Ex1-12D-lcwgs-1-2.clmp.fp2_r1_screen	218587	5145.0	2.35	4.0	0.0	0.0	0.0	5.0	0.0	615.0	0.28	3769.0	1.72	7347.0	3.36	2826.0	1.29	5049.0	2.3099999999999996	2927.0	1.3499999999999999	3884.0	1.78	3141.0	1.44	209756	95.96
Sin-CPnd_035-Ex1-12D-lcwgs-1-2.clmp.fp2_r2_screen	218587	5046.0	2.3	3.0	0.0	0.0	0.0	2.0	0.0	671.0	0.31	3844.0	1.76	7358.0	3.37	2853.0	1.2999999999999998	5030.0	2.31	2967.0	1.3599999999999999	3928.0	1.8	3207.0	1.46	209799	95.98
Sin-CPnd_038-Ex1-11C-lcwgs-1-2.clmp.fp2_r1_screen	186054	4387.0	2.3600000000000003	3.0	0.0	0.0	0.0	2.0	0.0	674.0	0.37	3416.0	1.83	6271.0	3.3699999999999997	2405.0	1.29	4308.0	2.31	2492.0	1.3399999999999999	3295.0	1.77	2691.0	1.4500000000000002	178388	95.88
Sin-CPnd_038-Ex1-11C-lcwgs-1-2.clmp.fp2_r2_screen	186054	4415.0	2.37	1.0	0.0	0.0	0.0	0.0	0.0	705.0	0.38	3397.0	1.83	6369.0	3.42	2439.0	1.31	4339.0	2.34	2538.0	1.3599999999999999	3311.0	1.78	2746.0	1.48	178351	95.86
Sin-CPnd_039-Ex1-10F-lcwgs-1-2.clmp.fp2_r1_screen	239209	5299.0	2.2199999999999998	13.0	0.0	0.0	0.0	2.0	0.0	895.0	0.38	3935.0	1.6400000000000001	7550.0	3.15	3131.0	1.2999999999999998	5196.0	2.17	3150.0	1.3199999999999998	4029.0	1.7	3362.0	1.4	230262	96.26
Sin-CPnd_039-Ex1-10F-lcwgs-1-2.clmp.fp2_r2_screen	239209	5290.0	2.21	13.0	0.01	0.0	0.0	0.0	0.0	918.0	0.39	3943.0	1.6400000000000001	7558.0	3.1599999999999997	3127.0	1.3199999999999998	5232.0	2.19	3113.0	1.2999999999999998	4041.0	1.69	3334.0	1.3900000000000001	230262	96.26
Sin-CPnd_040-Ex1-11E-lcwgs-1-2.clmp.fp2_r1_screen	173657	4516.0	2.61	1.0	0.0	0.0	0.0	5.0	0.0	615.0	0.36	3554.0	2.05	6632.0	3.81	2430.0	1.3900000000000001	4529.0	2.61	2520.0	1.45	3467.0	2.0	2687.0	1.5399999999999998	165547	95.33
Sin-CPnd_040-Ex1-11E-lcwgs-1-2.clmp.fp2_r2_screen	173657	4578.0	2.63	3.0	0.0	0.0	0.0	2.0	0.0	639.0	0.37	3562.0	2.04	6614.0	3.81	2464.0	1.43	4485.0	2.58	2589.0	1.5	3472.0	2.01	2732.0	1.5699999999999998	165564	95.34
Sin-CPnd_042-Ex1-10D-lcwgs-1-2.clmp.fp2_r1_screen	125629	2995.0	2.38	7.0	0.01	0.0	0.0	1.0	0.0	256.0	0.2	2438.0	1.9400000000000002	4444.0	3.5300000000000002	1669.0	1.3299999999999998	3029.0	2.41	1745.0	1.3900000000000001	2312.0	1.84	1813.0	1.4300000000000002	120189	95.67
Sin-CPnd_042-Ex1-10D-lcwgs-1-2.clmp.fp2_r2_screen	125629	2998.0	2.38	4.0	0.0	0.0	0.0	0.0	0.0	259.0	0.2	2414.0	1.9300000000000002	4474.0	3.56	1641.0	1.3099999999999998	3014.0	2.4	1712.0	1.35	2317.0	1.84	1783.0	1.42	120176	95.66
Sin-CPnd_043-Ex1-1C-lcwgs-1-2.clmp.fp2_r1_screen	61739	1623.0	2.63	0.0	0.0	0.0	0.0	0.0	0.0	434.0	0.7	1032.0	1.68	2081.0	3.37	1038.0	1.6800000000000002	1540.0	2.49	1011.0	1.6400000000000001	1264.0	2.04	1126.0	1.8199999999999998	59429	96.26
Sin-CPnd_043-Ex1-1C-lcwgs-1-2.clmp.fp2_r2_screen	61739	1609.0	2.61	0.0	0.0	0.0	0.0	0.0	0.0	400.0	0.65	1007.0	1.63	2069.0	3.3499999999999996	1011.0	1.6400000000000001	1497.0	2.4299999999999997	1013.0	1.64	1263.0	2.05	1101.0	1.7799999999999998	59417	96.24
Sin-CPnd_044-Ex1-2C-lcwgs-1-2.clmp.fp2_r1_screen	4561	119.0	2.61	0.0	0.0	0.0	0.0	0.0	0.0	5.0	0.11	81.0	1.77	157.0	3.45	68.0	1.49	105.0	2.3	71.0	1.56	91.0	2.0	59.0	1.3	4385	96.16
Sin-CPnd_044-Ex1-2C-lcwgs-1-2.clmp.fp2_r2_screen	4561	114.0	2.5	0.0	0.0	0.0	0.0	0.0	0.0	4.0	0.09	71.0	1.56	156.0	3.4299999999999997	62.0	1.3599999999999999	103.0	2.25	69.0	1.5099999999999998	96.0	2.11	55.0	1.2100000000000002	4384	96.14
Sin-CPnd_045-Ex1-11H-lcwgs-1-2.clmp.fp2_r1_screen	3517729	78525.0	2.24	106.0	0.0	0.0	0.0	12.0	0.0	19148.0	0.55	51863.0	1.48	106944.0	3.04	47427.0	1.34	75206.0	2.1399999999999997	48682.0	1.3900000000000001	60353.0	1.71	53432.0	1.5100000000000002	3394960	96.51
Sin-CPnd_045-Ex1-11H-lcwgs-1-2.clmp.fp2_r2_screen	3517729	79144.0	2.25	103.0	0.0	0.0	0.0	2.0	0.0	19742.0	0.56	52683.0	1.5	108246.0	3.07	48270.0	1.37	76120.0	2.16	49844.0	1.42	61252.0	1.73	54539.0	1.54	3393904	96.48
Sin-CPnd_049-Ex1-4C-lcwgs-1-2.clmp.fp2_r1_screen	7078	227.0	3.21	0.0	0.0	0.0	0.0	0.0	0.0	15.0	0.21	164.0	2.32	291.0	4.109999999999999	144.0	2.03	204.0	2.88	128.0	1.81	174.0	2.46	119.0	1.6800000000000002	6741	95.24
Sin-CPnd_049-Ex1-4C-lcwgs-1-2.clmp.fp2_r2_screen	7078	232.0	3.2800000000000002	0.0	0.0	0.0	0.0	0.0	0.0	18.0	0.25	164.0	2.3099999999999996	290.0	4.1000000000000005	137.0	1.94	209.0	2.96	130.0	1.8399999999999999	174.0	2.45	121.0	1.71	6756	95.46
Sin-CPnd_050-Ex1-9B-lcwgs-1-2.clmp.fp2_r1_screen	166622	4077.0	2.45	4.0	0.0	0.0	0.0	5.0	0.0	449.0	0.27	3412.0	2.05	6050.0	3.63	2262.0	1.35	4179.0	2.51	2391.0	1.4300000000000002	3150.0	1.8900000000000001	2472.0	1.48	159240	95.57
Sin-CPnd_050-Ex1-9B-lcwgs-1-2.clmp.fp2_r2_screen	166622	4138.0	2.48	4.0	0.0	0.0	0.0	2.0	0.0	489.0	0.29	3458.0	2.08	6081.0	3.65	2315.0	1.3900000000000001	4190.0	2.51	2408.0	1.44	3201.0	1.93	2552.0	1.5299999999999998	159223	95.56
Sin-CPnd_051-Ex1-12G-lcwgs-1-2.clmp.fp2_r1_screen	191770	4719.0	2.47	4.0	0.0	0.0	0.0	8.0	0.0	540.0	0.29000000000000004	3467.0	1.8	6893.0	3.6	2579.0	1.3399999999999999	4610.0	2.41	2637.0	1.37	3543.0	1.85	2859.0	1.49	183504	95.69
Sin-CPnd_051-Ex1-12G-lcwgs-1-2.clmp.fp2_r2_screen	191770	4786.0	2.5	4.0	0.0	0.0	0.0	1.0	0.0	587.0	0.3	3536.0	1.84	6928.0	3.62	2649.0	1.38	4722.0	2.47	2681.0	1.4	3598.0	1.87	2924.0	1.52	183428	95.65
Sin-CPnd_053-Ex1-9G-lcwgs-1-2.clmp.fp2_r1_screen	206851	4710.0	2.29	2.0	0.0	0.0	0.0	5.0	0.0	417.0	0.2	3563.0	1.72	7035.0	3.4	2503.0	1.21	4732.0	2.29	2612.0	1.2599999999999998	3558.0	1.72	2793.0	1.3499999999999999	198473	95.95
Sin-CPnd_053-Ex1-9G-lcwgs-1-2.clmp.fp2_r2_screen	206851	4780.0	2.31	1.0	0.0	0.0	0.0	1.0	0.0	461.0	0.23	3580.0	1.74	7187.0	3.48	2541.0	1.2200000000000002	4769.0	2.31	2656.0	1.27	3654.0	1.77	2836.0	1.3699999999999999	198328	95.88
Sin-CPnd_058-Ex1-9D-lcwgs-1-2.clmp.fp2_r1_screen	155466	3691.0	2.37	0.0	0.0	0.0	0.0	3.0	0.0	352.0	0.23	3047.0	1.96	5569.0	3.58	2007.0	1.29	3775.0	2.4400000000000004	2116.0	1.35	2865.0	1.85	2227.0	1.4300000000000002	148765	95.69
Sin-CPnd_058-Ex1-9D-lcwgs-1-2.clmp.fp2_r2_screen	155466	3683.0	2.37	0.0	0.0	0.0	0.0	0.0	0.0	401.0	0.26	3062.0	1.97	5573.0	3.58	2027.0	1.2999999999999998	3778.0	2.44	2154.0	1.3800000000000001	2849.0	1.83	2287.0	1.46	148765	95.69
Sin-CPnd_061-Ex1-9A-lcwgs-1-2.clmp.fp2_r1_screen	167681	4153.0	2.48	1.0	0.0	0.0	0.0	3.0	0.0	620.0	0.37	3237.0	1.93	6003.0	3.5900000000000003	2483.0	1.48	4173.0	2.49	2497.0	1.4900000000000002	3179.0	1.89	2666.0	1.5899999999999999	160554	95.75
Sin-CPnd_061-Ex1-9A-lcwgs-1-2.clmp.fp2_r2_screen	167681	4169.0	2.48	1.0	0.0	0.0	0.0	2.0	0.0	631.0	0.38	3247.0	1.93	6022.0	3.6	2443.0	1.4500000000000002	4176.0	2.49	2494.0	1.48	3238.0	1.94	2646.0	1.5799999999999998	160571	95.76
Sin-CPnd_062-Ex1-11D-lcwgs-1-2.clmp.fp2_r1_screen	189930	5163.0	2.7199999999999998	3.0	0.0	0.0	0.0	1.0	0.0	723.0	0.38	4071.0	2.14	7388.0	3.88	2802.0	1.4700000000000002	5125.0	2.7	2985.0	1.5699999999999998	3997.0	2.1	3269.0	1.73	180984	95.29
Sin-CPnd_062-Ex1-11D-lcwgs-1-2.clmp.fp2_r2_screen	189930	5221.0	2.75	2.0	0.0	0.0	0.0	1.0	0.0	784.0	0.42	4128.0	2.17	7466.0	3.9299999999999997	2877.0	1.5100000000000002	5213.0	2.75	3110.0	1.64	4056.0	2.14	3359.0	1.76	180908	95.25
Sin-CPnd_063-Ex1-9F-lcwgs-1-2.clmp.fp2_r1_screen	165458	3322.0	2.01	0.0	0.0	0.0	0.0	1.0	0.0	362.0	0.22	2616.0	1.5799999999999998	5001.0	3.02	1798.0	1.0899999999999999	3344.0	2.02	1842.0	1.11	2502.0	1.51	1953.0	1.17	159369	96.32
Sin-CPnd_063-Ex1-9F-lcwgs-1-2.clmp.fp2_r2_screen	165458	3310.0	2.01	0.0	0.0	0.0	0.0	1.0	0.0	383.0	0.23	2650.0	1.5999999999999999	4997.0	3.02	1798.0	1.08	3337.0	2.01	1865.0	1.12	2500.0	1.51	1960.0	1.1800000000000002	159418	96.35
Sin-CPnd_065-Ex1-11B-lcwgs-1-2.clmp.fp2_r1_screen	195576	5109.0	2.61	1.0	0.0	0.0	0.0	0.0	0.0	678.0	0.34	4173.0	2.13	7397.0	3.79	2878.0	1.4700000000000002	5048.0	2.58	2968.0	1.52	3867.0	1.98	3220.0	1.65	186501	95.36
Sin-CPnd_065-Ex1-11B-lcwgs-1-2.clmp.fp2_r2_screen	195576	5073.0	2.6	3.0	0.0	0.0	0.0	1.0	0.0	751.0	0.39	4169.0	2.13	7442.0	3.81	2890.0	1.48	5046.0	2.58	3029.0	1.54	3909.0	2.0	3243.0	1.65	186559	95.39
Sin-CPnd_067-Ex1-9C-lcwgs-1-2.clmp.fp2_r1_screen	149740	3421.0	2.29	2.0	0.0	0.0	0.0	2.0	0.0	345.0	0.23	2661.0	1.78	5147.0	3.4299999999999997	1822.0	1.2200000000000002	3447.0	2.3	1862.0	1.2400000000000002	2567.0	1.73	1977.0	1.3199999999999998	143540	95.86
Sin-CPnd_067-Ex1-9C-lcwgs-1-2.clmp.fp2_r2_screen	149740	3430.0	2.3	2.0	0.0	0.0	0.0	1.0	0.0	410.0	0.27	2708.0	1.8	5130.0	3.42	1854.0	1.2400000000000002	3469.0	2.32	1895.0	1.2599999999999998	2615.0	1.74	2004.0	1.3399999999999999	143555	95.87
Sin-CPnd_074-Ex1-12A-lcwgs-1-2.clmp.fp2_r1_screen	144377	3907.0	2.7	1.0	0.0	0.0	0.0	1.0	0.0	650.0	0.45	3032.0	2.1	5535.0	3.84	2384.0	1.64	3847.0	2.66	2320.0	1.6099999999999999	3013.0	2.08	2523.0	1.7400000000000002	137778	95.43
Sin-CPnd_074-Ex1-12A-lcwgs-1-2.clmp.fp2_r2_screen	144377	4014.0	2.78	1.0	0.0	0.0	0.0	0.0	0.0	691.0	0.48	3025.0	2.1	5623.0	3.9	2388.0	1.66	3914.0	2.71	2412.0	1.67	3064.0	2.12	2552.0	1.77	137721	95.39
Sin-CPnd_075-Ex1-11G-lcwgs-1-2.clmp.fp2_r1_screen	227237	5483.0	2.42	2.0	0.0	0.0	0.0	3.0	0.0	600.0	0.26	4048.0	1.79	8225.0	3.6300000000000003	2874.0	1.2599999999999998	5627.0	2.48	3065.0	1.35	4140.0	1.82	3314.0	1.45	217397	95.67
Sin-CPnd_075-Ex1-11G-lcwgs-1-2.clmp.fp2_r2_screen	227237	5573.0	2.46	3.0	0.0	0.0	0.0	0.0	0.0	668.0	0.3	4110.0	1.81	8347.0	3.67	2936.0	1.29	5613.0	2.47	3137.0	1.38	4240.0	1.87	3343.0	1.4700000000000002	217261	95.61
Sin-CPnd_076-Ex1-10E-lcwgs-1-2.clmp.fp2_r1_screen	255331	5654.0	2.2199999999999998	2.0	0.0	0.0	0.0	3.0	0.0	754.0	0.3	3932.0	1.54	8190.0	3.21	3085.0	1.2000000000000002	5516.0	2.16	3160.0	1.2300000000000002	4218.0	1.65	3466.0	1.3599999999999999	245679	96.22
Sin-CPnd_076-Ex1-10E-lcwgs-1-2.clmp.fp2_r2_screen	255331	5703.0	2.23	3.0	0.0	0.0	0.0	0.0	0.0	750.0	0.3	3878.0	1.52	8245.0	3.23	3064.0	1.1900000000000002	5582.0	2.1799999999999997	3180.0	1.25	4252.0	1.67	3483.0	1.37	245628	96.2
Sin-CPnd_079-Ex1-9H-lcwgs-1-2.clmp.fp2_r1_screen	168460	4156.0	2.47	3.0	0.0	0.0	0.0	5.0	0.0	447.0	0.27	3069.0	1.81	6069.0	3.6	2219.0	1.31	4205.0	2.5	2308.0	1.37	3197.0	1.8900000000000001	2441.0	1.45	161216	95.7
Sin-CPnd_079-Ex1-9H-lcwgs-1-2.clmp.fp2_r2_screen	168460	4129.0	2.4499999999999997	3.0	0.0	0.0	0.0	1.0	0.0	444.0	0.26	3069.0	1.81	6121.0	3.6300000000000003	2173.0	1.2799999999999998	4175.0	2.48	2296.0	1.3599999999999999	3141.0	1.87	2412.0	1.44	161216	95.7
Sin-CPnd_080-Ex1-2E-lcwgs-1-2.clmp.fp2_r1_screen	9587	261.0	2.7199999999999998	0.0	0.0	0.0	0.0	0.0	0.0	60.0	0.63	587.0	6.129999999999999	453.0	4.720000000000001	174.0	1.81	259.0	2.7	167.0	1.74	208.0	2.17	185.0	1.9300000000000002	8812	91.92
Sin-CPnd_080-Ex1-2E-lcwgs-1-2.clmp.fp2_r2_screen	9587	269.0	2.8	0.0	0.0	0.0	0.0	0.0	0.0	69.0	0.72	582.0	6.08	457.0	4.779999999999999	181.0	1.8800000000000001	281.0	2.9299999999999997	179.0	1.86	218.0	2.27	200.0	2.09	8804	91.84
Sin-CPnd_081-Ex1-10G-lcwgs-1-2.clmp.fp2_r1_screen	241709	5584.0	2.31	21.0	0.01	0.0	0.0	7.0	0.0	781.0	0.33	4452.0	1.84	8059.0	3.33	3301.0	1.3599999999999999	5563.0	2.3	3293.0	1.35	4242.0	1.75	3496.0	1.45	231895	95.94
Sin-CPnd_081-Ex1-10G-lcwgs-1-2.clmp.fp2_r2_screen	241709	5640.0	2.33	19.0	0.01	0.0	0.0	0.0	0.0	807.0	0.34	4551.0	1.8800000000000001	8095.0	3.3499999999999996	3378.0	1.4	5657.0	2.34	3386.0	1.4	4390.0	1.82	3589.0	1.49	231871	95.93
Sin-CPnd_085-Ex1-4H-lcwgs-1-2.clmp.fp2_r1_screen	173177	4085.0	2.36	3.0	0.0	0.0	0.0	2.0	0.0	804.0	0.46	2422.0	1.3900000000000001	5404.0	3.12	2471.0	1.4200000000000002	3857.0	2.2199999999999998	2413.0	1.4	3076.0	1.79	2650.0	1.5299999999999998	167150	96.52
Sin-CPnd_085-Ex1-4H-lcwgs-1-2.clmp.fp2_r2_screen	173177	4051.0	2.33	1.0	0.0	0.0	0.0	0.0	0.0	833.0	0.48	2478.0	1.44	5443.0	3.14	2484.0	1.4300000000000002	3901.0	2.25	2444.0	1.4100000000000001	3139.0	1.81	2734.0	1.5699999999999998	167115	96.5
Sin-CPnd_088-Ex1-2D-lcwgs-1-2.clmp.fp2_r1_screen	6576	98.0	1.49	1.0	0.02	0.0	0.0	0.0	0.0	7.0	0.11	64.0	0.98	135.0	2.06	67.0	1.03	104.0	1.5799999999999998	49.0	0.74	69.0	1.06	55.0	0.8400000000000001	6408	97.46
Sin-CPnd_088-Ex1-2D-lcwgs-1-2.clmp.fp2_r2_screen	6576	108.0	1.65	1.0	0.02	0.0	0.0	0.0	0.0	9.0	0.14	68.0	1.04	143.0	2.18	63.0	0.97	102.0	1.56	53.0	0.81	78.0	1.19	60.0	0.92	6405	97.41
Sin-CPnd_089-Ex1-9E-lcwgs-1-2.clmp.fp2_r1_screen	211985	4891.0	2.3	13.0	0.01	0.0	0.0	1.0	0.0	551.0	0.26	3813.0	1.8	7111.0	3.36	2628.0	1.25	4776.0	2.26	2703.0	1.2799999999999998	3563.0	1.68	2893.0	1.3599999999999999	203314	95.91
Sin-CPnd_089-Ex1-9E-lcwgs-1-2.clmp.fp2_r2_screen	211985	4910.0	2.31	17.0	0.01	0.0	0.0	0.0	0.0	602.0	0.29000000000000004	3836.0	1.81	7139.0	3.3699999999999997	2675.0	1.2599999999999998	4831.0	2.2800000000000002	2716.0	1.2799999999999998	3638.0	1.73	2969.0	1.4	203230	95.87
Sin-CPnd_090-Ex1-12F-lcwgs-1-2.clmp.fp2_r1_screen	1068742	26973.0	2.5300000000000002	8.0	0.0	0.0	0.0	6.0	0.0	5221.0	0.49	16810.0	1.58	36191.0	3.38	15871.0	1.4900000000000002	25135.0	2.36	15408.0	1.44	20167.0	1.8900000000000001	17204.0	1.6099999999999999	1027381	96.13
Sin-CPnd_090-Ex1-12F-lcwgs-1-2.clmp.fp2_r2_screen	1068742	27231.0	2.55	13.0	0.0	0.0	0.0	0.0	0.0	5460.0	0.51	16927.0	1.58	36398.0	3.41	16025.0	1.49	25362.0	2.38	15581.0	1.46	20369.0	1.9100000000000001	17406.0	1.62	1027167	96.11
Sin-CPnd_092-Ex1-11F-lcwgs-1-2.clmp.fp2_r1_screen	167475	3518.0	2.09	3.0	0.0	0.0	0.0	4.0	0.0	542.0	0.32	2892.0	1.73	5222.0	3.13	1986.0	1.19	3500.0	2.09	2059.0	1.23	2694.0	1.61	2188.0	1.2999999999999998	161110	96.2
Sin-CPnd_092-Ex1-11F-lcwgs-1-2.clmp.fp2_r2_screen	167475	3579.0	2.13	5.0	0.0	0.0	0.0	0.0	0.0	581.0	0.34	2901.0	1.74	5253.0	3.1399999999999997	2011.0	1.2000000000000002	3596.0	2.1500000000000004	2090.0	1.2400000000000002	2749.0	1.6400000000000001	2240.0	1.3399999999999999	160993	96.13
Sin-CPnd_093-Ex1-10C-lcwgs-1-2.clmp.fp2_r1_screen	185707	3985.0	2.1500000000000004	2.0	0.0	0.0	0.0	1.0	0.0	536.0	0.29000000000000004	2896.0	1.5499999999999998	5787.0	3.12	2273.0	1.2200000000000002	3969.0	2.14	2280.0	1.2200000000000002	2966.0	1.59	2429.0	1.2999999999999998	178854	96.31
Sin-CPnd_093-Ex1-10C-lcwgs-1-2.clmp.fp2_r2_screen	185707	4030.0	2.1799999999999997	2.0	0.0	0.0	0.0	0.0	0.0	572.0	0.31	2873.0	1.54	5816.0	3.13	2279.0	1.2200000000000002	3917.0	2.1100000000000003	2269.0	1.2200000000000002	3005.0	1.62	2454.0	1.3199999999999998	178835	96.3
Sin-CPnd_094-Ex1-3H-lcwgs-1-2.clmp.fp2_r1_screen	546124	10170.0	1.87	6.0	0.0	0.0	0.0	0.0	0.0	1383.0	0.26	5643.0	1.03	13904.0	2.54	5450.0	1.0	9481.0	1.73	5560.0	1.02	7447.0	1.37	6311.0	1.15	530122	97.07
Sin-CPnd_094-Ex1-3H-lcwgs-1-2.clmp.fp2_r2_screen	546124	10166.0	1.86	5.0	0.0	0.0	0.0	0.0	0.0	1467.0	0.27	5680.0	1.04	14123.0	2.58	5484.0	1.0	9584.0	1.75	5626.0	1.03	7381.0	1.35	6402.0	1.17	530013	97.05
Sin-CPnd_095-Ex1-2B-lcwgs-1-2.clmp.fp2_r1_screen	104807	3814.0	3.63	0.0	0.0	0.0	0.0	0.0	0.0	541.0	0.52	1631.0	1.5599999999999998	3804.0	3.63	1638.0	1.56	2625.0	2.5	1604.0	1.5299999999999998	2042.0	1.94	1792.0	1.71	99681	95.11
Sin-CPnd_095-Ex1-2B-lcwgs-1-2.clmp.fp2_r2_screen	104807	3842.0	3.67	0.0	0.0	0.0	0.0	0.0	0.0	553.0	0.53	1616.0	1.5499999999999998	3851.0	3.6799999999999997	1658.0	1.58	2653.0	2.53	1601.0	1.5299999999999998	2043.0	1.95	1785.0	1.7000000000000002	99671	95.1
Undetermined.clmp.fp2_r1_screen	137312230	3592010.0	2.62	2932.0	0.0	1837.0	0.0	19007.0	0.01	408788.0	0.3	4308129.0	3.1400000000000006	5577092.0	4.0600000000000005	1985198.0	1.44	3661262.0	2.67	2206607.0	1.6099999999999999	2815899.0	2.06	2266738.0	1.65	129650207	94.42
Undetermined.clmp.fp2_r2_screen	137312230	3691062.0	2.69	2867.0	0.0	1819.0	0.0	5641.0	0.0	500411.0	0.37	4366394.0	3.18	5657587.0	4.12	2069401.0	1.5	3758181.0	2.74	2305724.0	1.69	2917568.0	2.13	2369311.0	1.72	129581551	94.37
