region	chr	midPos	Nsites
(2,5)(31495,31525)(10000,60000)	NODE_1575_length_32856_cov_13.426810	35000	5	0.001959
(4,24)(24020,28093)(10000,60000)	NODE_2353_length_28107_cov_61.481862	35000	22	0.016996
(7,10)(16818,17033)(10000,60000)	NODE_3231_length_24695_cov_34.928200	35000	5	0.186173
(17,19)(14094,15488)(10000,60000)	NODE_3388_length_24203_cov_105.679389	35000	4	0.000770
(2,5)(14370,14417)(10000,60000)	NODE_3433_length_24072_cov_49.095649	35000	5	0.025316
(2,11)(17897,18402)(10000,60000)	NODE_3507_length_23773_cov_25.324744	35000	11	0.122614
(5,10)(20924,20958)(20000,70000)	NODE_4536_length_21141_cov_36.345452	45000	7	0.050577
(22,24)(19546,19557)(10000,60000)	NODE_4549_length_21107_cov_17.952685	35000	4	0.002656
(14,14)(20788,20788)(10000,60000)	NODE_4666_length_20852_cov_28.856744	35000	2	0.060911
(7,8)(20404,20435)(10000,60000)	NODE_4848_length_20482_cov_8.248393	35000	3	0.006616
(5,7)(20095,20122)(10000,60000)	NODE_5015_length_20151_cov_12.964841	35000	4	0.015993
